4.3377256689
-3.29306442954
2.36639523244
1.12925537338
3.83529252729
1.68450496903
3.82074667067
5.33668940864
4.00602122575
6.48385896819
5.45920071591
5.21824481625
5.56987845208
3.69606987755
8.72481370637
4.14864082139
8.50300393943
2.97067898651
8.31994575804
5.24126919668
5.82213712548
3.25419023495
4.12127412674
11.2587446225
9.53986455729
3.80849560911
7.69912860331
6.98738986295
8.6891189172
6.49579689596
1.51593880413
4.31318403113
3.75016977047
9.15809196891
5.47208587172
8.0861356766
10.101370215
4.52313801612
5.04049162053
2.70722034841
6.1863323125
9.44972867351
11.3423994609
12.4596328128
8.38117043171
12.4541810627
12.3514618725
7.89168211218
6.38278308744
9.44588493883
8.88957768532
7.69905783841
14.8654308172
9.10326676993
6.23307543115
9.73115630048
3.01215036489
8.32555218743
12.2469271757
8.71574198289
6.77924495015
9.43124005848
9.21535038065
4.48632129394
12.4410236801
9.86335355095
5.15240048313
11.3918616977
4.86650437725
6.20821472749
6.82190476474
10.4528810002
7.94170256532
2.66890415685
9.583574563
13.9086047667
4.1879450793
4.59917471703
-0.908909717536
4.50938877086
3.73380939336
3.34158831726
6.26079007669
7.5237169672
6.68643990402
7.40761961134
5.96415313449
4.89973539481
0.674051265132
4.00877172821
6.83437960069
-1.71473591715
0.688845852303
3.5616196622
1.12562619283
-4.95180670129
2.42110064209
-2.75960927338
-0.732963876325
0.648873955217
-3.34730310303
-1.10306344651
-0.533311492662
0.167946076052
-0.472867663118
-2.97646835454
-2.37824261799
-1.85879878411
-4.94083654738
-3.05627692654
-2.07446457065
-3.31588809735
-4.38252902305
-2.29576212166
-4.32864362532
-7.20168261017
-8.28063993918
-8.9944404623
-6.26039776443
-7.16175938607
-9.58213327871
-3.30371855788
-7.84046713761
-5.05428968559
-6.99720444873
-4.28235702251
-8.18883024581
-8.29749779458
-2.93769606559
-13.2994074715
-11.4834217038
-8.39859568417
-14.6161945272
-7.21261810526
-6.51077822178
-9.31074285598
-6.50764337406
-6.10394588444
-13.5031351265
-11.4737758642
-16.3428822849
-14.6964664003
-5.99745537077
-9.5073507274
-8.70869404387
-8.7705166021
-13.3870216797
-2.75900151869
-12.9286781136
-11.7709557397
-9.06476129496
-13.0020916819
-7.44780854616
-4.86198317528
-11.2219891367
-9.40264470659
-10.6817128795
-10.8911141487
-7.91335512569
-12.0464373423
-9.68772359753
-3.42356140063
-12.9160794395
-6.4376032351
-10.9039591137
-7.1910859385
-7.97995184081
-5.26136691446
-11.8406157847
-2.38655717152
-9.08635528839
-9.58844852188
-12.7774993162
-12.7022106259
-7.37378240009
-3.6596689333
-2.37826274206
-8.12844909492
-10.0113442042
-5.05174064168
-5.42794109809
-6.56417203568
-7.45861844528
-1.76144041298
-4.06441923702
-4.33111330015
-5.49711795294
-4.14070474594
-2.52979750758
-2.2539073393
-5.43473815586
-5.4000295939
-0.143750251905
-0.417590865248
-6.15905398607
-0.676476410972
-1.57234095874
-3.82444545653
0.913314232387
-0.327552656382
