-0.15227894732
-1.18298035839
-2.9933225917
0.00531323750736
3.55567246812
2.29800416705
2.07807422975
-0.987284216106
1.57368076274
-0.220886494438
-1.80964855403
-2.54210666881
6.67784393992
2.1572951936
3.97401748232
1.83199309898
1.04914630325
3.72327162214
6.35463833629
6.74514577745
7.20928199796
6.13333799442
8.09057576187
7.07188543182
10.6159255076
6.67392299283
8.61668884941
5.20339899607
10.7356378486
9.09208610506
8.65018151283
5.6001212977
13.6045118431
6.90605290519
10.0150813408
9.7071872456
7.93034761981
9.76057147685
10.2710165216
11.9831105599
7.12920629939
5.8389486783
9.4197956635
12.5958676035
9.92179089601
14.3752152469
12.9657321624
13.6165570978
7.7801537119
8.18996853772
10.8724330719
12.3718878497
11.7796773191
15.6535390434
10.986143451
11.6938329608
10.3952456854
11.0822757337
7.12575504968
10.2419241488
13.3378576434
9.78195034698
7.87422277431
5.96241001699
12.5165385037
6.01380677894
7.82184159709
10.6653578149
6.11623951584
7.37213904663
8.91725381886
8.73701512033
5.51237694702
6.7562526717
8.62123135384
5.22603836699
7.86310676884
4.58289246318
3.12401290635
6.01629268456
1.56034043056
2.88058205769
8.85167929883
3.06056216733
7.46687729106
4.93998638999
5.18137149467
5.51891459228
3.52524459493
5.72982527549
2.32737338464
5.41087313335
-2.08200976779
1.11899753895
-1.18540113057
4.25389022962
2.90358340257
2.2505517104
-3.34972849597
1.85804936354
-2.21467123515
2.34937983846
-1.56169347415
0.0599801527211
-4.2164308088
-5.70478259816
-4.55228667864
0.0580915231131
-1.99273133309
-4.77894100052
-4.99060855526
-6.26266895729
-4.54257818189
0.139270013434
-5.40871206681
-2.56062480519
-5.32177284119
-8.09579401959
-3.39153629746
-11.4570381702
-9.32708212504
-5.58473613854
-8.63035767737
-4.49312686987
-3.4695833125
-3.25919050987
-10.3049304891
-9.37265793247
-12.0801895525
-3.9000230333
-5.49849211733
-8.04346242742
-9.20766573721
-4.72783421329
-3.98713454195
-9.9141774549
-10.4752111385
-10.2543970496
-9.59055923635
-10.2352658562
-10.8122694027
-10.279790609
-8.15908715804
-9.3382932337
-12.2711260737
-9.45493303864
-6.61813434644
-13.9391639821
-17.0024158962
-9.70247582729
-9.49687685774
-7.92906565921
-15.5894171987
-7.32622176655
-9.59676155821
-4.69168267335
-10.6250084131
-6.75058179475
-9.79190581499
-7.82238237174
-10.9853020159
-1.82173148794
-10.0829154485
-10.5498192901
-8.81401154646
-5.03421587657
-10.5229717649
-11.3361190209
-9.7275268985
-9.1562529159
-5.77898907021
-7.07871192188
-7.98029060729
-6.52474319401
-7.82123950636
-5.16057191569
-10.8780837199
-4.89148472045
-7.22658355512
-7.22968436717
-5.42160763288
-4.05506093317
-6.75159716971
-6.66464210376
-2.80836019625
-0.484738837081
-7.11087059275
-6.17366298481
-1.91884969568
-3.30422698375
-2.74174571287
-2.90407503535
-1.50522465063
-1.78138627882
1.50650926427
-3.73330543121
1.63669393699
1.80663490995
0.887242249619
1.66104614839
