-2.125893
1.606344
0.808816
0.016412
-0.097536
-0.541392
4.297788
0.579068
0.772820
3.367822
2.134067
6.232464
1.824574
5.128264
3.214944
4.667258
6.667913
5.250905
5.579479
7.638105
3.969818
3.510535
3.960816
6.012740
8.410379
6.551209
5.989522
10.433917
10.590029
9.758780
8.260797
7.621227
11.322087
7.304740
10.941100
11.130418
6.599335
7.969940
11.667173
9.709246
12.391493
10.640601
10.805882
9.931957
8.747689
7.604362
8.265726
10.935606
8.754826
8.045700
12.857112
11.798076
8.813545
8.880862
11.977398
10.905928
9.389189
8.265306
12.219591
9.005345
8.723193
9.615397
12.052921
10.181206
8.079506
6.371495
8.580763
9.722721
5.834246
5.423360
9.309341
10.321376
8.082280
9.997507
6.594345
8.068401
6.434470
6.603328
6.837827
7.530867
6.093459
6.262710
7.193162
4.713195
2.698939
1.587775
4.335869
3.177352
5.944442
3.433922
4.969273
3.680215
2.070500
2.922420
2.972742
2.164740
2.897855
-2.138364
-0.453744
-1.983417
2.476259
0.076675
-1.090057
-1.080677
-4.347993
-1.311737
-3.588365
-1.286697
-1.291589
-1.889090
-5.591874
-4.519244
-3.216822
-4.617052
-3.060346
-4.215658
-4.057317
-5.739297
-6.663746
-6.377600
-5.391558
-7.782492
-4.402175
-6.636348
-5.319842
-5.645137
-5.894010
-10.420145
-6.856905
-8.245937
-10.513293
-6.000682
-8.255538
-6.432363
-7.580611
-7.328129
-9.266950
-11.654188
-6.926501
-10.816915
-9.675696
-8.468603
-9.610210
-11.898763
-7.166323
-9.989742
-9.689084
-7.205963
-10.947885
-12.076672
-7.112366
-7.119101
-9.249241
-8.769618
-7.243009
-11.754684
-7.382723
-10.091756
-6.810123
-7.139489
-8.888107
-9.168116
-6.563401
-10.520039
-9.460910
-10.365130
-7.653286
-8.110536
-5.282736
-11.029867
-5.626972
-4.856776
-6.787385
-6.760846
-7.815781
-6.573402
-8.797689
-7.310045
-7.765775
-7.722301
-4.013508
-7.243033
-4.582256
-3.261785
-7.315543
-5.284759
-2.305270
-4.615357
-3.583575
-4.146278
-3.079599
-1.677074
0.034192
-0.948872
0.635569
-3.282226
-3.508544
2.114531
-0.168046
2.549508
