1.101517
2.432947
-0.241880
2.421640
1.239552
2.111486
4.875660
1.522837
4.524983
1.106039
3.467386
3.752176
5.302493
4.460077
5.048345
5.026653
2.499101
3.965899
7.996277
4.095143
6.312648
8.455077
9.491000
8.939565
6.498872
8.775422
4.633429
6.150311
8.940469
7.960649
10.608639
9.733910
6.698364
7.234321
7.594808
7.793136
9.795435
11.733263
8.407017
8.989618
11.951262
12.151730
9.199007
11.549095
10.217495
10.437170
6.965521
12.868240
8.717575
11.806104
8.360274
11.460839
10.473745
11.046437
10.427353
10.572584
10.780400
11.325476
11.500934
9.152087
8.489541
9.287141
7.671273
6.926386
7.856378
7.199581
10.668931
7.130749
6.316671
6.789549
10.030412
6.706376
9.868446
6.923109
9.229694
4.321284
3.771442
6.786450
5.203468
4.886633
5.394291
5.892521
5.123654
5.597891
2.306286
2.089871
4.148179
2.555410
6.241897
3.323864
1.085691
0.313422
2.503676
0.133467
-1.195211
0.924464
1.961170
-1.555966
2.083281
-2.533339
0.225702
0.841889
-2.663764
1.139526
-3.163446
0.905272
-4.917753
-1.657666
-0.587076
-4.503452
-4.813274
-3.826490
-5.840861
-4.968765
-5.677570
-4.263129
-6.324402
-5.996854
-5.732007
-5.022677
-9.053661
-4.032989
-5.950029
-6.455252
-8.558126
-4.779665
-10.420442
-10.071128
-9.280873
-7.673917
-6.556877
-9.221548
-7.234621
-11.604632
-10.564147
-11.604577
-11.287802
-9.922040
-10.125042
-6.902811
-9.481821
-7.972915
-6.945137
-8.020601
-8.984893
-7.414769
-7.518445
-12.714041
-9.069877
-12.147136
-8.493740
-11.847924
-8.503103
-7.082821
-8.879227
-10.976846
-10.132784
-6.976930
-10.998731
-7.531643
-8.849542
-8.195222
-9.017897
-11.352870
-10.247412
-10.430668
-10.752460
-9.709055
-6.981350
-9.076845
-7.582389
-8.826643
-10.011347
-6.620844
-5.643514
-8.511480
-8.034418
-9.138683
-8.984093
-8.724561
-7.331744
-2.915640
-3.150983
-5.786230
-2.079892
-3.336584
-3.878810
-3.418368
-5.355793
-4.455192
-3.277856
-2.110121
-3.249808
-3.985044
0.659066
-3.334913
1.805253
1.910949
-1.022043
2.218733
