1.225628
0.983961
2.670743
0.506315
4.451517
2.720549
0.813973
1.446479
0.857960
2.177464
5.548558
4.414623
4.267507
7.222462
3.716953
2.048494
7.959396
4.799492
8.010855
7.675025
7.702839
5.342083
7.527218
8.454919
8.203699
9.204999
10.174928
8.622730
10.308895
5.561321
8.462732
8.191413
10.227468
6.833952
11.423105
11.556409
8.222454
7.048221
11.687866
10.315020
11.198421
8.052779
10.375716
11.239989
11.293404
12.128789
10.111086
10.449248
10.747414
10.209744
10.692304
7.316440
9.870168
7.515401
10.999697
8.795739
10.604647
10.131860
11.164184
10.762562
8.189300
10.219711
6.387528
8.230218
11.374192
6.219976
5.651194
8.027608
9.451249
7.550509
10.578361
7.146421
4.533128
4.530173
10.003479
5.412369
8.759089
7.185662
8.427563
8.640249
6.461443
6.032132
7.951169
2.932144
3.531283
5.494493
5.031992
5.033136
1.827365
3.075867
5.286842
0.725290
3.756126
1.065118
3.574021
3.374065
1.450450
2.124011
1.503442
-0.884398
-2.588800
-2.815257
1.112268
-1.315104
-3.433880
-3.919472
0.534420
-4.731968
-1.992397
-4.266946
-2.350410
-5.526822
-3.352686
-4.613122
-6.768669
-3.447259
-5.022104
-2.662843
-7.756675
-8.002911
-3.983924
-6.094121
-8.618633
-5.962025
-8.179084
-4.351843
-7.174737
-6.215863
-7.626059
-7.011020
-5.893737
-7.022046
-8.985317
-9.958394
-9.315947
-8.860484
-6.686716
-6.542843
-10.959691
-12.411445
-10.804684
-6.780140
-10.993401
-11.692851
-11.159149
-10.451755
-12.467667
-7.913953
-10.639916
-12.728838
-8.342984
-8.757189
-8.520284
-11.772144
-8.196552
-12.666924
-7.508771
-9.003455
-7.715349
-9.661020
-8.483783
-8.836035
-6.958436
-8.171010
-7.057192
-10.868632
-7.079220
-9.984377
-5.299840
-6.662310
-9.004959
-6.494852
-10.335068
-5.256321
-5.825019
-6.189197
-8.998827
-4.977150
-8.333767
-8.554671
-4.710015
-4.009842
-4.437942
-7.226447
-3.418450
-6.677253
-6.807565
-4.289815
-3.668928
-3.727159
-3.117452
0.165244
-1.021710
-1.778206
-3.930856
-2.151099
1.460581
0.600115
-2.144324
-1.858846
