1.902789
3.047937
-1.749216
2.219887
1.654276
1.095256
2.011557
1.613235
1.008874
4.578718
3.935027
2.906072
2.371853
4.504068
4.016996
4.733950
3.952057
3.943116
7.531533
6.479100
7.068798
8.771367
8.296223
9.214831
4.346180
8.980251
8.137738
6.352839
8.890951
10.194723
6.798658
7.739166
11.368858
6.860430
10.336134
9.466536
8.842792
11.154241
8.295520
11.100451
11.324587
7.810035
8.784473
7.952829
9.656258
9.736596
11.772453
10.513217
10.756291
11.612304
11.341242
9.685349
8.816421
10.307992
9.885296
9.282442
9.890348
8.459557
8.934144
11.908755
7.010030
10.116327
9.643356
11.947473
9.960218
6.939767
5.764908
9.435965
6.452865
8.617165
5.314260
7.676994
9.026060
7.491980
5.664050
4.748358
4.980837
8.676489
4.555990
7.070395
6.918560
5.034263
2.697113
6.578151
2.002895
6.407659
4.942296
4.800822
1.324498
2.084313
4.334579
-0.452721
0.541114
4.497219
0.634337
2.007582
2.279733
0.558715
2.049366
1.308121
0.413559
-3.027796
-2.252229
0.087384
-1.509482
-4.867381
-0.768971
-4.628026
-1.439983
-5.201000
-5.982536
-4.426153
-6.337151
-4.812037
-4.542555
-5.990775
-7.050367
-3.386726
-7.769832
-4.674905
-5.960898
-3.409110
-8.860098
-7.173823
-5.522942
-6.058735
-6.695800
-6.812109
-7.651734
-5.729505
-6.710110
-8.139010
-10.307501
-6.261366
-9.930569
-9.752164
-6.564631
-7.999228
-8.547147
-7.225715
-12.356141
-9.985017
-10.243032
-9.907602
-9.142766
-7.806837
-7.331306
-7.000270
-11.465305
-7.849137
-7.126122
-7.531626
-8.560065
-11.518744
-10.931256
-12.444892
-7.238146
-9.845989
-11.824860
-12.469734
-7.267654
-9.187362
-11.563888
-9.102485
-7.168832
-11.545585
-11.466859
-9.699965
-8.040859
-8.740110
-6.817891
-5.890955
-6.098697
-5.589033
-8.816378
-6.922575
-8.516027
-4.995990
-6.178127
-3.854795
-6.565021
-4.361477
-3.405124
-4.609326
-4.823063
-6.601742
-1.598045
-5.542694
-2.171420
-4.874038
-5.334231
0.149179
-2.500414
-2.456891
-2.172652
-0.701552
-3.875414
1.018661
-2.513431
-2.927722
