-1.191584
-0.681657
2.832716
0.541862
0.743431
0.167375
1.001116
3.667627
2.201006
3.609626
5.095742
6.669059
2.246472
6.112660
5.683246
6.937105
8.041289
6.218658
8.389472
5.424989
7.603703
9.288318
4.558927
4.621057
8.744759
8.616935
5.818330
6.051863
8.325445
5.272392
8.213844
6.833591
6.219551
11.230724
9.348124
6.718112
10.176234
7.666657
12.408262
10.145915
9.774817
12.124487
7.631190
10.042121
10.194132
8.811798
8.846377
11.560274
8.361878
9.450057
12.569784
10.216973
7.693437
10.171385
12.232406
9.282553
8.937618
7.485604
12.000334
7.004317
11.122107
11.464141
9.418132
8.467419
8.901472
8.036188
11.422152
7.020847
8.370300
7.798607
5.875585
7.858850
5.803763
8.083867
8.577223
4.757950
3.860283
4.496934
3.437182
3.911222
6.001312
6.389153
3.460122
7.622694
2.504127
4.915425
1.266132
2.955694
3.408501
0.154069
-0.140490
-0.044985
1.118978
0.037028
0.592466
0.009520
2.699462
3.402836
-0.474493
2.214200
-1.979699
-3.236944
-0.058832
-3.952794
-0.649813
-1.032024
-1.288823
-2.182881
-4.584855
-1.339892
-5.903252
-5.623611
-3.541424
-5.669297
-5.780438
-6.107339
-6.011716
-7.104553
-6.732828
-7.630482
-6.838506
-5.771875
-5.825816
-8.527192
-8.912270
-5.253504
-5.911455
-8.899805
-10.360377
-10.594489
-7.311239
-8.694990
-6.887155
-7.339866
-10.436392
-6.839157
-9.993253
-8.887043
-10.797793
-10.834585
-9.988486
-7.573216
-8.714184
-12.336191
-6.915016
-8.264261
-11.085432
-11.438338
-7.396137
-9.537724
-12.488629
-7.469989
-8.955475
-10.138567
-9.828278
-8.001980
-8.455946
-8.896629
-7.352761
-8.689533
-10.629292
-11.261855
-9.956282
-9.724332
-8.511360
-8.038523
-7.537034
-9.083413
-5.811242
-7.608327
-7.414115
-4.760060
-4.604737
-6.921493
-5.490421
-8.315084
-6.659619
-8.982412
-8.286902
-3.822247
-3.466077
-2.431394
-5.998782
-5.605039
-5.668990
-1.268663
-6.014342
-0.760694
-5.659202
-4.798304
-1.849067
-3.827450
-3.237170
-2.467752
-1.160268
-3.580860
-3.169035
-3.184796
-2.245250
-1.875118
