0.913134
-1.789794
1.766829
-0.311483
0.003949
2.558728
-0.633682
4.247754
4.659066
1.351789
3.994643
1.000120
1.095886
5.580041
5.412434
5.380123
4.458163
8.164027
3.969479
7.769633
6.636069
9.018490
8.760576
5.766415
9.783645
7.570743
9.268801
6.830806
6.870733
6.935802
9.360447
6.370417
9.369925
7.108916
9.942367
10.872988
11.288440
8.846152
8.041612
11.819783
7.229373
12.063357
7.848266
11.585740
11.913889
10.951032
11.872040
11.737248
12.543221
8.420991
8.799752
11.726833
11.783218
9.197618
7.963639
9.991809
7.905707
7.116772
9.683169
9.157072
10.533660
8.599331
10.042135
7.423374
9.547936
7.411606
9.661776
6.441490
8.733979
8.222332
9.196866
9.272909
8.567281
4.609766
8.502122
7.653270
4.713977
4.894646
4.418281
3.884853
7.364068
7.610067
3.594209
3.783707
2.838320
4.068190
6.039348
2.557641
1.731592
4.083046
1.738751
2.639894
4.638820
0.190061
2.982683
3.483636
-1.608348
-0.046690
-0.096505
-0.579553
0.714851
-2.696854
0.920086
-0.649928
-2.175215
-4.391706
-2.721668
-3.658943
-0.271514
-2.071597
-0.943564
-5.831101
-6.127631
-6.280252
-5.056381
-5.761622
-5.712326
-7.152437
-3.015902
-6.376037
-7.139663
-8.311935
-8.128412
-7.970546
-9.904514
-5.661359
-7.469930
-7.321858
-5.201769
-5.105731
-9.594452
-10.604734
-7.833014
-10.218745
-8.776336
-7.632307
-9.728454
-8.002092
-6.571555
-8.187676
-12.464873
-8.852192
-7.714292
-7.069783
-9.821307
-8.779261
-12.251961
-10.602739
-11.718819
-7.604277
-10.736644
-12.619978
-12.766925
-10.926846
-8.444529
-8.126657
-12.137367
-11.399769
-12.430388
-8.649497
-8.170137
-7.938218
-10.903697
-11.682967
-7.751876
-8.120445
-7.001838
-9.692466
-7.912420
-10.177116
-7.639044
-5.138676
-9.733875
-9.992731
-6.103915
-5.865827
-5.239240
-7.623921
-5.484889
-7.905448
-5.919545
-4.509562
-6.469203
-6.744846
-7.054698
-7.037229
-1.822593
-2.071549
-2.000772
-3.820973
-4.302675
-1.930352
-2.547145
-0.406350
-1.997666
-1.362666
0.491715
-0.934399
-1.388182
2.389161
