-1.489872
3.360877
0.710095
3.472519
-1.346662
1.593721
-0.508265
4.315776
-0.094155
5.136779
1.605817
3.395045
2.456839
5.551480
4.720033
4.080871
6.057684
6.893658
8.500699
3.774406
8.487501
5.991752
6.619573
4.228198
7.205293
7.348018
4.872815
8.214130
9.527982
8.215827
6.136268
9.172827
8.450127
6.239857
8.337196
10.780273
8.419016
11.221756
10.793694
10.219948
7.962075
8.497485
11.825402
8.086374
7.823703
11.897369
12.513355
9.552678
12.792308
9.038781
10.782368
11.013816
12.463805
10.831106
12.106057
8.722080
12.683802
7.515483
9.893404
9.738563
9.682179
6.652453
6.184898
7.077854
10.138135
6.123847
10.614162
6.076450
10.575279
7.550495
7.841529
7.658669
8.153170
7.234305
6.296219
7.868277
8.365979
8.139999
4.941789
3.259524
5.076257
4.141617
4.833385
5.596474
4.554705
2.400150
3.361937
5.270924
2.615694
5.276732
5.595570
2.355989
0.627793
4.619002
0.702529
-1.164781
1.801067
2.149943
2.434844
1.281605
2.265453
-0.098264
-2.434272
0.226508
-1.298560
-3.732659
-0.561065
-4.245616
-3.409118
-0.129898
-2.830344
-4.265206
-1.360111
-3.863102
-4.095660
-5.768242
-6.806265
-7.552957
-5.877518
-4.564038
-8.276438
-6.369955
-6.911794
-6.170546
-9.703774
-6.006720
-5.018338
-4.739021
-5.296087
-5.132897
-6.730296
-7.419055
-7.496348
-9.159997
-6.383088
-9.088100
-11.009046
-7.254733
-10.856487
-7.489478
-9.513484
-7.970419
-8.721336
-7.378134
-12.767558
-11.365221
-10.871126
-7.338787
-8.726988
-11.284531
-11.674440
-11.285114
-12.261421
-7.856428
-10.509292
-10.091364
-11.062251
-10.800360
-7.484405
-12.359889
-8.461246
-10.303947
-7.923654
-7.209045
-7.099082
-11.146599
-9.796814
-5.755391
-8.960396
-8.878019
-8.405688
-5.479020
-10.322396
-9.728210
-6.994279
-5.736281
-8.092735
-6.001210
-9.067504
-7.714684
-5.605309
-2.365998
-8.022453
-7.235908
-7.209135
-2.635404
-5.267789
-1.542626
-5.619295
-5.656545
-2.737411
-2.896827
-0.090781
0.629343
0.184138
-0.178549
1.382094
-1.492867
-2.142435
1.277514
