1.100219
-0.045113
2.922939
-0.427485
-1.400313
2.837040
2.698610
0.880830
1.867109
5.783029
5.973256
3.495784
5.148254
1.577384
4.956677
4.254926
4.991734
4.265330
8.181518
4.815331
3.464266
7.585230
9.264963
6.013814
9.760613
10.063859
9.581958
7.694409
10.073008
8.385477
6.948867
5.936176
6.970248
10.790066
6.500135
11.113761
6.668206
6.981068
8.083086
7.178643
10.261840
7.175758
7.778277
7.228183
10.653749
7.120654
7.318444
8.232678
9.355739
12.751931
9.862463
9.147625
10.805449
7.708250
9.737269
9.000459
8.355052
7.178915
7.896709
12.261270
11.088239
8.453802
8.145098
11.762421
11.605096
6.902928
11.329853
5.549129
5.973420
7.308027
6.348555
6.028662
5.432436
9.855662
6.846738
8.069340
5.817802
3.507695
6.803305
2.939418
8.090675
2.913002
6.393160
7.800120
3.932973
1.969566
4.101591
0.964275
5.786062
5.076831
4.710412
1.582790
3.049432
0.159392
-0.594085
-1.445177
1.292451
3.572475
3.276787
-1.754160
-0.775080
1.088915
-1.073843
0.297028
-1.801057
-4.492561
-3.528570
-2.731782
-5.546883
-4.398093
-4.012660
-0.692432
-6.918214
-4.326588
-6.177917
-5.104636
-4.218209
-6.501533
-3.063832
-8.068148
-4.275785
-3.878863
-5.724098
-4.113258
-10.047059
-4.424886
-4.869857
-8.844054
-9.127179
-8.657893
-5.577862
-8.182536
-6.095600
-6.315441
-11.432740
-10.980962
-11.872566
-9.592928
-10.817559
-7.890676
-10.822911
-6.761477
-12.571392
-9.415001
-9.897644
-8.236470
-11.179512
-9.885774
-9.896194
-7.155875
-10.655572
-10.732326
-12.404102
-11.822344
-8.650161
-8.396627
-7.745150
-11.844469
-7.960225
-11.822361
-7.265432
-8.806094
-12.046813
-11.555911
-7.427672
-7.174526
-9.894968
-10.603019
-7.917931
-8.743398
-5.886300
-10.129703
-7.177864
-5.878302
-4.388447
-8.307557
-9.421962
-3.532255
-8.343096
-5.406518
-2.977862
-6.628831
-5.050592
-2.629882
-4.440634
-3.802111
-3.065107
-2.444675
-3.957372
-2.377493
-4.600024
-2.327779
-2.183083
-0.952520
-0.229038
0.664667
-0.229287
-1.247228
-3.032531
0.890033
