0.064936
-1.519610
-1.554284
-0.030346
2.737315
0.955820
4.437880
0.633467
4.883292
3.880005
5.460008
4.068203
2.600026
5.201029
6.455216
6.041944
5.169214
6.271744
4.621990
4.594829
3.831523
8.220609
7.708691
6.931557
9.806190
6.001538
5.668601
7.513560
7.507839
10.053073
8.576759
6.708444
8.980000
11.132958
9.382047
10.783315
8.826909
8.740902
6.409536
7.061915
10.172075
10.367301
9.646508
12.173735
7.717627
10.645604
12.706612
7.674043
12.646900
11.200411
7.039221
12.567805
8.441957
9.730858
11.317460
10.814784
9.775770
10.998669
11.306532
12.128217
11.846133
9.317776
8.683024
9.571825
9.839142
10.467313
10.323073
9.005690
7.168666
10.156001
5.836392
7.192078
5.972444
7.972544
7.915522
8.786574
5.812242
8.622996
6.054412
6.705758
5.418971
2.855192
8.087027
5.916014
1.629806
5.031119
1.327279
4.427763
5.293888
0.196768
5.444301
1.132315
1.881503
1.664638
3.225987
-0.376129
2.332055
-0.588872
-1.078992
2.184989
-2.796810
2.245161
1.469708
-1.887171
-2.668977
-3.569570
-3.600512
-0.451831
-2.215495
-0.648663
-0.594249
-2.354687
-1.684814
-3.182911
-1.812064
-4.046171
-2.666301
-2.589420
-6.833622
-6.240885
-6.417933
-4.559375
-7.163669
-6.737765
-9.718523
-8.070751
-9.767226
-6.322805
-10.724399
-5.760413
-10.611122
-9.722666
-6.685759
-7.556376
-6.021234
-11.655485
-9.147656
-8.778924
-10.614146
-8.581042
-10.774981
-12.033170
-7.076518
-12.459833
-8.195975
-8.070632
-11.696954
-10.153829
-9.057336
-8.000188
-11.221403
-12.015408
-11.814092
-10.586900
-11.606033
-11.732273
-8.357956
-10.113673
-11.621821
-9.706668
-11.185054
-8.520821
-9.774651
-8.758451
-9.924338
-7.975031
-6.076452
-10.997197
-10.683208
-6.561477
-9.859317
-5.602512
-7.774402
-6.942904
-7.505648
-5.577236
-6.825980
-3.935352
-7.992892
-7.394228
-6.018083
-7.625031
-6.734073
-7.662237
-4.716234
-5.627574
-1.100638
-4.094518
-0.632289
-2.550283
-3.813695
-0.380012
-4.063105
-2.376026
-2.366098
-0.138524
-2.921506
0.644329
-2.540528
-1.897238
