1.238787
-0.910939
-0.040815
0.607885
0.382335
3.599714
-0.558959
3.256512
1.509228
3.448456
3.182422
6.131365
4.460437
2.369292
3.954024
7.676961
7.439561
4.960243
7.749637
5.690081
6.856848
7.255556
3.875075
3.933488
9.633280
9.182412
9.263707
7.175418
6.522422
10.031864
5.323782
9.306586
11.389286
11.540380
6.612187
9.955607
10.408037
6.546804
6.855640
11.710369
11.978782
7.808677
9.917759
9.917925
12.277087
10.272125
9.984102
10.873056
10.578217
8.165638
12.546494
10.625523
7.936507
10.150989
12.475015
11.314033
11.087829
7.367133
10.413031
9.725652
10.567692
10.670861
7.905292
7.688740
7.089003
9.635084
11.324908
10.489687
10.821620
9.461475
7.515508
7.762418
5.309527
6.269431
8.622321
6.066935
7.402068
3.522517
6.765992
8.207667
6.458670
6.215176
3.199867
5.899757
5.113891
5.272718
5.492179
1.689099
5.582612
4.411021
5.323112
1.849952
1.105796
2.592770
0.152424
1.678310
-1.662429
1.993970
-0.836175
0.059192
1.803688
1.234948
0.647097
-2.684507
-1.526710
-3.655542
-0.644182
-2.097376
-4.269863
-1.045510
-4.404452
-2.623771
-3.063987
-3.516195
-7.027586
-3.468118
-7.625528
-7.761892
-3.185869
-8.330121
-5.561661
-5.383256
-8.231935
-4.070655
-4.117130
-5.499096
-9.479026
-6.725433
-7.012693
-10.936396
-6.777333
-6.473662
-10.205230
-8.570144
-9.088956
-6.059382
-11.226466
-8.115354
-6.446068
-11.755728
-7.627675
-12.372402
-7.680321
-9.123777
-10.159118
-7.660464
-11.149042
-10.727003
-10.237062
-12.674255
-12.057043
-7.339068
-10.735014
-10.942759
-10.232886
-7.602261
-11.334086
-11.895200
-9.171519
-10.495005
-10.804039
-6.963030
-11.997100
-7.252866
-7.883660
-7.198817
-7.881616
-10.605960
-5.454544
-9.613401
-5.086170
-5.751711
-4.656463
-8.457709
-4.594373
-9.076500
-5.577442
-5.219881
-4.862123
-5.375019
-2.998226
-3.228542
-4.408618
-1.994920
-2.208606
-5.351685
-5.407987
-1.650929
-3.494822
-3.498485
-0.221920
-1.087875
-3.767415
-3.573541
-1.811776
-0.966296
0.462869
-0.996002
1.310900
-0.637881
