-1.780713
2.023562
-1.644022
-1.499426
-0.655189
-0.346252
4.215733
2.385845
0.145978
1.989179
3.249530
5.119324
2.659018
4.802653
2.575874
5.504733
7.314326
4.757789
6.691348
7.930389
5.443040
7.513255
3.800183
9.504800
7.972631
9.248352
9.092361
8.304590
7.011398
9.796897
10.883949
6.284798
8.647642
8.933332
11.735472
8.894488
9.958397
6.790822
11.679714
11.519891
9.015183
9.670898
9.896176
7.052194
10.073599
7.922673
10.545071
11.035736
7.097966
9.756979
11.989083
8.410829
11.797134
7.350216
8.643780
9.600618
12.632174
9.017508
11.892802
7.647993
8.489358
10.825636
7.247158
10.129368
11.822595
10.191536
8.591947
7.143118
6.059312
6.976408
6.262645
4.951664
9.723948
6.562153
5.704924
6.553134
4.617828
6.559428
3.458823
8.695077
3.024873
6.759988
4.505750
6.458712
2.637211
2.361549
4.053510
5.809451
3.411516
3.854381
-0.029822
0.656888
2.587367
-0.000498
3.311458
2.851659
3.248772
1.328206
-0.654150
-1.776675
1.663450
0.432859
0.789739
-2.092892
-0.589705
-3.488839
-2.953178
-2.531664
0.179240
-5.697069
-4.026966
-4.258046
-2.576982
-6.637277
-5.368357
-6.296277
-5.351720
-6.990178
-3.222496
-4.015733
-7.235613
-5.202874
-9.281362
-9.834467
-8.508337
-8.116838
-9.232004
-9.352480
-10.398866
-7.519232
-6.592175
-9.575801
-11.529309
-9.516692
-8.417236
-7.569657
-10.265533
-11.182269
-12.278018
-9.373516
-8.590906
-7.521223
-10.120371
-10.794080
-10.466152
-8.922197
-10.948712
-12.302415
-8.631407
-8.628239
-10.762600
-10.731525
-11.513784
-12.420724
-12.757600
-10.691560
-10.993487
-11.862639
-7.433769
-7.294381
-9.191661
-11.814532
-7.431618
-10.904635
-7.203777
-11.732045
-7.439886
-7.122149
-11.072211
-5.267040
-6.372822
-5.084250
-5.606703
-6.185187
-5.300902
-6.158021
-4.512076
-7.195953
-3.297368
-8.131125
-2.898408
-2.875384
-7.834064
-3.873745
-2.442259
-3.619186
-3.757259
-1.460732
-5.321067
-3.982582
-4.886926
0.281800
-4.992245
0.945378
-4.549902
0.839428
0.838581
0.333677
-0.965384
2.051008
