-0.670068
0.276176
2.675988
-0.724389
0.401975
3.718250
0.584775
4.291024
5.151735
4.961480
3.578518
4.644791
2.389388
4.818940
3.702181
5.230856
8.005223
6.899450
7.460043
4.482045
7.384429
3.652670
7.656948
9.204864
4.860993
8.582109
8.344463
7.610670
6.042449
7.077698
9.736853
8.840996
8.513840
8.866922
11.074035
6.140318
8.627269
6.694383
11.347473
10.639503
10.751629
8.514433
9.581209
10.019645
12.016812
12.830221
12.849281
7.386208
9.390525
10.503559
8.670519
7.463339
12.012469
8.270839
10.176377
9.131521
7.754684
10.937686
7.453937
10.285497
8.610260
10.397195
9.490816
11.292795
9.968838
7.505654
7.496057
8.802703
7.998725
10.229879
10.859613
5.912786
7.120413
6.706510
7.522939
9.727058
7.227824
4.711445
6.380726
3.026954
3.916402
2.545971
4.392858
5.579319
6.632614
7.213003
2.536420
4.506615
1.127173
5.534424
1.684857
4.421062
0.145688
3.938890
3.460658
0.552889
2.816658
-0.816136
-0.887021
-2.823226
1.109823
-2.148869
-1.225014
-3.461268
-0.357584
-0.731470
-3.023466
-0.723963
-3.238383
-2.783771
-1.775589
-6.288867
-5.611207
-6.937655
-4.952062
-7.348003
-7.578691
-7.512866
-4.435814
-7.864165
-4.433907
-9.275239
-6.163734
-8.707861
-4.114879
-7.149210
-8.718931
-10.217137
-7.177951
-7.939046
-8.951466
-11.410864
-8.514051
-8.227207
-6.172186
-11.625462
-11.285749
-9.662166
-10.966575
-10.696397
-10.599096
-8.650892
-11.181056
-7.748635
-11.522444
-11.971744
-6.978678
-12.313472
-12.152132
-8.443137
-12.526745
-9.895242
-11.686743
-7.856093
-11.468398
-6.920709
-9.716511
-9.664031
-9.340742
-7.883440
-10.640568
-8.945094
-9.915347
-8.423371
-10.164057
-10.222152
-8.696474
-5.854795
-11.061212
-10.350749
-8.764940
-9.904904
-8.338775
-7.169171
-9.370680
-9.630276
-8.965826
-4.843292
-4.324458
-8.150000
-2.920789
-3.716643
-5.480812
-2.953802
-3.945379
-6.121518
-2.199152
-3.341725
-4.743533
-4.557050
0.130576
0.422225
-2.849901
-3.247036
0.797903
-1.630743
1.464752
0.560247
-2.754317
1.844626
