-0.660274
0.512094
-1.044418
0.348801
1.970933
0.201153
2.205841
0.227023
0.036950
0.354701
5.933941
1.399741
5.135984
3.411519
6.419903
7.080291
3.498084
5.521385
3.988041
4.761512
4.293601
8.247793
5.514543
9.423891
4.763963
7.354133
6.610568
5.995671
10.208764
10.357993
11.058717
7.005971
9.986942
7.902117
11.781527
10.672119
10.780876
8.117628
10.683422
8.046706
11.483207
11.439471
8.675014
8.496533
12.171513
11.384890
10.279960
12.616573
9.000329
10.328500
10.236462
10.075681
12.152092
8.952274
10.867417
8.594699
12.737508
10.544485
8.513844
6.581780
11.456980
11.500263
6.342103
10.975625
10.890764
8.005425
8.424640
8.477852
8.819443
6.200296
5.679646
10.219036
5.716682
9.178321
8.255430
8.847473
6.923080
8.088893
4.198848
7.673689
3.965972
4.044390
2.137405
6.982075
3.105270
6.881418
1.087181
5.066847
4.897774
4.752821
5.006814
5.475628
3.558844
3.916814
1.435360
2.993727
1.369216
-1.982884
2.967389
-0.500111
0.756600
-3.179077
-1.533409
0.814469
1.041901
-4.436086
-0.442602
-3.240234
-0.482240
-0.191766
-2.057629
-3.861022
-4.361153
-4.399655
-5.750691
-2.375798
-2.967637
-2.683481
-7.210441
-5.383301
-8.254297
-7.004967
-9.253091
-6.602384
-7.080520
-9.491542
-5.779135
-7.688029
-5.035325
-6.046601
-10.698107
-9.323919
-11.433929
-6.401036
-9.520249
-8.448377
-9.027396
-8.934161
-6.958176
-8.962932
-11.970604
-9.500419
-7.956103
-8.732122
-10.671853
-7.258694
-7.385744
-11.815808
-10.588340
-7.215301
-8.023983
-7.075822
-11.673715
-12.759390
-9.817053
-8.312865
-8.803831
-10.042319
-11.061379
-10.855030
-9.470022
-8.630983
-7.594120
-10.919233
-7.121517
-10.519062
-9.843105
-9.857269
-9.331407
-9.699982
-8.416861
-10.205447
-9.558570
-9.349688
-6.380718
-6.755922
-9.296537
-9.173720
-3.290861
-3.911403
-2.644809
-8.194702
-5.234113
-6.358315
-3.540221
-2.702658
-5.763155
-5.752383
-2.368766
-5.283223
-3.586657
-0.660243
-3.525197
-3.179876
-1.495286
-3.698199
-1.208312
2.091870
0.150225
-2.587547
