-1.153634
2.728554
2.267398
-0.770037
2.359798
-1.101790
3.798116
-0.245210
5.071066
4.859535
5.716326
1.317476
4.666927
2.615686
4.240575
1.910573
4.772430
4.117252
4.101227
8.325380
5.603193
7.704189
3.921063
7.297367
6.189084
9.653394
9.156215
8.543220
6.100576
7.075331
8.581024
11.409209
10.707992
8.246944
10.408537
10.024744
11.401119
6.363990
7.421602
7.125078
10.547113
7.303364
9.277353
10.934287
11.823921
12.633585
11.586677
10.240640
9.430413
10.786143
8.314299
7.653362
11.152278
10.447974
7.510367
12.574448
8.032631
6.818071
11.563752
8.721573
6.518044
9.649432
8.032899
10.803814
6.286409
9.528119
6.064616
10.252943
6.684113
9.630683
6.200144
6.369059
8.115938
5.362189
5.729840
4.043926
5.292886
4.625139
8.827993
3.343033
5.604241
7.402350
3.851853
6.645748
3.320969
4.864050
4.353331
2.674633
4.538490
1.385671
4.752218
5.273863
3.625317
0.231109
1.570858
3.588390
-1.182711
0.897782
3.275400
-2.169417
-3.095711
0.367511
-2.928759
-0.796380
-4.038256
-3.376073
-5.013439
-1.427045
-4.540136
-3.545767
-3.117120
-1.558164
-4.613689
-5.847479
-4.278557
-5.139028
-6.477684
-3.528800
-3.215682
-4.952109
-7.382492
-5.892276
-9.182207
-4.256171
-9.405455
-8.120776
-10.354007
-6.000279
-7.024181
-5.969561
-6.975519
-6.766501
-11.564674
-9.088537
-11.467136
-11.834514
-6.987851
-9.108703
-7.503225
-9.676505
-10.932346
-9.630845
-10.229324
-9.756719
-11.694857
-11.566406
-10.048197
-11.525693
-8.990737
-10.056252
-7.016283
-11.148158
-10.973205
-11.485002
-8.844791
-8.298326
-6.923544
-10.589428
-10.981669
-10.415909
-10.401790
-7.953116
-10.244090
-8.652772
-10.716810
-9.649244
-7.664967
-11.363591
-8.608683
-6.916726
-8.299780
-8.357879
-8.742382
-7.088646
-9.268405
-7.189582
-9.235563
-5.523588
-6.831373
-8.188621
-7.709898
-2.634381
-3.241898
-7.729994
-2.641303
-1.502427
-3.101355
-2.476412
-2.446849
-5.921232
-2.053538
-3.615325
-1.727058
-2.004735
-2.930708
-0.208286
-1.402166
-1.363730
-1.130088
-2.465814
