-1.396908
-0.304256
1.649072
-0.623764
3.867920
4.774129
1.398829
2.545195
1.820515
2.597052
6.117494
5.156587
1.976648
6.232531
6.645723
4.799841
5.098757
6.023955
6.151906
8.450315
7.175451
7.041599
7.878139
8.548378
4.400537
9.599794
4.861906
5.277141
5.956257
7.721851
11.028578
8.372726
7.305101
6.073774
8.747404
11.161729
6.217446
9.302536
7.417585
8.833898
6.680870
10.213152
9.734758
8.672654
7.128453
9.018924
12.892385
8.506176
8.381629
10.048161
11.764452
9.672330
10.644567
10.726837
12.196570
7.033236
11.402083
10.048495
10.076216
10.931683
7.751985
8.237593
6.372460
9.918065
11.640788
9.337632
9.528826
10.305637
6.245996
9.538506
5.821989
5.510317
8.559735
6.255282
7.341842
4.014390
9.521133
5.926489
7.129815
4.878276
7.531825
4.376419
3.883413
4.151478
7.457167
1.453226
1.817390
3.429482
0.901316
1.088919
2.646192
4.041258
0.144937
-0.560177
4.298237
2.930869
-1.175094
3.423952
-2.633772
-1.019309
0.353712
-1.868384
-3.490532
-2.634429
-1.625262
0.723722
-4.840220
-3.838278
-3.880012
-3.013465
-3.354034
-3.349877
-5.353566
-3.662816
-1.982477
-5.429500
-5.219075
-3.749454
-5.202137
-4.984219
-7.192836
-6.407965
-7.015451
-5.512345
-7.086022
-5.673178
-7.099362
-9.538467
-9.089248
-7.614631
-10.234479
-9.310411
-6.004849
-6.123501
-11.017527
-6.316596
-9.559842
-9.571063
-6.663966
-7.332930
-7.082624
-12.614805
-8.728259
-11.526393
-8.155784
-8.632896
-9.196520
-9.234684
-10.703373
-7.267491
-11.950987
-7.564406
-7.592326
-12.869421
-11.748887
-7.651241
-8.847522
-11.168710
-10.523617
-8.781301
-8.081932
-11.822799
-8.678494
-11.499289
-7.907301
-9.171417
-7.337548
-9.444017
-6.263221
-10.723095
-7.563782
-6.151636
-6.540612
-7.758672
-9.791840
-7.974490
-6.115089
-3.592615
-4.977730
-7.586070
-4.426117
-3.204310
-2.258367
-7.301784
-6.528149
-1.269982
-5.469604
-4.483310
-1.996255
-4.442226
-3.328368
-0.729652
-4.118378
-2.826120
-4.378568
-0.440692
0.250683
1.094152
2.531473
-1.980457
