2.538852
-1.783437
2.344187
3.245653
3.698755
2.293997
1.581664
-0.038691
0.863028
2.126730
2.695195
5.878225
1.834978
3.788769
2.620308
4.321494
4.535107
7.423294
4.783469
6.053877
5.425694
3.998250
3.849414
6.474440
9.208114
7.084372
7.260628
10.209822
7.383408
10.131758
9.196275
9.034374
8.254310
11.622429
6.495688
8.225306
10.029257
8.087317
6.653432
9.656391
11.204233
9.821667
8.410010
7.587564
12.039352
7.550644
7.413208
7.926175
12.948124
8.957424
12.828535
11.577650
9.776412
7.899056
10.353318
9.861416
9.569546
11.428677
9.836803
6.534554
10.272367
11.275445
11.933217
11.706115
11.010301
7.630294
11.594129
8.546549
10.218310
9.823087
7.006668
9.424653
5.682800
6.098600
7.399231
9.544282
5.735184
7.796909
3.724408
4.268972
7.479018
4.487631
3.272094
3.466637
2.734469
5.424186
6.244395
4.122841
4.747819
4.468238
4.273842
2.231423
4.069353
1.548112
-0.875417
0.955986
0.269702
1.735195
-2.368302
2.224322
1.094016
0.465283
-3.028438
1.526674
-0.803075
-3.881503
0.743203
-0.961464
-0.026735
-2.292333
-5.997477
-4.438750
-1.978853
-4.224011
-6.133855
-4.435570
-5.628578
-2.410745
-6.163240
-6.260418
-7.117471
-4.174409
-7.759753
-4.027462
-5.457490
-6.151097
-6.015230
-6.697436
-9.307069
-6.570533
-8.524275
-11.047387
-11.534601
-5.910523
-10.882522
-6.717957
-9.856979
-9.361687
-10.324642
-8.341375
-12.279914
-11.170818
-12.011736
-12.251574
-7.978191
-7.796981
-8.033424
-12.389439
-8.308695
-9.353807
-10.335496
-9.893359
-9.195890
-11.946113
-12.462865
-10.919369
-8.822647
-7.831170
-12.008746
-7.160932
-10.748059
-10.212309
-6.421719
-6.869788
-6.948407
-10.427580
-7.468796
-11.049142
-6.762721
-10.804302
-9.127077
-8.382518
-5.525297
-7.674385
-8.971692
-8.117500
-8.385717
-4.682486
-7.891188
-5.463554
-4.819043
-8.152717
-5.555355
-3.950280
-4.051245
-1.261452
-1.006895
-4.361766
-6.152868
-1.377935
-2.723139
-5.347310
-1.389329
-2.303677
-1.197731
1.505250
1.654015
-1.648388
-2.452286
-1.008640
