2.889629
3.503433
1.957040
-0.925235
1.008274
-0.880501
1.949527
3.395468
2.735608
3.534108
1.359214
2.870192
6.303926
6.565949
2.654371
3.533318
7.671959
7.623919
7.576436
3.940640
5.975605
4.149755
9.363435
5.454572
8.197788
7.370693
6.888011
7.315230
5.548784
6.067312
8.070921
11.048358
10.346489
10.690893
11.160969
10.989605
8.903110
6.810714
8.375727
9.392572
8.566214
10.584644
9.901871
11.580327
12.252189
8.976707
7.130120
9.681449
7.700595
12.633465
9.910699
12.558406
7.077533
11.896360
7.823789
12.632042
9.194484
10.559320
7.554003
6.539140
7.400608
10.757064
8.337854
9.898338
7.279875
11.514011
6.116266
5.994167
5.351869
6.338552
7.034279
6.615816
7.976359
6.671317
7.464473
5.046182
3.838876
4.244133
3.794386
5.436281
5.283751
7.587436
6.500824
6.833588
2.847774
6.038162
1.523157
2.458572
1.019273
5.465895
-0.025522
0.663737
0.112740
3.314735
1.277956
2.730657
0.197247
3.083253
-1.471075
1.075715
-0.508220
2.060103
1.081292
0.292332
-2.576947
0.266899
-2.092217
-1.568133
-3.121916
-0.272634
-0.755636
-3.991776
-6.317740
-6.332804
-5.596973
-7.295289
-7.751954
-2.638924
-4.649949
-4.208801
-6.281242
-7.107523
-3.697503
-7.699998
-9.163186
-9.953673
-10.372830
-7.363276
-9.959211
-8.853435
-5.406825
-9.275076
-5.651770
-9.510006
-11.514236
-10.887985
-11.458404
-9.817629
-8.829210
-7.494849
-9.202505
-7.350454
-6.777319
-10.895666
-7.849514
-12.012610
-10.585974
-8.887396
-11.247201
-10.677097
-12.674716
-8.063888
-7.533419
-7.124311
-9.058379
-11.011483
-7.902861
-8.286640
-11.253942
-12.347117
-11.252191
-7.010902
-8.159518
-9.263233
-8.687108
-10.064367
-9.330302
-7.841051
-10.363873
-8.629013
-8.112913
-7.913625
-9.381209
-4.658943
-8.784630
-6.033782
-9.533897
-8.519424
-4.986761
-6.171526
-5.612563
-5.222352
-4.946707
-4.515376
-2.754031
-7.079344
-6.960715
-4.190503
-3.497602
-3.080338
-4.301050
-3.355587
-2.644747
0.929754
-0.419050
-3.544320
-2.718997
2.211518
-3.268613
-0.960909
