-0.263945
-1.954552
1.010194
-1.513740
0.789437
1.815534
4.089675
3.031056
0.785119
3.818663
0.997826
1.675860
2.395421
5.900444
4.932370
4.608350
4.399709
6.981574
6.586486
6.266435
7.319101
3.516795
8.059411
7.096453
8.699318
10.283065
7.366118
8.986194
10.887905
5.985075
8.508534
10.995731
7.156514
6.460410
8.753503
6.918397
8.482572
11.773994
9.249354
7.783507
10.279014
11.331184
9.555664
11.848112
10.416284
8.181252
7.279049
10.539535
12.929413
10.964728
7.837374
12.059808
9.034359
11.298225
10.494724
7.820750
9.050143
9.674909
8.705691
8.991243
11.626748
10.174195
6.684119
10.741793
7.157530
10.772465
8.702831
10.542637
7.928361
5.607594
7.026905
9.365658
7.642148
6.641130
9.172910
6.256244
8.238021
6.755012
5.939478
8.493170
6.167184
3.071186
3.127512
5.354262
4.249916
5.785053
3.273295
4.649497
3.271407
3.798232
2.987527
1.440787
4.539184
1.502602
4.244842
2.153856
3.095622
3.520496
2.597147
2.837980
-1.273137
-0.070153
-0.159621
0.930540
-0.806440
-1.194010
-2.847750
-4.691143
-3.323862
-5.326985
-1.788805
-5.146846
-2.985978
-2.182110
-3.642321
-7.309902
-6.116160
-4.504776
-6.400942
-8.238771
-8.212509
-6.620268
-6.391122
-5.214152
-9.965738
-7.742058
-5.490871
-5.372082
-8.024839
-9.885428
-6.074240
-10.457363
-9.492475
-9.519489
-9.281787
-7.039893
-6.420908
-7.614387
-7.998910
-6.564616
-7.702210
-7.913214
-10.670887
-10.120458
-8.211649
-9.458041
-7.983106
-7.283667
-8.135283
-12.400957
-9.805528
-7.653669
-6.986581
-7.282816
-10.896083
-12.481976
-12.070207
-7.105633
-8.896885
-7.036906
-11.825331
-7.578308
-6.666247
-11.354786
-8.246590
-11.431110
-8.716142
-9.961264
-8.953157
-7.931663
-4.947228
-7.417222
-4.529148
-5.739467
-5.924875
-6.516938
-9.083043
-5.073797
-5.583939
-8.043353
-3.757327
-3.711827
-2.582648
-7.630669
-7.306398
-2.411342
-6.715061
-5.948282
-2.781977
-4.784315
-4.564104
-1.424216
-4.421933
0.256535
-3.197910
-3.696371
0.673558
-1.654763
-2.432724
-2.000521
