0.041207
-2.156054
1.454601
1.877037
1.016840
2.217464
0.488505
2.235348
0.503770
0.945495
3.246584
5.260892
5.206506
2.271690
3.013439
2.671486
3.640579
7.267496
7.239703
7.351942
5.427466
8.278418
5.869807
4.389966
6.722367
8.695719
6.916339
5.242419
7.594737
9.883930
5.901137
9.866537
9.396036
10.948663
7.108900
8.839030
8.040772
6.652720
12.253537
7.717901
12.287064
12.599416
9.490484
11.867202
9.211248
9.696042
7.991618
8.951482
10.232760
8.928554
10.873857
9.380075
9.395048
8.779056
7.936749
10.990144
8.677011
9.331547
7.990965
11.546336
10.432157
6.894828
9.209980
10.466228
6.764663
6.561321
7.284796
9.760686
10.978971
9.512701
8.801583
7.628386
7.026869
4.460403
6.478568
7.211308
6.888719
5.912643
7.918924
7.157956
6.147231
4.113779
4.745759
6.007727
2.313094
4.594143
3.849028
1.048434
1.626786
1.074778
0.629561
1.187407
3.284569
4.781411
3.951410
-0.287293
-2.053633
0.220128
1.512487
-0.800352
1.358885
-3.046981
-3.165011
-2.994735
-1.081531
-2.767330
-2.242115
-5.452742
-4.725560
-4.564178
-1.112286
-3.213381
-5.151455
-4.181942
-5.601981
-5.432125
-4.926843
-6.701202
-5.222197
-6.698272
-6.483996
-5.642819
-7.250431
-4.009786
-6.605223
-8.591330
-8.606194
-6.103644
-6.557130
-7.694238
-11.066200
-8.798967
-10.086173
-11.569667
-7.189352
-8.650841
-8.168227
-9.675804
-11.105581
-11.396796
-6.799915
-12.443979
-11.808421
-6.834442
-9.870569
-11.510581
-9.562591
-10.314163
-10.620442
-7.598201
-10.743473
-8.241126
-9.744851
-11.703248
-8.902214
-10.712572
-12.524280
-8.200552
-7.566550
-11.772523
-6.581754
-7.221369
-6.573525
-8.766646
-10.274439
-8.486295
-8.758802
-8.560344
-8.644012
-10.222799
-8.633600
-6.978979
-6.609089
-9.799162
-8.769023
-4.445734
-5.905684
-7.080494
-3.699134
-6.820387
-6.600738
-7.096838
-2.871295
-6.415651
-3.264020
-4.976222
-5.839668
-4.542527
-5.949634
-4.529198
-4.295070
-4.533128
-0.367385
-0.109236
-3.903550
-3.565612
-1.696988
0.461134
1.217461
-0.012044
