-1.820230
0.863754
-1.932125
1.675691
2.374596
3.411172
-0.295079
3.446247
4.267788
2.405144
2.014260
3.380982
3.136640
4.636295
6.873325
7.566214
2.950874
8.279178
5.500412
7.273923
5.576726
7.646440
7.835210
5.908381
4.305580
10.036785
9.021590
7.427993
6.865823
5.175884
11.191296
5.796180
8.377886
9.605577
9.276465
11.495044
7.108451
8.426141
8.807741
7.344187
9.298717
7.788871
9.487850
8.633324
10.994364
10.224238
11.827217
11.926148
9.984300
12.951948
10.496146
12.177609
9.304131
11.694336
10.790275
11.134977
8.351787
11.996761
7.442428
6.721313
10.965756
8.416943
10.290551
8.304062
8.131202
6.324802
7.720032
8.298635
5.948721
9.827233
9.901921
6.831978
8.991447
8.984807
7.610711
4.642489
7.031136
5.797690
8.985803
8.215802
6.538836
7.056753
5.094908
4.480761
3.506572
5.472385
6.144571
6.423163
5.471603
3.559347
2.074785
0.848945
0.869615
4.616893
1.494217
1.680769
0.868793
1.545566
-0.585560
-2.090960
-2.469345
-2.140260
-0.047532
0.874022
0.302070
-4.646896
-2.445439
-3.040813
-2.187649
-5.906469
-2.826864
-6.169019
-6.318853
-2.803576
-2.691780
-6.663704
-7.503213
-8.187661
-8.379605
-3.695034
-3.160018
-5.506034
-7.975301
-9.212156
-4.679910
-6.634666
-7.680250
-8.338972
-5.575655
-8.174759
-9.541525
-9.509224
-11.045870
-6.334514
-7.457109
-9.075109
-10.295293
-10.949084
-7.245022
-9.408030
-7.302430
-9.685179
-9.170568
-6.963388
-8.044146
-11.833501
-9.070721
-7.722313
-12.666997
-10.789064
-9.789650
-8.732998
-12.265192
-8.293179
-8.836445
-7.503725
-11.802436
-8.085181
-10.255435
-9.633833
-10.890905
-7.543246
-6.213161
-8.991523
-8.584491
-8.755018
-11.337799
-10.349609
-7.071161
-6.958365
-7.393809
-8.798115
-8.311232
-9.880163
-5.137548
-8.693543
-7.886972
-8.326286
-5.080057
-8.039204
-4.042526
-5.333958
-4.698429
-2.395293
-2.214346
-5.036025
-2.042589
-1.389500
-2.215339
-3.259548
-0.644618
-4.555757
-1.730455
1.022150
0.013947
0.462313
-2.300414
-2.525019
-1.875780
-0.282968
