-0.178738
-2.305184
-1.357738
0.081474
1.666325
-0.537827
0.767877
2.906922
4.663731
4.347579
5.053814
1.522659
1.963815
2.657578
2.113851
6.629765
6.329545
8.251272
7.101198
8.282804
8.135663
5.604805
5.103472
4.065305
8.043901
5.990352
5.195798
8.663903
7.998073
5.874696
7.010405
9.142648
7.065534
10.930219
10.566223
8.145509
6.584321
6.634442
9.298720
10.473807
10.776885
11.972502
12.439059
9.227959
11.059910
7.458185
9.336298
9.811517
8.274927
12.595595
7.147741
10.925085
12.144227
8.080074
9.337811
7.117524
10.832107
8.982740
7.514670
10.191415
9.234680
9.592473
7.193736
6.872176
6.562358
6.547546
7.721214
5.771534
8.797813
8.392370
7.954635
7.497795
8.661281
9.835573
4.573040
3.899638
7.470376
8.606159
5.612637
4.560648
7.937926
3.503594
5.255017
6.369851
4.724252
4.893379
1.402295
1.405584
0.714246
4.590374
1.688641
0.678437
5.098352
-0.895819
0.797379
2.410976
0.100055
-0.323658
1.941665
1.790699
-1.424227
2.277901
-2.126104
0.626993
0.233254
-3.939321
-4.287572
-3.094842
-5.252469
-2.719616
-4.197334
-2.770463
-6.702316
-4.038924
-3.429008
-3.811550
-7.746604
-3.960111
-6.327804
-6.332735
-6.483400
-8.549477
-6.769582
-6.250313
-8.361345
-6.794552
-9.186181
-10.041911
-7.115420
-7.650119
-10.776999
-7.731985
-11.124852
-9.799778
-9.074401
-11.692497
-7.887081
-10.517684
-8.357411
-11.755591
-9.881981
-11.602356
-11.550430
-11.026687
-9.534416
-11.747171
-10.663957
-11.935836
-10.608531
-11.406255
-12.159799
-8.456521
-7.853928
-6.942414
-11.144213
-7.281909
-9.321836
-11.047136
-7.987192
-7.859455
-10.208548
-11.354082
-7.872069
-11.031981
-8.824831
-8.039093
-7.081416
-10.926739
-6.365307
-5.740672
-10.789007
-5.098544
-8.534682
-6.212672
-4.700862
-5.189975
-5.026002
-9.260185
-3.797424
-3.978078
-7.818325
-5.055958
-7.336749
-4.185270
-5.544000
-4.787743
-6.367976
-3.375346
-4.296993
-5.026817
-1.100870
-4.151612
-4.446148
-1.917098
-3.658294
-0.379562
1.932173
2.089950
1.683522
1.604172
