-1.292167
1.562722
-0.418011
1.263296
3.851731
-0.079227
3.716455
5.110635
3.417041
2.239221
1.932955
4.029736
6.063791
6.955178
2.244895
4.296869
5.377108
3.594776
5.696744
7.182684
7.346001
7.814183
7.955893
6.791978
7.541353
5.749276
4.874605
5.982844
9.564162
9.717107
6.311380
5.574641
6.345854
6.111027
7.187064
11.765555
7.207787
9.206900
7.496201
9.198389
7.552202
8.959541
8.011628
9.384927
12.459414
7.098773
12.667636
9.809785
10.950033
10.702790
12.742722
12.190236
9.585290
10.369214
10.309188
6.905671
9.077933
7.224694
10.625862
11.947880
10.860250
7.292584
8.920303
10.169494
9.576943
8.142332
8.275320
9.008346
7.729214
9.848003
7.357124
8.030166
10.143365
6.077613
9.972179
6.260650
6.545474
8.207027
4.650535
3.110028
2.741621
3.150347
6.808449
5.515594
3.029160
3.361995
2.519397
2.838620
2.361054
1.656513
1.624634
2.218648
2.347596
-0.506417
0.896206
3.670856
-0.075698
1.103540
2.234094
1.137046
0.373709
-2.568940
-2.815663
-3.587235
-3.719525
-0.517378
-3.154609
-1.293818
-3.905003
-4.516940
-2.538036
-3.575653
-6.774798
-2.415794
-3.021299
-1.960935
-2.692606
-6.004954
-6.886449
-3.459537
-6.724269
-5.988306
-7.752124
-6.053456
-5.688815
-7.904670
-7.179427
-6.988767
-9.633440
-9.235319
-7.900285
-8.128306
-7.746800
-7.637957
-7.316360
-8.572410
-9.178363
-7.193343
-7.032947
-10.918033
-8.635985
-10.906401
-8.427001
-7.795259
-7.359017
-7.727762
-7.578768
-8.088265
-8.207606
-8.988077
-12.896662
-11.920512
-10.139413
-10.929131
-7.432291
-11.002012
-11.570547
-8.973108
-7.827744
-10.810470
-9.306447
-6.776393
-6.836749
-9.475153
-9.072139
-11.471479
-10.728802
-7.946412
-10.024539
-6.733090
-9.187709
-7.502029
-8.439067
-8.981483
-9.922013
-4.568929
-5.237543
-7.146241
-8.805423
-8.496358
-7.102718
-3.053996
-7.451479
-2.633489
-3.461116
-3.177899
-2.084366
-1.553642
-1.553666
-5.183143
-5.135944
-3.827610
-3.980687
0.777484
-3.831952
1.512057
-0.031547
-0.282577
2.131520
1.340092
