1.964174
2.459046
2.136343
-0.490584
2.326224
2.301379
4.931318
3.504566
5.164651
1.284877
4.474894
4.375594
6.401317
4.055045
2.247448
4.307004
2.126265
2.533751
7.579231
6.463689
9.103974
6.198646
6.278003
8.001143
5.244564
9.982312
7.591518
10.610274
6.782881
6.764070
6.320770
7.462446
9.137150
6.734243
7.455704
8.845349
10.001652
8.557429
6.818407
9.143116
9.229994
9.670927
11.842582
8.186202
11.223690
11.369412
12.129976
8.283675
10.551212
11.087052
12.767227
7.694799
12.416142
12.530062
7.391833
9.593259
10.056728
6.853929
8.487498
9.184743
6.518167
9.892168
11.444953
11.866702
11.455442
8.853529
7.581928
7.667841
9.993626
10.064552
10.184072
4.923134
5.086396
7.553915
10.023174
5.570159
4.753125
3.408627
8.660486
4.043699
4.365228
2.739129
2.988135
2.360183
7.162913
2.675083
5.002501
2.703428
1.135294
4.360267
1.643336
4.239754
2.099702
1.614761
3.180107
3.525612
-1.504815
-1.687515
-0.098475
-1.333049
-2.426642
-0.531298
-2.378489
-3.036147
-4.236538
-2.120382
-2.626808
0.465506
-2.858515
-2.437399
-4.666150
-0.966712
-6.211094
-3.239412
-6.471646
-4.972187
-6.421258
-3.359156
-7.499156
-4.499408
-5.231639
-8.418218
-7.293613
-8.284558
-5.248357
-5.047170
-5.659360
-8.230734
-8.403652
-7.944756
-8.642022
-6.590840
-7.151029
-6.162467
-6.898633
-7.816471
-8.996760
-7.172293
-7.628293
-9.201921
-10.888288
-9.968263
-9.870977
-6.935608
-10.588006
-10.614562
-12.503030
-11.165116
-7.617066
-7.240842
-8.299826
-7.580970
-10.222184
-7.650721
-9.062936
-10.948636
-11.976700
-7.486952
-9.200406
-11.742324
-11.892948
-9.990179
-7.784026
-11.676198
-8.498266
-9.097724
-8.610001
-6.711211
-8.635440
-8.608668
-9.656267
-10.484078
-8.523196
-5.562272
-5.380213
-6.714639
-6.442948
-6.696342
-4.989110
-4.591127
-2.711439
-4.500047
-2.878218
-4.253316
-7.164366
-5.786188
-2.850961
-5.007284
-0.977916
-5.436105
-4.370792
-4.596130
-2.971061
-0.875072
-2.545811
1.622255
-1.330155
-1.964641
-1.000528
2.860969
