2.658809
-2.200046
3.526737
1.808839
-0.291106
-1.007642
3.147585
1.808677
4.111534
0.485803
2.185947
5.245672
2.443896
6.637348
2.929036
4.314666
6.134833
5.595425
6.870580
4.930368
7.590648
7.843840
4.664004
5.820444
7.911413
4.681117
9.477785
10.382077
8.414334
7.875620
9.823872
6.059765
9.201586
5.894397
11.707512
10.195616
11.401272
9.905715
8.362556
11.835563
10.341821
12.301969
10.365270
7.735612
8.515601
7.888585
9.756505
11.868340
12.060884
7.916344
10.541497
8.723553
7.647559
7.589030
11.871552
8.503189
8.996928
12.543630
8.739308
12.296669
9.981158
7.688529
6.728135
8.757034
7.719167
7.530504
10.935907
6.437089
7.244808
7.641373
7.921768
9.247608
5.772438
4.919902
4.227141
9.738126
8.829717
5.344121
4.802660
5.490759
6.448113
6.792156
2.671566
6.002604
3.925801
2.459584
2.394167
5.833569
0.700815
2.697933
1.215362
3.813056
-0.644598
0.879785
3.279140
2.413851
1.174878
-0.361964
0.324974
-1.088964
-3.158052
-1.999725
1.311603
-3.792677
0.070237
1.005166
0.343073
-3.224605
-5.119271
-3.638932
-6.067736
-1.194599
-1.444651
-6.007987
-4.077784
-4.427833
-5.740230
-8.275145
-6.097309
-5.097737
-5.200440
-3.807604
-5.294453
-6.436871
-8.672438
-4.693699
-7.115805
-8.684766
-7.532006
-7.562616
-11.100824
-9.757272
-8.348006
-7.392689
-8.515099
-8.889274
-9.168233
-6.521724
-8.349233
-11.446992
-9.728982
-10.732745
-12.006065
-7.267319
-7.572808
-9.820860
-12.200731
-12.119710
-9.331607
-8.755581
-8.441308
-9.649774
-11.368894
-7.178930
-8.602678
-10.026884
-8.288030
-8.246585
-12.151576
-6.770278
-8.093720
-7.341880
-6.820558
-7.634874
-7.010605
-6.781214
-8.494989
-6.896479
-8.681759
-5.718819
-6.172805
-8.742115
-5.233424
-5.603585
-5.742452
-7.564889
-5.420369
-3.817610
-5.084236
-7.518300
-6.715555
-8.007942
-7.343806
-2.983702
-4.319411
-2.922236
-5.583771
-3.518968
-5.313256
-3.332728
-2.834721
-0.438166
0.771166
-3.957849
-2.256140
-0.557907
-3.377833
-1.161082
-1.491896
0.277619
