-2.234266
2.231774
-0.810686
3.035328
4.269220
-0.497637
2.756539
2.779685
3.240374
5.036360
4.174424
5.089947
4.361354
4.609368
6.367476
6.577011
5.629237
7.181936
5.137747
4.660635
6.511421
6.175143
4.910808
7.192718
7.431487
8.665190
4.999654
9.943510
8.341539
7.495902
7.212824
9.774017
8.818944
8.022406
7.206451
6.625938
7.201591
12.052082
9.456674
10.804555
12.149751
9.853417
11.477485
7.312126
12.670394
7.876904
7.617685
10.518934
7.326938
12.272785
11.733975
10.921972
10.312423
12.462405
12.272916
12.719317
8.235205
10.668355
10.800081
10.198746
8.778091
10.685744
7.090810
7.463074
8.902489
7.644315
8.030552
8.243997
6.180205
5.146291
7.365522
6.775729
7.143673
8.726190
7.672318
4.805190
5.560377
5.193385
5.884558
4.417136
3.217653
8.252972
8.028166
6.956309
6.678457
5.270305
6.322965
4.337169
3.404513
5.104997
5.059940
2.185954
2.632393
0.348613
0.155293
3.015569
-1.492022
1.829937
1.539247
-2.269277
0.271735
-0.591032
-3.338577
-0.345998
-3.604964
-1.234179
-3.767354
-0.573566
-0.128300
-0.735912
-5.798148
-6.562198
-5.926375
-3.257630
-1.917618
-4.787425
-7.448825
-3.978392
-6.991463
-7.206045
-7.380278
-9.027010
-8.492388
-9.019111
-4.936636
-4.330974
-7.811145
-8.297882
-7.888919
-9.047112
-9.429243
-9.214226
-6.961988
-10.394889
-11.064908
-11.521394
-10.464509
-8.537350
-7.725866
-10.947451
-10.268438
-9.492318
-8.989422
-12.336963
-7.091379
-12.288228
-7.654624
-10.176985
-8.487414
-10.244822
-12.591790
-10.258568
-9.639585
-7.604216
-12.078124
-7.731150
-9.518543
-6.691346
-12.503404
-6.847994
-10.704013
-6.355154
-9.612545
-11.576803
-11.859291
-6.170554
-6.362225
-6.647247
-6.784189
-10.558862
-7.266302
-8.457850
-5.185881
-6.604536
-5.944073
-7.490100
-8.085047
-5.254161
-5.156908
-3.398587
-3.779876
-4.602030
-6.669634
-7.638639
-6.234646
-6.346838
-4.805445
-3.964700
-3.644271
-4.068430
0.062424
-0.519314
-3.563349
-0.491801
0.213613
-3.047934
-0.371383
-2.924949
-2.936057
-0.484912
