-2.522414
2.016790
1.121180
-1.034915
1.355305
4.539092
4.664198
4.528214
0.077454
5.324452
2.823192
2.847494
2.523327
4.614273
4.090460
2.302312
2.986438
6.147019
3.072658
5.525472
8.531434
3.382252
4.124968
4.372748
5.223783
5.755135
9.782051
9.019485
9.074008
7.787566
6.029321
7.292082
6.894829
11.660393
8.712640
6.974629
8.543676
10.169076
7.374347
9.673953
10.602940
11.238570
6.898855
8.578380
9.989866
11.508607
8.494197
12.148319
8.919040
7.972883
7.912226
12.554907
11.803903
9.905292
11.362991
8.209700
8.778225
7.286995
11.324095
7.750504
12.008985
7.411953
9.511882
6.990314
7.504585
11.298226
11.225232
11.170875
7.977190
7.050297
7.787427
6.673765
6.709298
7.327643
4.689725
5.213966
8.464931
4.730991
6.776100
4.270709
3.178326
5.692850
5.254957
3.108258
3.867282
5.305396
1.606320
4.359564
3.002310
3.423752
2.426463
3.998973
0.715510
-0.394298
1.060483
-1.638517
1.099663
2.979009
-1.588558
2.336701
1.337970
-3.270684
-2.267865
-3.003724
-2.257351
0.555287
-0.986671
-2.448040
-1.620937
-2.589419
-1.081305
-4.288863
-6.440500
-1.592541
-5.558220
-7.695848
-3.684237
-4.353774
-5.872299
-4.082488
-3.844570
-7.135450
-4.428875
-8.531429
-5.372816
-6.295812
-9.644092
-7.120122
-8.443615
-6.009035
-5.628791
-9.985300
-8.235100
-7.726331
-7.320329
-11.651629
-7.597880
-8.888109
-11.061178
-10.224197
-9.469038
-9.136334
-12.720232
-8.249683
-8.493604
-10.114822
-10.771257
-9.104178
-8.535753
-11.957905
-8.278365
-11.026737
-9.903429
-8.662282
-12.299818
-10.880346
-7.432972
-11.107584
-11.403205
-10.560209
-8.012897
-9.496902
-7.802281
-11.463725
-6.913001
-8.523128
-9.958737
-10.315310
-10.453131
-5.635973
-8.829342
-9.548969
-8.663987
-5.638376
-6.756467
-4.930420
-4.485240
-7.024493
-7.447875
-6.277453
-2.897936
-4.199817
-5.228323
-3.559105
-2.166107
-6.532202
-4.118449
-4.164232
-5.965672
-4.923158
-5.780268
0.207232
-0.523837
-0.437273
-3.340409
-3.124037
-0.600369
1.456648
-3.255257
1.166755
