0.286995
2.091883
-1.154061
0.605965
-1.219613
3.069463
3.752950
1.629731
-0.149347
4.116574
2.862170
1.162416
6.470005
6.841657
2.208663
5.609140
6.990839
3.272835
4.137619
3.858360
6.740949
8.605167
7.886649
6.328988
4.204542
6.075896
9.777335
5.919802
10.007675
9.239660
10.983845
8.423000
10.718854
11.444882
7.433467
6.833398
11.696687
7.544258
10.587910
7.656674
9.891196
10.352388
12.256561
6.892956
7.185198
7.002691
7.222706
12.829583
11.468010
11.362649
12.543812
9.905835
10.956403
11.988400
7.458779
12.487677
12.638141
8.261896
11.127663
10.914813
6.745780
10.388919
6.818820
9.291430
7.105025
8.702718
9.805197
5.503592
7.312203
5.283435
6.764213
10.582258
9.014643
4.566564
7.083817
5.268733
5.374166
8.325964
7.779177
6.673925
8.225885
3.610800
6.628988
7.029392
5.393461
2.755637
1.083132
6.431441
5.918852
3.137929
0.769403
0.177167
1.334094
2.887540
2.573886
-1.223671
0.342929
-2.189391
0.047315
0.652093
-2.439476
0.739672
-0.380013
-2.922090
-2.112757
-2.476176
-4.735728
-2.676526
-3.071019
-2.278117
-0.718211
-0.806628
-6.066528
-4.838196
-5.075437
-4.676372
-6.744143
-2.934475
-8.416270
-8.515155
-3.694255
-3.842056
-6.533718
-3.913804
-9.317162
-4.936869
-6.517715
-8.936886
-6.719306
-9.635699
-9.952938
-6.949760
-9.150958
-11.727337
-8.825714
-11.538123
-11.414182
-7.913840
-11.280282
-7.884633
-10.430265
-8.204160
-8.586046
-10.820609
-10.461835
-7.092410
-8.590706
-7.257221
-9.804734
-7.683239
-9.090170
-7.775050
-12.386250
-11.144375
-12.499871
-9.043462
-9.176837
-8.280126
-9.772382
-9.772724
-12.003974
-7.997159
-7.755725
-8.643063
-11.519681
-8.189742
-6.071714
-11.417945
-7.335225
-6.157598
-10.828722
-8.171844
-9.349259
-9.150260
-5.028164
-5.734868
-3.729366
-3.797952
-8.699185
-4.168594
-6.542213
-2.682418
-5.510342
-5.761639
-5.386080
-2.648458
-5.473207
-6.053482
-5.152871
-1.317895
-2.306302
-3.326611
-4.833366
-2.956758
-0.174519
0.802151
0.749176
-2.091252
0.239571
2.123498
