-0.803275
0.259966
3.610742
-1.600350
1.257880
-0.371516
2.262443
1.401295
0.767741
4.218524
4.323204
2.947780
1.389635
2.062810
4.047414
4.883909
4.493343
3.135742
6.679600
8.108707
6.307131
7.645347
8.707157
9.191615
5.817793
7.599830
6.098345
9.888739
5.121879
5.663460
6.149312
8.336633
6.181899
6.062973
7.928881
7.326343
8.758624
7.521563
9.487428
10.553619
6.875954
9.242696
11.442194
8.551359
9.214819
8.756265
7.526949
10.692943
7.897386
7.411368
12.462878
10.087977
12.759369
11.114755
8.952968
8.273578
9.316896
10.149409
11.361205
10.993344
10.981651
9.548474
6.932338
8.167097
6.320804
8.609752
10.982875
10.360073
5.928541
10.484080
9.730999
5.892744
7.170415
6.439439
4.252640
7.812839
5.726187
4.889731
7.862681
5.234758
2.698468
7.436604
7.730175
2.153150
6.995284
5.892871
4.595183
1.922744
6.212708
0.469056
3.057019
1.028054
1.362274
0.653409
4.039667
4.040993
2.630215
1.815183
2.241045
-2.049402
-0.539559
1.935848
-1.540987
1.602525
0.641343
-1.177707
-1.455668
-4.703982
-3.266635
-5.006846
-2.982581
-3.843545
-1.387937
-2.288906
-6.156454
-6.381814
-7.998551
-4.830397
-5.155923
-6.113088
-4.903657
-7.370977
-9.129607
-4.796924
-8.661304
-8.690252
-9.122786
-6.152950
-10.293518
-8.043861
-9.900122
-7.689860
-7.593719
-8.733412
-11.101633
-6.629183
-8.014430
-10.193818
-7.982402
-11.810471
-7.709171
-7.002290
-6.842473
-8.213111
-9.347743
-9.995000
-12.241919
-9.410737
-12.924098
-9.068471
-8.490668
-10.396757
-12.320284
-8.624126
-8.504180
-8.418893
-11.679838
-8.648396
-10.338763
-11.763971
-11.702767
-11.457430
-11.904671
-8.352507
-11.791364
-8.222845
-11.379543
-10.734552
-9.928298
-5.120301
-9.439704
-8.272700
-6.541653
-8.569239
-7.375317
-7.308826
-5.087237
-6.330425
-3.753125
-6.551412
-7.798802
-3.434621
-4.510932
-2.875989
-1.645424
-1.851693
-3.584355
-1.545831
-3.336314
-1.587383
-1.150843
-5.349531
-0.149697
-0.234697
-1.899439
1.413274
-2.042286
1.288702
-2.795202
0.473270
