1.749893
-0.654720
-0.541016
0.164857
0.583475
4.070654
2.084699
0.530076
1.471237
4.906844
0.579282
4.707286
2.115706
1.517033
6.443384
4.409651
4.739588
5.716614
7.981501
6.105535
8.242315
5.591248
5.709993
9.008135
5.213523
9.253693
6.763283
7.152909
7.945043
6.980616
9.041616
7.896525
7.253316
6.880135
8.375953
10.321440
8.954732
8.283250
11.407121
11.484298
11.627750
6.690243
8.583956
12.091420
10.059539
12.487294
9.747850
10.800127
8.740668
11.683736
7.646899
7.207582
7.536319
10.137372
12.416930
9.393714
12.186265
12.341520
9.001941
12.098242
6.456191
9.342084
7.510371
8.293901
10.747871
10.400286
9.757111
7.904245
5.670980
6.205406
8.804574
10.204958
9.308453
7.669886
8.727952
7.802777
5.679606
7.671413
6.395991
8.012830
3.829857
5.094877
6.349241
7.235182
4.557997
2.663590
2.594899
1.908784
2.471835
2.191610
3.501418
4.270307
5.089354
2.342754
1.333459
2.154899
0.071132
3.148671
2.984258
2.666584
-3.307300
1.751754
-1.978384
0.514924
-1.196557
0.186402
-1.788835
-5.299121
-5.687494
-0.897984
-3.551394
-6.571501
-4.128685
-1.274501
-2.087185
-6.390800
-6.534225
-3.154144
-5.792267
-5.651178
-7.392106
-7.527022
-5.429401
-7.228583
-4.295443
-6.463475
-9.418257
-10.153936
-8.691348
-6.943942
-6.797638
-11.071329
-7.126536
-6.099095
-8.558285
-8.687495
-7.182149
-6.728563
-6.905014
-8.904437
-8.578936
-11.944057
-10.276848
-10.749318
-6.939639
-10.308155
-7.349929
-12.571394
-8.899687
-12.990377
-12.772928
-10.132725
-9.784412
-12.719621
-9.165270
-7.060001
-7.551949
-7.965992
-11.028713
-7.180732
-7.043837
-8.430130
-6.617636
-8.295131
-11.365864
-9.957354
-8.962277
-7.329438
-11.258244
-5.303995
-7.987256
-5.854565
-8.572240
-10.008554
-9.951026
-5.438762
-5.498190
-4.260488
-4.840297
-8.509289
-5.537425
-3.937188
-6.631900
-3.665495
-3.912111
-3.115816
-4.656456
-6.106854
-0.852697
-4.598461
-0.537981
-1.965481
0.171308
0.391685
-0.759284
-1.966945
-0.159670
-3.322784
0.563661
2.150252
