0.414177
2.256800
3.529972
1.708721
1.443160
-0.067307
2.249634
1.512471
2.579679
0.124122
2.297239
4.949179
6.273073
2.354574
1.643699
3.908173
2.919243
7.021657
4.141285
7.080897
7.643149
7.690424
7.682503
5.511117
9.568068
5.800109
10.186946
5.845743
6.880505
6.618500
7.709667
11.195930
7.521820
7.487543
9.219198
9.034548
11.112081
10.291090
9.602403
8.769531
8.543917
9.608558
12.149032
7.973854
8.612710
11.006360
7.560151
11.390398
11.692293
11.913478
9.225505
10.909923
10.135434
9.066868
10.196633
9.125291
9.444057
12.659059
8.557879
9.426479
10.761869
11.384399
12.067240
12.022774
7.645700
7.713862
9.754199
8.638595
8.590917
6.090120
8.816365
5.333960
9.592122
9.178359
6.196554
5.318731
7.195875
8.441078
5.770512
4.460333
5.000692
3.344523
6.833007
7.799718
6.693189
1.519942
6.708586
1.234754
5.605932
4.166950
-0.148451
4.362007
1.556230
-0.607037
-0.630207
0.788682
-0.245259
-1.342057
-0.320487
-2.135338
-1.961112
1.129475
-2.282143
1.480511
1.300300
-1.864318
-0.083139
-2.030969
-0.035618
-5.752860
-0.897411
-5.359026
-1.672835
-1.312873
-7.488355
-1.994261
-3.471821
-4.225025
-4.307103
-7.178226
-4.257442
-4.466320
-5.500482
-7.421878
-8.555832
-5.070370
-5.250469
-9.800487
-5.769732
-8.972095
-7.500007
-6.704230
-8.877000
-8.452445
-10.353388
-10.858599
-10.848606
-10.877971
-10.631628
-9.984783
-12.444064
-11.553051
-11.686489
-12.144538
-8.882695
-7.527803
-9.768128
-8.137175
-9.457756
-9.249536
-8.507371
-7.470294
-12.456782
-7.498712
-11.413566
-8.403286
-10.077487
-7.308055
-12.298522
-11.824040
-7.876450
-8.826779
-10.517946
-6.188875
-10.943719
-8.677262
-10.129121
-5.592228
-10.043646
-10.108939
-9.191723
-10.317217
-8.662146
-9.657181
-6.301489
-5.115189
-7.388161
-5.165401
-3.713303
-4.223538
-5.237982
-2.962746
-3.085863
-5.017515
-4.219395
-7.088433
-4.056137
-1.075309
-4.108284
-3.128897
-0.715382
-4.576573
-3.987701
0.347854
-3.868941
1.659348
-0.402301
0.467004
1.705808
-1.272997
