1.409714
2.744403
-1.732035
4.227207
-0.554259
-1.020097
3.892854
5.138886
0.880334
5.098887
3.137061
6.093768
6.342454
3.560150
3.196878
5.489443
7.794959
5.914339
6.052039
6.780396
7.092033
5.331067
5.629644
4.233322
4.888662
8.143615
9.782726
7.718108
10.352972
10.165564
6.935163
7.897785
8.491136
5.847064
8.283560
11.993458
9.483725
9.265363
11.478924
11.811851
8.719895
8.912727
8.875911
11.401022
7.413129
9.768261
12.628587
10.459996
11.042393
8.082909
7.231880
10.619788
12.760177
10.850383
7.099500
9.972040
7.175986
10.275804
9.236422
11.306141
6.693562
7.553763
10.750626
11.094483
11.810041
7.465328
6.185589
5.660835
6.478441
10.928691
9.575496
6.874521
9.725404
7.310287
8.352795
8.661307
4.969502
5.669061
3.283171
4.615496
3.163356
4.847505
7.185122
6.532344
4.826980
6.235827
6.445992
6.040690
1.629715
5.877681
2.331893
5.040593
4.185051
1.502325
1.778534
-0.886787
1.153117
2.107761
2.147298
-0.258600
0.298502
1.269518
-2.319684
1.008908
-4.517517
-4.867893
-0.262118
-2.820013
-5.778378
-3.892271
-3.464568
-4.812354
-6.955867
-2.813166
-5.580815
-1.994066
-3.355212
-7.912381
-7.331788
-7.407902
-3.793181
-8.053967
-7.761932
-8.394110
-7.013390
-4.680621
-7.134531
-10.554301
-9.299891
-5.542306
-5.415072
-7.127424
-8.870359
-11.663614
-5.971515
-10.309716
-6.353922
-9.519330
-11.145420
-10.663191
-9.706078
-8.415256
-6.942885
-10.674285
-10.298665
-7.788092
-10.516000
-8.032664
-12.317652
-11.254095
-7.292435
-10.242691
-7.456122
-10.865606
-11.540174
-8.659875
-7.950351
-10.739176
-9.474464
-11.509812
-9.903249
-11.668838
-6.611404
-9.728256
-8.044030
-8.102120
-8.505160
-6.842569
-10.169205
-7.270747
-8.965221
-6.411597
-6.161910
-7.006789
-5.392047
-8.298853
-8.615150
-6.867801
-7.773497
-3.018153
-4.787752
-6.237976
-6.297060
-3.790248
-2.314406
-5.150139
-2.326602
-5.085011
-2.690676
-4.345483
-2.181860
-1.020285
-1.716679
-3.783376
-0.057851
-0.839391
2.003935
-0.358447
1.217838
2.633935
