-1.490813
0.915370
3.497930
2.992774
3.259540
3.776345
0.131327
5.053844
4.962597
5.883637
1.186659
2.478731
1.076732
6.030552
6.321903
4.619046
5.451660
6.603612
5.310998
4.879305
3.833462
5.639512
6.190974
9.479491
8.555717
5.555337
9.230808
4.814675
10.139612
6.068686
10.675959
8.321560
6.323158
11.106910
8.967812
7.900164
7.114835
11.906480
8.364667
8.625967
8.946828
11.757942
11.322272
10.336520
12.523257
9.029796
8.851253
12.542069
10.568872
10.471827
9.230876
9.165766
12.092572
8.267281
8.854052
12.280018
8.300440
11.483173
7.109264
12.239206
9.017636
10.429556
8.356788
11.089704
6.287353
6.794030
8.997302
7.653642
6.154854
6.740754
7.514391
5.361060
8.186593
8.395471
6.299023
7.523580
7.183343
7.243349
6.068051
6.451224
5.578649
2.611634
2.770055
5.047055
3.786106
4.355898
2.717984
5.346898
1.280779
5.366144
3.489486
-0.395213
2.927249
0.024573
2.984423
3.950981
-1.833040
1.222026
-0.321182
-2.611745
-1.809050
1.014312
1.072926
-0.105583
-2.280449
-1.771402
-2.175326
-4.850049
-4.876541
-5.722511
-5.712435
-4.506703
-3.003547
-4.901290
-2.922752
-4.235246
-3.410200
-4.565981
-6.457609
-3.980360
-5.184466
-4.942116
-7.052156
-8.496022
-4.624949
-9.430453
-5.120429
-8.260805
-8.440001
-5.209996
-5.897654
-8.943707
-10.371485
-9.673158
-10.253655
-7.813513
-7.190148
-11.893739
-10.396835
-12.121792
-10.968630
-11.430218
-10.668569
-10.143203
-7.220169
-10.125603
-8.248714
-10.025899
-9.175566
-12.331012
-9.814732
-8.626646
-12.837916
-8.126643
-8.421763
-10.068430
-7.203111
-7.860349
-7.035412
-7.461113
-6.680731
-8.541139
-11.831867
-7.496087
-11.178935
-8.828405
-7.320918
-10.428327
-10.718113
-9.068722
-5.379866
-8.271364
-5.250460
-4.315904
-7.077117
-7.191003
-8.992292
-6.310453
-6.155109
-6.699135
-7.852245
-5.455048
-7.375152
-6.766811
-7.084584
-4.428831
-4.888306
-5.790852
-2.538775
-3.414863
-2.429891
-5.359262
-1.269210
-0.957220
-0.781525
0.921821
-0.049255
0.389805
2.438841
2.685351
