-0.598037
0.907887
1.076173
2.732014
-0.705906
1.936326
3.728670
2.413608
2.135941
5.461628
2.495044
5.108571
3.724848
5.575205
2.522955
3.970257
5.013283
6.741777
8.591663
5.032384
7.200010
7.322966
5.138682
7.328452
4.717763
4.822639
7.019893
8.546997
9.101859
6.756099
9.821501
10.262321
6.971398
10.902520
9.943104
8.491401
10.730283
7.279739
6.831106
9.226805
11.366050
12.299305
7.434217
11.021064
9.768205
7.335390
7.414897
10.459776
9.184487
12.236220
12.393964
7.823470
7.821872
10.758223
7.061447
7.288517
11.113697
11.605497
9.023784
9.009432
7.586442
9.795428
10.658877
8.704356
11.687368
7.213254
9.579946
5.479404
9.232664
9.105176
5.499109
4.888172
10.333910
6.405866
7.051880
4.569716
8.284680
4.167288
3.554266
7.645069
6.109652
5.978180
7.006515
5.421947
2.932390
5.577292
3.046160
2.955689
0.530983
0.823172
1.945471
1.356497
1.025862
0.663220
3.008908
2.616042
2.748495
-0.148893
0.377712
2.577400
-1.038325
-3.071966
0.293433
-2.070012
-0.760698
-4.755962
-3.773475
-4.930069
-4.634653
-3.661839
-5.966867
-4.927513
-1.593960
-2.336571
-5.398049
-2.301177
-2.758786
-5.442114
-7.837677
-6.739552
-8.848670
-8.170926
-8.370237
-9.650584
-5.448965
-4.614469
-7.686964
-5.928983
-9.668616
-8.432802
-8.902507
-10.038215
-7.959971
-6.932784
-8.593873
-11.317994
-9.164670
-9.484978
-10.868903
-7.314252
-10.817358
-7.474002
-12.320252
-8.266866
-10.279187
-9.720270
-10.858571
-9.412782
-12.298140
-7.867071
-11.148644
-11.634249
-8.440481
-8.364791
-11.145597
-7.382330
-9.032646
-9.467818
-9.720882
-9.500501
-11.285880
-8.533896
-6.523756
-10.811794
-9.774123
-11.281156
-8.586652
-5.645828
-11.092654
-5.849925
-10.549628
-6.277767
-7.153542
-8.272563
-7.295410
-4.342633
-4.152236
-3.670189
-8.829393
-6.309371
-2.724040
-7.586124
-2.396981
-7.513772
-3.821939
-3.742700
-2.070820
-5.602607
-4.146497
-3.916826
-5.591829
-3.506248
-0.498014
-0.675112
-1.858988
-3.811972
-3.423177
0.965437
-2.444296
-1.311656
