-0.525087
1.172808
2.694000
2.649246
-0.750159
3.770490
0.079973
1.589153
3.172218
5.627033
6.047293
4.945605
1.245734
2.812289
1.561581
6.515993
8.088600
7.596102
8.064595
3.162018
7.549396
6.372850
5.485593
6.289275
9.952980
8.280812
5.558342
8.374564
6.119365
9.557688
10.855777
7.117227
9.616285
6.469664
6.001780
8.635748
11.316050
10.912873
9.123349
11.799148
10.499969
7.736693
9.266356
11.854554
11.096927
9.963981
10.892512
10.569931
7.293623
11.433216
8.066519
12.708329
8.727930
8.750471
7.646057
8.370113
11.326166
8.229444
9.035325
11.935563
11.730197
10.213756
10.474978
10.644610
11.062813
7.957573
6.877303
7.882444
5.544541
9.188789
9.249742
9.991032
7.632860
9.679662
6.509482
9.246151
7.991794
8.285313
7.632313
3.386012
7.962685
4.344285
3.424676
3.687544
2.551429
2.524551
6.083420
3.253392
3.026952
0.159153
3.532296
-0.103928
4.825933
0.231807
-0.532415
2.289657
1.780046
-0.025934
-0.315886
2.801198
0.187430
0.805080
1.268437
-1.422867
-0.151314
0.494311
-3.484484
-1.936812
-0.411387
-0.583580
-2.850459
-4.793920
-3.381861
-4.864288
-7.498144
-2.695352
-3.215269
-4.406853
-7.239446
-6.609829
-4.150415
-6.854360
-5.372663
-6.752462
-7.453385
-8.188109
-8.919168
-7.831176
-9.497556
-6.977756
-9.014912
-9.580057
-7.749737
-6.768222
-9.825231
-10.620688
-7.594311
-10.470380
-10.525506
-9.487741
-8.126934
-8.007025
-10.520961
-9.379082
-10.910298
-9.818091
-7.466012
-11.592996
-12.663837
-10.396030
-11.844876
-10.122491
-7.525783
-8.001991
-7.093211
-8.870817
-10.991700
-11.852758
-8.340380
-9.380513
-10.906228
-10.129259
-11.980789
-9.031263
-11.469252
-11.746014
-8.868328
-7.429125
-8.318659
-10.382657
-8.645618
-10.009939
-5.907589
-8.349753
-9.845483
-8.198480
-5.351639
-9.355729
-6.674002
-6.905985
-7.387671
-4.405118
-6.262915
-3.750139
-4.902296
-5.739145
-2.991119
-2.301472
-6.140446
-1.014404
-3.578072
-3.452901
-2.814751
-3.557087
0.630325
0.672017
1.126105
-0.111451
-0.261437
-2.619234
