-1.935233
1.606614
3.564307
3.238675
-0.320596
-0.837790
0.877946
1.689273
4.198253
4.599211
1.844571
5.110272
2.533545
6.343497
7.047842
3.008383
7.587004
5.040998
4.783752
6.042054
5.364358
7.290396
4.234134
4.460988
8.997662
6.102376
9.528898
7.951560
7.338703
10.015139
5.316485
9.224320
7.608933
8.796595
7.989124
9.430527
9.767361
8.082723
7.854801
10.037495
10.559751
11.375781
8.683315
9.394830
8.262614
11.678412
12.784372
9.861630
9.188483
12.718068
7.520191
7.852107
9.640555
12.419900
7.920137
9.499914
12.210622
11.115362
6.914278
7.667985
9.392962
11.228762
11.080093
6.649352
6.599412
8.590640
11.109246
9.380330
10.121390
9.120101
6.169126
6.294184
6.512342
7.538514
9.361057
7.538444
4.161896
6.026931
6.764801
6.060825
8.528458
5.289219
4.001592
2.803298
3.882971
7.045926
2.302056
1.034590
0.771803
5.872469
0.011266
3.574303
-0.641442
-0.488327
0.386235
2.690458
-2.012669
0.786929
2.624878
2.605929
-0.553014
-1.458323
-0.209083
-3.271443
-0.124617
-3.656166
-5.106801
-4.610091
-2.012335
-1.426114
-3.969817
-2.326357
-2.222760
-6.073252
-5.300575
-7.047516
-5.520854
-8.239616
-6.043234
-5.152992
-4.758197
-9.208354
-8.348842
-5.335521
-7.466366
-7.261271
-5.758879
-6.529477
-7.869800
-5.184653
-9.951834
-6.832866
-10.954936
-10.032845
-10.227029
-6.135579
-7.917449
-11.413352
-9.203239
-7.627061
-8.747899
-8.417194
-7.616622
-11.981485
-12.205250
-11.279439
-7.111834
-9.105284
-7.587464
-12.925963
-7.576170
-10.727403
-10.113924
-9.641012
-10.893903
-6.928822
-11.847636
-8.997374
-9.573624
-7.108357
-6.942797
-7.736890
-10.906424
-9.658915
-8.908921
-11.145671
-9.992745
-9.606548
-10.691198
-10.406938
-5.348711
-6.128690
-6.515548
-7.140405
-8.857298
-3.929570
-7.427838
-6.587974
-7.685492
-3.524092
-3.495753
-3.755849
-2.709544
-3.460219
-4.436761
-5.728390
-2.534301
-3.123457
-3.547053
-2.708668
-1.315467
-2.510586
-2.144670
0.966327
-3.659635
-3.267241
-2.935051
-0.983485
-0.264403
0.522292
