-0.846986
-1.010507
-0.097036
-1.141768
0.028397
-0.566276
0.509832
5.343900
0.963431
0.793042
1.161698
1.493463
2.558487
6.680589
4.155945
5.551706
2.298280
2.812358
5.228659
5.780609
6.765504
6.824267
8.118429
9.413058
4.559856
7.844588
4.748665
4.860740
9.615626
8.500703
7.239926
7.000524
9.856188
8.724916
10.939435
11.183976
9.964688
11.289826
8.611783
8.373318
6.644852
6.750709
12.619715
11.955813
9.439376
11.988238
7.162698
11.896684
12.266748
10.919510
7.668147
7.251185
12.253857
12.684752
7.234663
10.006441
11.154315
9.983670
7.759827
6.919508
11.750746
11.593210
9.666751
8.201007
7.704679
10.425667
9.942674
11.323519
10.563680
9.015050
9.281283
6.976622
7.646761
8.219335
7.855967
6.321686
4.658596
7.386175
6.992533
8.674010
7.674707
2.887371
4.603657
6.712997
6.485999
5.438384
2.609382
5.206878
3.542461
3.474097
1.146250
0.525286
4.151298
-0.073609
-1.406259
-1.606548
0.393104
-0.847834
1.438807
0.978738
-1.690625
-2.969233
-0.818459
0.979341
-0.895816
-3.664324
-1.015838
-0.753258
-4.782921
-0.981403
-5.539587
-1.750809
-4.916284
-3.152620
-1.985113
-2.697647
-2.343581
-7.185341
-3.948453
-5.742735
-7.331111
-6.723265
-8.144666
-8.012276
-8.645017
-8.311467
-8.296283
-6.840157
-9.237509
-8.729884
-6.588991
-7.511174
-7.074763
-10.191220
-10.835964
-9.175000
-8.443386
-7.273179
-11.851438
-8.074995
-11.879304
-7.488229
-10.303006
-9.786597
-8.731384
-12.868465
-11.404326
-10.792795
-9.250741
-7.163818
-12.739752
-12.531938
-8.053489
-10.880750
-7.029688
-7.807758
-11.211696
-8.722257
-8.375756
-8.527535
-9.476344
-9.997719
-11.321047
-7.858989
-10.381162
-10.658130
-6.885059
-5.523541
-10.635673
-6.614070
-9.459541
-8.158357
-6.708485
-9.447360
-7.935462
-7.514087
-8.896566
-6.284903
-7.171051
-8.177937
-3.955592
-5.734678
-4.325179
-3.847399
-6.289481
-3.098909
-5.720317
-4.403316
-5.095898
-2.080900
-2.361987
0.064393
-0.568501
-1.051307
-4.011962
-1.670368
1.647686
-0.943969
0.466107
0.811027
