-2.451463
0.642941
0.404375
3.146253
-0.259726
1.546782
1.996493
3.996639
4.250702
3.897975
2.428311
5.781546
5.078824
1.474193
7.124624
4.363154
3.518680
5.398531
5.636087
8.523607
8.735403
8.380923
6.582160
6.487959
6.081065
9.597006
9.877572
8.209385
9.327086
8.017127
8.689603
8.296889
11.439359
6.742779
10.019115
8.101446
8.744374
10.386038
7.948339
12.175666
8.074539
11.238457
8.627930
8.249237
11.769583
11.158257
9.846945
7.392390
12.487928
10.910239
10.130547
12.303877
9.993640
12.917643
7.513160
8.626313
7.945555
10.263266
8.936288
11.676267
12.407950
11.136954
9.876250
9.664496
6.438935
8.010738
7.823511
10.967904
10.315315
7.559239
5.038336
9.818581
7.053260
7.042816
5.116496
5.334781
4.444962
8.280255
7.293341
5.371886
3.417301
6.677074
2.904764
5.407765
5.887781
6.239263
5.191791
4.704444
5.365033
5.913072
1.840289
4.395606
1.255687
2.040395
0.996324
-0.255742
1.767794
-1.303384
1.227694
-0.027892
-3.113736
-0.797262
0.961689
-3.334750
-2.968699
-3.566556
-1.545211
-2.960534
-1.780188
-3.213528
-5.420770
-3.847628
-1.742529
-5.942415
-5.165205
-3.729776
-4.368030
-2.641056
-8.172408
-6.448190
-3.268433
-7.905889
-4.980752
-8.209171
-4.540265
-8.394523
-10.474724
-8.194656
-7.983856
-9.412274
-7.839350
-8.109722
-6.133480
-10.303296
-6.023348
-11.839630
-11.994627
-9.965897
-9.921602
-11.262296
-7.392089
-11.700267
-9.757562
-10.534987
-9.448194
-10.834266
-11.134129
-10.374181
-11.364788
-9.331733
-8.609240
-9.602852
-9.877227
-7.731621
-9.000881
-10.533460
-12.107521
-8.436899
-11.718374
-12.264791
-7.117436
-9.143535
-9.201146
-6.085455
-6.145125
-9.081377
-5.628506
-8.030841
-7.594573
-5.181845
-8.185926
-7.070755
-8.655116
-6.532843
-9.113294
-6.177585
-6.092977
-7.388574
-9.036929
-8.666503
-6.463574
-4.037789
-6.134048
-5.373047
-3.237528
-7.227752
-2.640397
-3.828843
-5.539615
-0.699229
-3.649545
-5.175433
-4.394735
-2.274593
-4.038952
-3.832235
-1.330524
0.195277
0.960118
-2.977844
