0.159201
1.155045
-0.764813
-0.300625
2.682383
2.015262
0.880112
1.379686
5.594267
3.012228
1.843955
4.528169
5.040391
5.661034
3.454965
6.743208
7.591480
2.637686
2.834275
5.900594
7.346690
6.410968
3.896180
9.679304
8.560278
9.214587
4.704673
10.474243
6.245176
10.249437
7.807022
8.779164
6.888774
10.841816
8.432073
6.296192
9.507921
8.756658
11.009489
11.090078
6.929989
12.610835
7.959200
10.877999
9.109117
7.941665
10.940086
8.659782
12.494003
11.293348
11.223603
8.737418
12.379338
11.522219
9.236225
10.152784
6.986925
8.284365
6.641878
10.765465
7.859635
7.678325
8.820948
10.648304
6.951407
9.485135
10.377944
8.403865
5.376506
7.834098
7.461186
5.011442
7.542131
7.174468
6.964511
4.064819
5.949214
8.526136
3.962027
2.996886
3.145120
7.853298
5.429555
2.898262
7.031774
1.926865
6.730964
0.742304
3.184884
2.782026
1.371571
0.688505
3.722351
3.189862
-0.037258
0.906376
0.388228
2.504681
2.441618
-0.380919
1.447592
-0.204286
0.771035
0.137037
0.009432
0.744839
-1.625810
-0.502982
-5.666346
-6.049504
-1.846061
-5.627903
-2.997028
-4.283615
-2.790677
-2.074328
-5.106527
-5.792504
-5.901881
-8.241216
-3.601588
-3.805411
-5.974628
-7.839899
-7.750297
-4.455825
-6.106750
-10.204575
-9.383206
-9.579657
-6.425553
-11.227411
-6.422853
-10.901838
-8.628817
-7.074557
-11.815965
-6.926672
-11.469949
-8.200114
-9.459350
-7.813558
-10.632839
-6.988009
-8.235844
-10.952070
-8.257343
-12.732732
-7.439430
-11.972086
-7.043353
-8.938395
-7.047587
-8.193461
-8.667499
-7.521102
-8.782369
-8.238346
-8.536891
-6.623471
-7.693283
-8.127258
-9.197108
-9.019356
-11.298597
-7.939077
-9.590629
-10.134835
-9.227687
-9.690615
-10.671781
-5.555358
-5.081888
-9.584245
-4.366057
-3.936928
-8.377217
-3.665889
-4.321847
-8.320032
-7.434211
-4.214764
-7.334874
-5.908785
-6.054774
-7.226031
-3.259230
-3.577964
-5.367819
-4.625565
-5.451795
-0.903717
-1.117425
-2.250298
-2.692766
-3.898531
1.218543
-2.678607
-1.159175
-0.895208
