2.329775
2.044322
1.828334
4.222240
0.104365
-0.830342
1.907792
2.949576
0.664858
1.600943
0.399973
0.948531
6.500326
3.046502
3.351907
7.403664
7.701150
8.008816
7.630051
4.557015
6.165848
7.584207
7.645622
7.024164
7.554268
5.255510
8.386398
4.729670
5.551681
9.690108
9.192164
9.452626
6.229291
10.408334
11.645534
10.040951
11.707185
11.438976
9.641854
11.634156
11.038275
12.525255
8.528512
6.929597
11.163824
10.363951
9.167798
12.422543
10.089070
7.069458
10.880443
10.242264
9.623206
9.953103
9.120212
11.273445
11.247458
7.164472
7.143307
10.154942
7.964080
12.098671
7.238427
6.679861
6.363899
11.304631
11.210394
11.306503
8.090229
8.778196
8.363981
7.272880
9.705603
9.522366
7.993000
7.729307
7.075266
3.561819
9.111827
3.265002
5.514376
7.350523
7.191954
3.406939
2.365024
5.503315
6.191436
4.299382
4.205070
5.574869
3.823425
-0.306340
1.038785
2.012157
-0.718800
1.470697
-1.819407
0.053437
1.461197
-1.695165
-1.113716
-2.447906
-3.783915
-4.067342
1.067271
0.364762
-3.171244
-1.945496
-0.196049
-5.294982
-3.807164
-6.042799
-2.195533
-3.688251
-5.579500
-3.720450
-7.562549
-4.507237
-4.141627
-6.472827
-7.335104
-4.933048
-6.507042
-6.565820
-7.019046
-5.929073
-6.144658
-6.703722
-4.905648
-6.344998
-6.902676
-8.710931
-8.028761
-8.468461
-7.634251
-10.049471
-9.606329
-7.648667
-10.312958
-11.032961
-10.126367
-8.502968
-8.215219
-6.941850
-9.417122
-9.468972
-12.005342
-10.929377
-8.335105
-10.055636
-11.237354
-10.825384
-10.702309
-11.800282
-12.815548
-7.824716
-8.391797
-11.886247
-10.147986
-9.638882
-9.850979
-10.964545
-9.345434
-9.497296
-7.438620
-9.329844
-11.352804
-10.945999
-8.636575
-5.212952
-10.690594
-4.874389
-8.143396
-8.328318
-4.199671
-8.295539
-5.647208
-6.331880
-8.306750
-3.648159
-4.565980
-6.006671
-3.371752
-7.626546
-5.058643
-4.441316
-6.881785
-2.721532
-4.897225
-0.522738
-0.163730
-0.807318
-1.272113
0.569853
0.035466
-2.763383
0.644518
-3.083198
0.968305
0.538508
