-1.679124
3.612366
-1.424960
-1.589176
2.533679
-0.329872
4.576245
2.255295
4.411995
4.230919
0.930817
1.448078
1.913231
4.593428
6.265876
7.275816
7.871557
2.431940
3.567609
6.371517
4.272009
3.618927
5.476666
4.909885
9.003991
8.390255
4.992823
9.776645
7.775746
10.248964
9.149558
11.061766
6.102970
5.844088
6.927800
7.107826
9.961125
10.037179
11.411062
11.589202
6.825426
8.786439
11.055055
10.145946
8.772137
9.528884
10.230899
11.279719
9.920265
10.766448
7.023978
8.235343
9.382320
12.878891
7.558275
11.837610
9.062941
7.567264
7.180351
9.139553
11.663901
10.608089
7.830305
11.668177
11.316946
10.573909
11.212329
11.206578
5.542643
10.936682
9.430483
9.940611
5.385448
7.973912
7.126394
9.687652
4.955984
4.621256
3.135239
3.583474
4.058563
5.919201
4.545672
6.224920
7.380706
1.589824
6.078715
1.767694
6.108533
1.331876
5.782196
0.178234
0.854656
0.190594
2.095359
2.158436
-2.023909
2.346485
-1.161246
1.727913
-2.802258
-2.112855
1.008439
-0.357102
0.387911
-1.293225
-5.141484
-3.523693
-5.328871
-2.952550
-2.978591
-6.333807
-5.290459
-3.806085
-3.199648
-3.331717
-2.354055
-8.036855
-3.945900
-7.310901
-8.915451
-5.139321
-6.023823
-4.814648
-6.558625
-8.751521
-6.692337
-5.721623
-9.321081
-8.927044
-5.876057
-11.276061
-10.492785
-6.152706
-7.000005
-8.578563
-10.300348
-6.688524
-11.405666
-7.914140
-9.594150
-7.503029
-11.058811
-11.385890
-10.271238
-12.919604
-12.546596
-7.113731
-7.942117
-7.059522
-12.967796
-11.667056
-8.916593
-11.342915
-10.516907
-7.433030
-8.315245
-7.800000
-10.233235
-11.580912
-10.641037
-10.098437
-10.646473
-7.952248
-9.521622
-11.636321
-11.428355
-6.856958
-10.649920
-7.357948
-9.090176
-7.824673
-4.837613
-9.906193
-9.112081
-7.039630
-6.289955
-6.869294
-8.556444
-7.285861
-4.824368
-5.017667
-2.850447
-6.487735
-4.510288
-4.584053
-4.259415
-4.768783
-5.076188
-4.558410
-2.831482
-4.568009
-3.509084
-0.601687
1.028086
-3.278234
-0.076118
0.219535
0.296742
1.257117
