0.765934
-0.923158
2.602762
0.622645
3.152731
2.333388
2.385178
-0.491192
5.064740
5.688827
3.066312
4.607288
5.803136
2.002322
4.503488
5.868764
6.041855
7.332711
2.818181
6.481455
8.358534
5.854333
6.882233
8.008767
9.739756
9.117541
7.870336
10.588385
9.134012
7.078262
7.942383
7.759239
9.543084
9.625860
6.507561
9.913064
8.292982
10.180045
11.421996
9.217427
12.601136
11.858784
12.650097
8.232359
7.583698
7.691795
9.908047
9.142529
11.245382
11.015905
9.380713
11.672912
7.174066
7.987747
10.544696
7.717209
12.015333
12.210519
11.821005
10.191664
6.782708
7.697477
8.807413
10.345065
8.669265
10.245810
11.151580
9.847662
5.696091
10.455027
6.538659
8.111589
7.552155
8.198242
7.041565
3.957422
4.405615
4.894517
7.749272
8.404857
2.844552
6.444238
6.614591
2.767311
6.325187
6.152880
2.380331
5.793923
2.648838
0.258216
0.406057
4.482567
2.472379
1.471013
-0.367945
-1.413065
3.561549
1.304632
1.031285
-0.411783
-3.133329
2.153052
-0.543015
-1.339099
0.181878
-0.518794
-2.076738
-5.055316
-0.011384
-4.329426
-5.973741
-2.872671
-3.989644
-3.331377
-5.041875
-6.400033
-7.286791
-4.887238
-3.193024
-2.895196
-4.412801
-4.872162
-7.066609
-8.058069
-9.227706
-5.097930
-4.756935
-10.522730
-5.875711
-9.292007
-6.433860
-9.573412
-9.696294
-10.125982
-10.193916
-11.770670
-7.203986
-11.730749
-9.416213
-8.016217
-7.312449
-8.647881
-10.700530
-8.470063
-11.867613
-12.663721
-8.335492
-10.740778
-10.494644
-7.929639
-11.802087
-9.177474
-8.001145
-12.491422
-9.324956
-9.656168
-11.472048
-11.207376
-7.158581
-10.335983
-6.704286
-9.749142
-6.230214
-9.125881
-10.173322
-6.941713
-8.844535
-10.850184
-5.473807
-7.048632
-9.209798
-9.860083
-4.571385
-8.348516
-5.376275
-8.732187
-7.955977
-5.173419
-8.856219
-5.697683
-2.754690
-7.387918
-2.990901
-4.398769
-6.252983
-3.869708
-1.876186
-1.999375
-2.709932
-0.247981
-0.235649
-0.601116
-1.813298
-0.647567
-1.833436
0.447561
-0.006522
0.322589
-0.183458
0.904393
