-1.916937
0.977127
0.158404
3.183594
-1.110273
2.781830
4.406814
0.215089
4.635997
0.487413
0.646394
1.498732
5.556135
2.156065
3.966779
7.723684
4.791403
4.340874
3.232504
7.485481
8.525612
4.279648
7.093980
4.307013
7.618282
6.724407
5.555302
6.798867
7.234841
5.890691
7.200651
6.880390
9.781257
11.219904
6.291584
7.441822
7.016430
8.421087
9.098722
9.959922
10.744189
11.541497
8.963494
12.197598
7.611973
7.643552
10.618120
8.680807
8.305982
11.469555
7.395562
12.651481
12.176279
8.228821
12.603885
9.223603
8.714101
9.264765
8.047928
11.318621
11.185571
11.517932
7.890864
9.141070
8.839048
5.802833
9.623940
11.424575
8.450731
7.443100
7.116223
8.838395
8.051843
8.545488
7.115722
5.957144
8.639894
6.472671
5.029933
8.447419
7.277445
4.049794
2.579674
7.058118
5.405787
5.454246
4.429769
1.393395
6.256720
5.546622
4.309428
3.961019
3.399533
1.520992
1.358683
-0.010938
-0.856872
3.311683
-1.137134
-1.799196
1.165363
-1.210763
-3.450957
-3.866356
-2.571938
0.570447
-1.998321
-0.665162
-5.605299
-1.378006
-1.154345
-5.988821
-4.470105
-3.845789
-5.366886
-3.180164
-4.002852
-3.191054
-4.232859
-3.867716
-6.985593
-7.013926
-5.981776
-7.542172
-7.102556
-6.923287
-9.555027
-9.777043
-7.608207
-6.932279
-5.528875
-8.344947
-6.195200
-10.055759
-7.733119
-6.492823
-8.372650
-10.719625
-8.979788
-8.200679
-10.264624
-7.582583
-9.081074
-7.756346
-8.720045
-12.500025
-10.257666
-10.316847
-8.064005
-7.405867
-9.432300
-10.915213
-8.352430
-7.083837
-12.346517
-10.996101
-7.760899
-10.504850
-8.159433
-7.590741
-8.877197
-9.946361
-9.877438
-7.181225
-7.778411
-5.877194
-6.319865
-11.035485
-7.089713
-7.536731
-6.629230
-6.422627
-7.757532
-5.362692
-9.034030
-5.019934
-4.007303
-6.309697
-5.079023
-5.795504
-4.726746
-2.937882
-5.656352
-2.088596
-2.426310
-6.328425
-2.026868
-1.315757
-3.258097
-1.370552
-5.213392
-2.142459
-0.078520
-2.211966
-3.567841
-3.607014
-0.429307
-1.763425
0.005432
-0.566044
