1.314043
3.105444
3.204928
1.099629
4.224038
2.719313
2.382877
1.218178
3.322488
3.233278
5.155494
4.413874
4.580146
5.754251
2.599419
4.984527
2.833652
5.186659
2.669715
8.150493
7.980783
4.079293
4.764193
5.672185
7.683061
9.248050
10.058293
10.115499
6.595408
5.449076
9.916564
6.290801
7.314184
7.539926
9.003864
9.650572
8.902690
11.233638
8.522607
12.383510
9.334379
9.579264
7.015444
8.947139
11.321526
12.396638
9.051831
11.470221
11.638513
11.376291
12.983355
8.549507
10.276428
11.069611
12.139319
11.266554
7.040436
8.326031
7.536628
6.784334
10.928281
7.250364
11.049745
11.213582
6.996838
9.906965
10.178709
7.678606
8.419724
10.040279
6.179015
6.372622
8.564593
6.039002
4.345568
6.589220
7.300911
4.630478
8.316850
4.690931
4.558216
2.616156
7.601148
4.326913
4.739298
2.801146
4.237133
0.858538
2.060856
4.579328
0.308733
1.722345
0.322561
2.109993
2.510482
2.826931
2.144528
2.525953
2.982544
0.148032
2.019872
-1.296376
1.799835
-1.143339
-1.236783
-4.519698
0.474073
-2.694333
-3.046754
-4.345781
-1.586529
-5.198281
-3.392282
-4.446185
-3.441177
-7.458413
-7.190411
-2.384050
-2.836001
-4.997144
-8.131669
-3.898270
-4.653433
-4.742912
-9.929098
-6.362873
-8.501165
-7.655472
-7.975902
-9.786856
-8.466125
-11.303926
-8.924830
-9.723383
-6.306354
-9.432042
-6.327854
-7.193594
-10.696973
-8.348304
-9.917955
-9.454994
-10.568952
-11.347142
-8.949142
-11.494776
-12.698182
-8.449670
-12.332114
-10.683825
-7.037495
-10.075320
-9.500135
-12.453348
-11.717059
-12.610699
-8.430270
-12.322943
-11.974643
-9.232020
-10.420383
-7.208403
-8.238526
-10.173488
-6.268461
-7.775724
-6.635760
-8.529179
-9.806213
-8.585266
-4.953448
-7.110362
-7.924395
-6.875021
-7.048263
-6.145642
-9.122926
-7.286780
-3.338408
-4.655945
-6.634727
-3.075910
-2.136385
-4.332781
-5.347994
-2.953898
-3.364763
-4.105659
-2.427717
-2.476775
-0.457025
-2.031084
0.361277
-3.903809
1.295928
-3.582149
1.940298
-0.337176
-2.705019
-2.363938
