-1.931739
-1.426954
2.615597
0.265800
4.450703
1.989424
0.534495
4.763424
5.638056
2.732180
2.275829
5.522817
5.399144
1.498933
6.690664
4.358162
6.470002
5.612781
6.332541
6.525720
3.526299
5.494381
9.470399
8.158116
6.117207
10.219944
7.408833
7.444025
6.490233
7.042019
8.436047
11.271523
7.837712
9.452057
9.821696
6.093666
8.644948
11.134463
8.701422
9.399198
8.835092
10.767532
12.757272
12.816321
10.808629
10.302288
8.251283
8.953186
11.671525
12.657957
7.242888
11.383549
8.951844
8.518189
10.096771
9.375407
12.664083
12.565844
12.551759
11.168732
8.290187
7.073585
10.659999
10.153601
10.663337
7.424146
11.287796
5.908037
7.540510
9.155912
7.700843
7.328951
5.875512
9.080814
9.918968
5.572117
9.222786
9.003215
6.474364
4.936113
3.570373
7.964515
4.962878
2.335579
5.006783
3.944857
6.106500
0.865131
2.000112
2.977388
5.356159
1.835995
-0.682476
-0.550392
1.183966
1.486849
2.921567
2.276088
-0.239882
-0.733074
-1.053479
-3.041084
0.341336
0.548828
-2.271462
-4.626612
0.033605
-0.958496
-0.933600
-1.069924
-3.035828
-3.377514
-2.428774
-1.815309
-4.804310
-6.296111
-2.859029
-6.850759
-4.372116
-3.115991
-3.776352
-8.098902
-4.231113
-6.323724
-7.182376
-7.150490
-7.796943
-8.724889
-5.906229
-5.519931
-6.800879
-9.981267
-6.854603
-7.794322
-10.491486
-7.123580
-11.795269
-9.663546
-7.707447
-8.634239
-8.613728
-9.004585
-8.446024
-11.927690
-9.348684
-8.290652
-8.308084
-8.647241
-11.748261
-11.977996
-12.105466
-8.552658
-12.807111
-10.877586
-9.811969
-7.483185
-7.621513
-7.632002
-10.123739
-8.026218
-11.137387
-9.987577
-9.126581
-7.107054
-6.393744
-10.332984
-11.526472
-9.530769
-10.191616
-5.971056
-8.349334
-4.711107
-10.472832
-8.210937
-9.531172
-8.722436
-6.202282
-3.465835
-7.951303
-3.622933
-3.592760
-6.124830
-7.684093
-1.858385
-5.568415
-7.081132
-6.239938
-1.990697
-0.989364
-5.896082
-4.717439
-1.364702
-4.758551
-4.188624
-3.090530
0.016244
0.547453
-2.542582
-1.814681
1.324085
