-1.816142
3.094220
3.546176
3.445047
4.112065
-0.329754
4.236302
2.557070
5.549522
1.033785
4.668418
3.025772
2.266773
2.557392
1.589381
3.679899
4.719642
5.832254
3.722594
5.446052
4.810529
6.836682
3.721924
9.179025
6.760811
7.018654
5.106948
8.059660
6.202980
9.299865
7.019098
10.706373
6.868936
5.805570
10.962946
9.089633
7.088315
10.854654
11.180464
8.975710
12.472021
8.364590
12.245005
12.758342
10.631580
11.575307
9.344594
9.295617
6.998878
8.872405
8.547509
10.073040
10.418537
12.076068
11.262920
10.102821
8.309605
10.578770
11.318309
12.026807
7.313166
6.347910
11.248374
9.777829
11.211244
7.130677
7.295119
5.972610
9.915817
8.502680
8.439575
4.993468
9.306396
6.942361
8.557996
4.866726
5.948406
5.892378
4.003077
2.901146
8.110841
8.253249
2.305564
3.948168
7.147529
7.202550
5.586176
3.125241
3.653478
4.071643
2.137467
2.821980
0.468565
3.303956
2.337470
-0.544552
2.722138
-0.923291
-1.971098
-2.852885
1.948571
0.355072
1.450360
-0.149634
-3.657424
-2.277107
-0.948450
-1.318409
-4.011828
-1.965257
-4.833191
-1.558999
-1.305607
-2.344004
-2.406503
-2.108736
-7.163932
-3.932781
-5.260940
-4.905793
-8.275502
-4.371115
-7.575209
-5.255341
-8.320454
-7.641139
-7.754029
-10.157141
-9.348552
-8.132802
-10.113425
-6.125637
-7.449295
-7.777829
-8.894469
-9.721989
-9.330408
-10.651289
-10.588359
-12.171418
-11.885681
-7.613439
-11.397392
-7.179686
-12.309199
-12.516184
-12.894464
-10.727523
-8.005652
-9.887332
-10.026003
-9.165108
-8.321210
-10.967478
-12.504950
-8.655733
-12.553854
-8.424374
-10.326514
-9.687713
-11.611273
-10.684889
-7.473005
-6.425595
-8.885969
-7.973134
-10.031751
-10.339254
-6.381846
-5.327458
-9.725960
-9.977495
-4.879627
-7.461389
-6.096133
-5.128081
-8.135941
-9.146337
-4.281703
-8.644805
-4.632247
-2.652992
-2.270298
-1.968576
-6.386119
-2.120910
-3.954501
-5.595226
-6.382000
-0.931621
-0.489533
-4.072919
0.009640
-1.684931
-4.488179
-0.044869
1.338267
0.080359
-0.750991
0.370965
