-0.752598
-0.670547
0.293569
1.989146
-0.338087
3.676727
1.695557
2.745573
-0.176255
0.650371
2.494117
3.623028
3.389647
2.236560
7.332405
4.018297
7.138495
3.493469
8.074418
4.366438
5.762840
4.420804
4.189853
5.463814
6.145965
8.868829
8.087307
6.734936
8.678290
8.454271
11.113284
7.439121
5.804454
10.347776
11.751756
11.296213
7.180139
6.681083
10.904416
7.997199
10.930110
11.678141
10.463564
11.129695
8.574810
8.215966
10.676672
7.494846
7.397854
8.230398
12.730812
7.494472
10.820163
9.589872
12.478353
10.682998
9.755157
7.536419
10.457309
6.842034
10.047685
8.202677
7.813101
9.368420
9.753566
8.605658
10.383590
10.544721
6.848921
10.962375
5.561609
8.929597
8.747367
4.897484
7.608603
4.836366
5.900776
3.706049
7.509119
3.735794
3.153404
5.536797
2.380956
2.397048
6.202989
5.621735
4.128883
2.101783
1.969221
2.917441
5.014702
1.239700
-0.788115
1.151164
-0.823051
-0.905853
1.904641
0.619426
2.949770
0.579971
2.015318
-2.580273
-1.515817
-1.442649
-2.098262
-3.467686
-0.583968
-4.375220
-3.769513
-4.670400
-5.341951
-4.631270
-1.563490
-3.760459
-5.372813
-5.134447
-3.153154
-7.520164
-2.765003
-4.069088
-3.837440
-4.687216
-8.634794
-6.284809
-9.232771
-7.246241
-4.663726
-8.625939
-8.985051
-7.193018
-5.915372
-7.947553
-8.579887
-7.294953
-9.926971
-6.380220
-12.149075
-8.318695
-7.237755
-9.117872
-9.095715
-7.892007
-10.348323
-9.618187
-11.498457
-9.425514
-8.914346
-8.791039
-11.438994
-8.434966
-12.406489
-12.896921
-7.169073
-12.469321
-9.068576
-9.109457
-12.246614
-9.890368
-10.528528
-8.171358
-8.108935
-9.510163
-9.299560
-11.547581
-6.583096
-10.945979
-10.775144
-10.536073
-6.799110
-8.240742
-6.348651
-10.502955
-4.539927
-5.206673
-4.566752
-8.379053
-5.329250
-9.133548
-4.622981
-3.483537
-3.319834
-7.781301
-2.681768
-5.615391
-4.546311
-6.980297
-5.176027
-2.137414
-2.476022
-2.987259
-4.852963
-0.531684
-3.811389
0.474415
-1.460583
1.512780
0.649126
-3.174002
0.049594
-1.483037
