1.082942
0.264233
-1.228703
2.632803
3.143581
1.708854
0.417027
3.046305
3.581408
0.698888
3.371244
3.239396
4.739710
4.633607
4.015440
3.412347
3.034335
7.966121
7.334411
2.980858
5.224954
7.234022
7.739378
7.568298
4.792280
5.547016
5.951407
10.562820
6.272869
10.261141
9.170113
5.649778
9.472628
6.593322
6.476621
11.768180
7.887907
11.223549
10.255867
6.672524
7.921912
7.009880
10.726039
9.293266
8.630690
12.278963
8.326832
10.858347
8.080838
11.316605
9.346595
9.273491
7.995394
7.955141
11.023108
8.935581
8.556906
11.071681
11.249346
7.963055
9.464928
11.042560
11.088112
8.337687
8.180748
10.569322
6.747404
6.517156
10.788224
10.271008
8.791916
10.070653
10.124779
7.705135
8.028980
9.197533
6.829442
7.730813
8.716422
8.370612
3.094412
6.007789
4.077060
7.247536
3.038305
1.958875
3.142675
6.412362
1.781638
4.749547
1.389697
0.017996
1.604932
2.744194
1.176490
1.397480
3.767019
1.490361
-1.160033
-0.294359
0.521960
-1.673081
1.291111
-2.028887
-0.027416
-4.388776
0.397847
-1.357242
-1.493794
-1.697032
-4.805010
-2.354643
-3.184735
-5.142573
-6.537972
-2.265339
-5.761879
-7.596393
-6.271432
-8.725418
-3.621412
-3.954616
-6.238683
-8.895899
-4.788512
-7.724816
-10.263951
-10.353476
-8.355056
-7.399698
-10.467818
-8.334153
-9.898244
-6.007581
-11.680091
-8.382326
-10.846753
-11.458084
-6.530100
-10.053603
-8.441924
-8.657704
-11.603909
-8.947356
-9.339535
-11.837165
-8.374105
-11.784969
-11.245380
-10.093664
-8.073783
-8.305166
-7.386177
-12.467048
-6.940684
-12.139093
-6.787167
-12.143839
-11.080761
-7.598372
-10.931193
-7.875862
-12.012320
-11.811987
-10.394212
-7.214159
-6.398593
-5.470247
-9.184171
-5.280474
-5.160961
-5.513982
-9.261702
-5.612124
-4.998715
-6.143875
-7.657008
-8.850796
-3.760133
-4.889980
-6.911184
-4.646004
-5.316831
-2.885523
-6.349698
-7.070751
-2.035333
-1.093330
-6.164354
-4.890389
-4.405425
-2.275572
-2.086096
-0.681268
-3.176694
1.645274
1.444503
0.471845
0.862428
-0.942905
