-0.425325
-0.524170
2.906098
-1.334404
-0.988097
2.366655
0.316141
0.741312
1.817603
4.530143
2.355606
0.766512
2.940829
4.004062
3.845808
3.035584
6.817451
5.918655
5.476133
8.042160
7.222791
7.324260
7.638679
7.679969
8.774411
4.538523
6.016160
8.947765
5.550985
5.606453
8.431993
8.188174
6.894110
11.152862
6.347861
8.643789
7.184519
6.739677
9.388088
7.442453
9.366532
12.288985
8.534364
8.610083
10.196490
7.998154
10.138157
7.749048
11.930734
7.132781
9.549868
7.627473
8.401484
11.194521
12.849183
10.440096
9.489163
12.366114
8.448286
11.663847
10.473511
12.020329
10.115893
11.056840
11.602573
9.354613
10.556318
10.663529
8.783519
9.812011
8.614563
6.174744
9.991175
8.620496
9.159214
6.384305
3.888595
3.567555
4.438673
6.482758
2.953518
2.936502
3.446132
1.953710
6.703318
3.165964
6.074863
5.540233
4.128356
5.769717
2.798595
4.429086
4.329640
-0.969909
1.024711
-1.511817
3.173805
-1.125386
0.425465
1.531805
-2.092381
0.657223
-1.312737
-3.070826
-1.707134
0.501939
-3.003678
-3.379910
-0.417064
-5.222559
-5.757954
-0.855213
-6.609304
-7.026141
-6.204310
-5.042809
-7.828255
-6.099466
-3.324748
-6.892381
-6.589817
-7.302023
-6.176368
-8.072764
-9.521994
-6.537494
-9.648616
-5.305000
-8.874504
-6.639453
-7.571765
-6.550924
-5.614744
-8.259755
-8.631191
-9.101315
-6.227220
-7.805020
-11.136744
-11.740438
-11.411631
-8.220573
-7.650571
-9.778582
-9.615135
-7.089955
-9.089404
-12.548812
-10.987530
-9.833056
-7.993164
-9.259813
-10.326492
-9.133066
-11.600709
-10.781722
-7.112218
-9.850585
-6.768119
-10.778015
-7.449997
-11.834109
-7.991126
-10.777326
-6.741020
-9.970111
-6.593211
-10.821963
-7.874557
-6.134865
-7.830211
-5.243885
-8.695570
-10.185840
-4.381676
-9.067240
-7.229523
-8.178640
-6.066722
-4.972451
-4.122601
-2.672115
-7.736534
-2.153608
-5.193851
-1.801354
-2.207253
-0.703659
-6.296257
-5.366889
-2.333266
-3.801715
-3.384792
-2.821280
-3.747326
-0.034310
-1.252353
-1.698271
0.803329
-1.058386
