-0.124591
1.474753
-0.883191
1.044099
0.166214
3.652678
5.115457
4.106536
1.768581
1.671455
2.822240
1.071560
4.339927
3.959125
6.375625
4.811711
2.590951
3.705800
4.308419
6.621436
5.375269
4.497938
7.235165
7.776137
7.239114
8.383391
5.669241
7.274510
5.830590
9.140270
6.879522
9.612753
9.389211
7.705202
9.052332
7.589866
10.630219
6.996023
7.431304
8.991499
11.895972
11.535280
11.715346
10.536834
12.618335
11.640239
12.861219
9.453911
12.859477
9.748480
9.328842
8.803834
10.153027
12.240582
12.326052
12.593605
12.683012
12.302676
10.855501
6.683836
8.490883
7.054040
10.099377
8.181454
10.192778
9.020542
6.298264
6.599175
7.606248
5.813511
6.210604
5.943302
8.310177
9.262919
7.200270
3.867871
8.715976
6.056056
6.886753
3.388400
3.039252
7.617340
3.745215
4.824532
6.279607
5.839708
2.141333
4.986556
2.240317
5.010090
3.182962
1.653147
2.584008
3.550199
2.801471
-1.058750
3.601278
1.072972
-1.773532
0.199518
-3.160396
1.428280
0.594232
0.674682
-3.258754
-2.611624
-3.841844
-3.970424
-4.835888
-0.551877
-1.374944
-4.440995
-6.326997
-2.051984
-4.578611
-1.957511
-2.330108
-7.591544
-4.566619
-6.851833
-7.169132
-4.224547
-5.992757
-7.911194
-5.742437
-7.822779
-8.924262
-5.293269
-8.684064
-5.677938
-10.862204
-8.248081
-7.690723
-9.044695
-7.984510
-11.479813
-11.524816
-9.858233
-8.666790
-11.369252
-9.962270
-10.037894
-12.124809
-12.368770
-12.533378
-10.165308
-10.450864
-12.734410
-7.029423
-11.769105
-10.141488
-12.011320
-7.168484
-9.517007
-9.719093
-8.520876
-12.141897
-10.796205
-8.024940
-7.101074
-10.377667
-6.579165
-12.078165
-8.694251
-7.374259
-10.995165
-6.616270
-6.461493
-7.944688
-9.112835
-5.526574
-8.417381
-9.800715
-6.513020
-4.628118
-9.681838
-6.700640
-7.895481
-6.951459
-2.930368
-6.816625
-4.300636
-6.544682
-6.245149
-2.101541
-2.949734
-6.176647
-0.820784
-5.342326
-1.752203
-0.039240
-2.140847
-4.667370
-4.734709
0.725196
0.364850
-0.604277
-2.815131
2.071345
1.498292
