3.048167
2.138000
1.831005
-0.138384
0.797720
1.551875
2.422078
1.747374
3.480621
5.652425
4.070066
4.096922
1.586955
1.912902
3.755681
6.369364
3.613817
8.249307
6.813691
6.871047
5.118763
7.040366
7.531141
6.760155
6.806309
10.078778
7.611017
6.268854
9.427181
8.326595
8.774665
11.388825
7.354667
9.812067
9.553679
10.419823
11.349967
9.065228
8.982308
9.240600
11.099106
11.957261
12.621720
11.097809
11.095312
11.916131
12.794147
7.498308
11.240430
10.158110
7.276932
10.989751
9.047695
7.256944
12.404827
7.970079
9.539232
12.068755
8.828934
10.251249
11.168105
8.963843
6.302880
11.458368
10.344377
7.071856
8.190181
5.734168
7.230070
5.472891
5.420320
8.157317
7.084588
8.629798
10.030381
8.956184
9.057274
9.279089
6.653582
5.807462
4.624619
6.175688
3.328652
6.610021
7.125630
2.958146
1.572799
3.573048
1.942323
4.136965
5.511584
2.137894
1.532688
3.406291
3.460685
1.224661
3.083286
-0.162997
2.173450
-2.064578
-2.414168
-0.002318
-2.014254
-4.092783
-3.390639
-4.433921
0.400410
-1.980684
-1.470155
-5.495507
-2.302351
-6.556390
-5.793333
-4.812209
-5.809365
-6.267717
-4.891262
-6.380016
-7.918548
-7.686926
-8.013329
-5.159049
-8.893524
-4.268701
-9.971649
-5.439356
-5.692038
-8.055766
-10.864001
-6.181135
-9.702523
-7.391288
-10.981243
-9.505118
-7.872783
-9.742059
-8.711602
-7.189851
-7.258959
-6.702608
-9.733332
-8.199752
-9.906346
-11.721891
-11.229065
-9.119896
-6.960021
-7.960546
-9.783706
-12.452707
-12.868463
-11.175600
-9.222337
-10.211737
-11.088913
-6.890262
-9.297307
-8.822311
-7.549342
-8.381608
-10.336165
-9.474055
-9.364433
-9.453752
-11.323458
-9.822339
-10.020523
-7.405642
-9.421327
-6.937100
-5.217159
-6.582953
-7.881518
-8.448357
-4.787696
-8.843582
-8.449154
-9.233094
-3.440998
-6.429492
-4.010739
-6.973358
-4.872948
-2.809425
-2.928869
-6.976082
-2.029272
-2.735910
-5.733099
-4.116409
-3.364743
-4.610828
-1.390150
-4.335050
1.149225
1.193971
-3.546861
1.516106
-1.208877
0.970702
