2.015152
0.194171
0.603022
-1.099981
0.456793
-0.907491
-0.424415
5.139557
3.138839
1.510203
6.100793
6.243862
6.698482
5.183097
3.676686
5.989354
4.760702
5.910315
3.198641
2.898610
4.373728
3.862784
8.639750
9.476862
8.720341
8.443774
10.212223
5.425310
10.027484
10.324549
8.609424
7.730274
8.168338
6.769760
7.138323
11.347949
6.774297
6.805992
7.981382
9.850388
12.314746
7.705215
9.192325
7.749590
11.198105
9.273562
9.653859
11.884661
10.368685
11.676162
9.434235
12.117071
7.625519
9.189540
8.495238
7.891809
10.646733
10.830491
8.046204
10.588710
12.244752
10.700525
11.592366
7.894216
6.636729
8.115385
9.333728
6.644358
7.192089
7.209137
9.987525
5.454992
6.873856
6.492069
4.924718
6.629276
9.054178
6.392304
6.588438
8.533702
2.839829
5.020570
3.269888
7.042093
5.482952
5.629491
2.640887
1.434293
4.131928
3.370213
4.876059
4.980189
2.403490
3.779758
0.768858
4.197052
-1.096584
0.881467
0.603962
2.695191
1.898529
0.173471
1.683406
-3.381297
0.443404
-2.522112
0.333532
-1.733810
-0.073763
-1.553622
-1.708084
-4.009027
-5.936993
-4.903521
-1.626468
-3.364033
-3.041929
-8.014234
-4.724576
-7.499918
-4.933781
-4.019189
-7.435730
-6.753880
-5.738362
-6.641134
-6.016079
-9.567148
-7.067397
-8.167386
-9.680218
-9.679719
-7.766433
-6.041326
-8.921235
-8.931614
-8.046798
-10.830177
-10.931228
-9.309346
-11.866427
-7.282851
-8.665523
-12.434842
-8.344181
-9.629605
-6.981068
-11.649734
-8.689124
-10.382576
-12.427333
-8.339606
-7.946461
-10.564997
-7.329155
-11.001775
-7.443078
-9.215248
-8.553600
-12.414096
-8.590636
-8.790090
-9.392739
-12.042955
-8.498362
-7.860616
-8.267141
-10.928692
-10.421181
-7.237987
-9.583512
-5.917371
-4.601282
-4.892854
-8.401751
-8.282115
-6.356330
-7.622879
-7.054660
-5.866702
-3.665839
-3.653834
-3.479984
-6.071354
-6.170188
-6.372019
-3.866194
-6.428339
-6.209888
-5.290530
-5.059533
-1.524534
-5.018408
-0.596267
-2.130706
-0.805365
-2.796874
1.819065
-1.820755
2.801090
