-2.522871
3.002650
-0.791171
1.581398
-0.559571
4.190138
1.986266
4.253887
4.477539
4.918801
2.158629
5.442882
4.551997
5.494594
3.706954
2.471002
7.215904
6.546082
6.903287
6.073989
6.916133
3.772532
5.959914
8.359125
9.152192
8.500984
7.321055
4.876500
9.369137
7.836754
8.690633
9.820253
8.789730
7.300177
9.784371
10.775817
12.076912
6.595612
6.982652
12.076995
10.225655
8.760284
9.901322
8.834634
11.227341
12.037334
11.652605
9.402862
9.660829
7.247228
10.319448
12.036259
11.244948
9.711336
9.875724
11.322028
9.759730
6.828725
10.773410
7.398144
7.234721
11.117060
12.099090
6.804480
7.798302
8.284636
9.842363
6.535307
5.485591
10.523618
8.639939
9.358911
4.651676
5.366046
6.962892
7.150209
6.070469
6.456756
5.260889
8.721511
3.182216
7.940598
7.510681
5.973921
3.361074
3.423831
2.963556
4.791217
4.752245
2.372725
1.536042
1.279627
2.365708
0.056795
2.188700
3.769052
-0.759992
0.741370
1.555724
-2.167691
-1.189191
1.985587
-1.134195
-1.400604
-0.627426
-3.308047
-1.719105
0.330212
-0.895350
-4.087774
-1.168534
-2.879728
-2.364844
-2.416777
-3.703816
-6.257437
-6.854129
-5.325391
-5.278830
-6.927780
-7.954038
-8.428151
-8.880650
-4.811785
-8.055883
-9.078289
-7.548729
-5.154254
-9.553249
-10.305201
-8.468745
-7.798275
-7.542425
-7.322575
-10.971758
-9.273650
-10.154513
-9.931634
-10.276000
-7.484697
-8.108183
-8.526900
-7.777332
-10.419726
-10.960047
-11.163421
-10.788858
-9.881175
-7.815870
-12.580954
-9.886603
-9.037485
-10.670198
-11.834450
-11.220351
-10.925410
-8.828104
-11.034204
-9.744911
-8.532366
-11.342990
-9.636349
-9.426068
-10.420345
-10.238195
-11.468552
-8.273160
-10.319123
-11.232111
-10.629734
-9.931927
-6.536161
-7.611473
-9.059304
-5.041798
-9.757449
-4.965577
-6.796032
-3.431420
-5.020917
-8.389858
-5.535758
-3.994863
-6.588555
-6.567260
-3.569494
-3.462596
-5.808534
-1.973117
-3.088402
-2.300932
-3.740299
-5.084871
-4.486031
-0.750450
-0.164465
-2.233886
-0.077298
0.460958
1.892963
