-1.347825
0.432688
3.110162
-0.408782
3.421369
-0.389199
3.406113
4.391087
1.564750
5.192223
5.794014
6.084650
5.472634
5.279750
5.910851
2.856207
6.138184
3.959489
4.043601
6.434645
5.152405
4.811023
9.449559
7.258757
9.154881
7.439394
7.245005
7.284084
5.954068
5.994198
10.150308
8.937577
5.889851
8.607368
9.295098
11.024380
9.030408
6.316999
8.846036
7.459734
8.895907
6.828217
7.112525
11.177929
8.684288
9.207295
8.221652
7.983773
10.654153
9.140652
12.385779
11.935940
10.670113
8.184426
9.048988
12.462116
10.735138
6.783645
11.663206
12.432826
7.703073
9.617270
8.533518
8.880034
8.100574
11.051661
10.071773
11.248117
7.774343
10.704173
9.480604
9.959261
9.712740
7.650465
9.893880
5.895366
5.262882
4.162274
8.909734
6.433267
7.485777
2.950592
2.491944
5.008896
3.188698
6.515768
1.571815
6.479601
5.715776
1.981712
4.597336
0.388566
2.275666
1.348202
-0.135679
-0.473376
-0.610246
-0.452555
-0.194119
-2.893813
-2.123178
-2.260446
-0.805467
-1.806324
-1.876654
-2.827437
-2.721768
-0.363586
-2.237074
-0.683912
-4.342425
-5.674022
-6.601030
-2.254766
-2.708634
-6.413840
-6.321027
-4.406896
-5.166824
-6.447291
-7.269841
-8.179674
-4.618828
-7.669414
-6.583715
-6.269809
-7.306547
-6.493725
-8.389726
-7.512901
-7.342824
-8.195364
-6.118334
-7.010654
-9.655726
-7.984537
-10.530282
-7.114407
-11.797574
-9.115120
-8.147662
-12.512034
-12.491010
-7.412334
-11.792746
-8.296138
-7.870232
-7.366647
-12.924423
-12.525416
-11.440830
-10.510217
-12.867075
-10.362012
-9.421852
-8.613794
-7.776718
-11.743510
-10.267617
-11.001558
-9.198637
-9.975303
-12.097369
-10.323303
-8.042180
-8.599455
-10.805140
-10.296002
-9.540057
-5.457908
-10.469208
-5.083723
-5.018567
-5.163157
-9.343556
-6.553919
-7.448771
-8.188821
-3.304173
-4.732410
-7.193779
-5.653837
-6.990765
-7.357326
-4.965389
-4.251991
-2.374747
-6.675746
-5.096517
-5.796631
-5.229420
-3.130545
-4.763745
-3.006372
-1.561088
-3.209124
-2.340159
-1.493594
-2.723090
-1.561055
