0.532439
3.222943
3.385570
2.328268
-1.312697
-0.112653
2.729929
0.966973
4.482804
2.711987
3.086602
4.914066
4.988397
1.322450
5.131209
2.752909
7.753700
3.654590
6.948161
4.846490
3.247914
8.527601
3.975326
4.776022
4.203050
7.072266
10.486760
8.058874
6.299043
9.133202
6.736637
10.147445
6.593213
10.876701
8.256394
6.414364
11.729594
7.875917
9.217105
8.008001
11.354743
12.393586
8.721154
10.598120
10.356279
7.169980
12.673199
10.154975
7.627822
8.409253
7.155805
9.854266
12.885700
7.396398
8.351571
7.997637
12.561887
8.888419
11.357391
8.766086
7.244692
10.744052
10.099909
11.760105
6.358416
9.158368
11.362653
11.157850
10.690243
9.729909
8.861657
5.310640
7.009010
6.751506
9.321765
4.818202
5.239683
4.126780
4.762202
5.610487
7.034916
5.489881
4.522186
7.155309
3.023967
4.125844
3.997759
2.448768
2.299443
0.398855
0.583631
5.464570
1.263039
3.522364
3.642965
-0.594536
2.902466
-1.345205
1.786210
-0.841441
-1.040565
-1.736395
0.363047
-1.009143
0.026178
0.933939
-1.516848
-4.514312
-5.721554
-1.640060
-4.493194
-6.103533
-6.830986
-1.821259
-1.662733
-4.087204
-7.529088
-2.707998
-5.596551
-8.191655
-4.092707
-7.752154
-4.097014
-5.847629
-6.209646
-6.450899
-8.652808
-9.830120
-10.294476
-5.558973
-11.172236
-6.551420
-6.851912
-8.484643
-7.705721
-11.532733
-12.123851
-11.244662
-10.937795
-8.988565
-12.167728
-7.525083
-8.541181
-9.317465
-10.607392
-12.349198
-10.648066
-6.989170
-11.632753
-8.765774
-8.031877
-10.534462
-8.850616
-11.001538
-8.017472
-12.488950
-8.129786
-12.294296
-11.244803
-8.625954
-10.785005
-7.818136
-10.870795
-9.015661
-8.979704
-7.717712
-7.565182
-6.505049
-5.821452
-9.399359
-6.877187
-9.445632
-7.507241
-8.009727
-9.489895
-9.812867
-6.819842
-9.365822
-5.323913
-6.390094
-4.685028
-5.699016
-2.719871
-6.846735
-7.169830
-5.587288
-3.125769
-6.130080
-5.502254
-1.355675
-3.836947
-4.736217
-1.065222
0.538211
0.404359
-3.791995
-2.750867
-1.911822
2.095014
1.387512
