-2.503621
-1.429096
0.477614
0.008179
-1.069631
0.461638
1.580339
4.917959
3.905572
2.749402
2.561458
3.709221
6.275266
3.692552
3.637571
4.621695
3.979553
4.948445
5.221785
7.801692
7.142378
7.261518
6.006956
9.636982
6.101353
7.388278
9.959648
5.840429
5.081445
10.855137
9.360434
6.149874
7.518333
9.209437
8.789151
11.339727
10.164422
7.965428
10.350248
11.280785
6.794828
11.554219
9.730817
10.265589
10.927218
8.565359
10.573540
10.204948
11.341668
7.824991
8.152681
11.760071
12.395878
10.873969
10.494522
10.797689
10.858191
7.423601
12.492275
7.242798
10.755165
10.582912
9.491271
11.228245
9.820729
5.988610
10.730380
9.453372
10.419616
9.291107
9.838177
6.777719
5.561463
4.452799
5.815644
5.345283
4.128220
7.772083
4.348998
6.637577
7.561955
4.699765
7.961645
7.628090
7.079915
5.097507
2.569640
1.550421
3.655507
5.610904
5.408607
2.358811
0.517631
3.607093
-0.316377
0.421615
2.104032
0.785348
-1.485746
-1.377807
-2.673936
-3.300757
1.594055
0.203244
1.009770
-1.006944
-3.559087
0.007254
-5.657134
-0.630225
-5.205284
-3.587347
-1.873099
-3.718160
-7.488071
-2.453014
-2.468864
-5.033641
-7.789323
-3.011829
-8.084309
-5.204467
-8.064018
-9.473682
-5.413048
-5.299954
-7.915741
-9.699777
-10.205480
-7.713735
-8.690894
-9.054739
-5.656284
-7.641169
-9.178372
-7.031025
-8.287206
-10.100564
-8.926101
-7.468864
-9.191097
-7.677881
-10.779852
-8.973570
-7.317017
-7.643748
-9.372792
-10.603479
-11.211326
-9.520150
-8.995977
-10.540853
-10.605331
-10.206303
-12.170280
-8.505626
-9.946339
-8.776676
-9.404446
-12.374324
-8.278161
-6.468798
-8.453015
-6.937652
-6.692791
-6.494332
-7.877724
-9.463950
-9.528459
-10.438926
-7.033502
-7.034468
-7.607823
-9.360660
-8.654712
-8.169063
-8.022649
-7.420115
-3.183906
-8.629125
-4.504975
-3.097002
-3.895145
-7.276720
-5.600674
-7.228425
-3.068979
-2.388634
-1.593896
-4.445766
-3.430537
-1.555985
-1.208433
-2.755352
-3.838897
-1.305208
-3.431266
0.773290
-1.398432
-1.877377
