0.805256
3.229403
0.571318
3.792116
2.111662
4.790000
2.703419
4.047215
1.046180
4.688471
4.379370
0.732850
6.500216
2.753556
4.789399
4.940412
6.167443
6.123821
6.888634
3.679527
8.815212
6.228856
5.247368
7.376538
9.724114
5.584341
6.378785
8.393628
7.217673
8.289208
11.179847
6.341786
8.015070
9.189393
7.350143
9.137692
7.303748
7.765976
10.220046
8.732598
11.369693
11.967577
8.292020
7.779598
7.279782
11.388290
11.511776
7.076656
11.604625
8.130023
12.079317
8.766746
9.250880
9.599536
7.481933
11.057513
9.396475
12.268998
12.367988
9.744204
8.892851
10.204298
11.131400
11.411509
9.253731
8.484386
6.398484
5.628541
7.595542
10.779252
9.309105
5.038323
7.359524
5.519515
7.006218
6.835441
5.047605
4.479757
5.027309
4.124909
8.515635
5.923461
8.053823
5.230484
6.196329
3.269571
6.770841
6.331605
5.053778
2.126700
0.908317
5.163892
0.963820
3.494202
0.767927
0.312292
1.099934
-2.350019
-1.948915
-2.315719
-0.472897
1.703795
-0.819728
-3.127249
-0.447896
-1.264446
-2.385782
0.257008
-4.164489
-5.305026
-3.579934
-5.908632
-1.905916
-6.162349
-2.963485
-4.330692
-7.914800
-2.372481
-7.108249
-8.620458
-7.649109
-5.483892
-5.796912
-8.660996
-7.691896
-9.206010
-5.857144
-8.965112
-7.380507
-6.489665
-5.939814
-10.354746
-6.375568
-9.232485
-10.570647
-7.949218
-10.451752
-8.118662
-7.907345
-11.875485
-6.939433
-12.153212
-7.211863
-8.226865
-7.522899
-11.444870
-10.212496
-10.627453
-7.700507
-9.905177
-8.000939
-7.063165
-11.732879
-11.967960
-11.561164
-9.393135
-9.622035
-10.272094
-9.271334
-8.559378
-8.473131
-9.698646
-8.635948
-8.058278
-10.177486
-11.362974
-5.940487
-8.714798
-6.627344
-8.325764
-5.468426
-6.311722
-8.028607
-5.544839
-5.648684
-9.679992
-7.332864
-8.458304
-7.543798
-6.860017
-5.372529
-7.200237
-2.247902
-3.366867
-3.995838
-5.011569
-3.263916
-2.517739
-5.386074
-0.127100
-1.668220
-3.176542
-4.514369
-4.832241
0.174097
-2.443485
0.033379
0.613099
-2.046369
-0.032137
