0.012154
3.394666
-1.435132
2.518098
3.385354
-0.558825
4.949387
4.951502
0.575454
2.703526
2.957739
1.185847
2.039991
4.486595
6.734423
4.205440
4.833518
5.128130
8.055094
5.371981
8.497288
5.040687
9.248113
6.520220
5.125909
4.945511
8.583563
8.278267
8.681576
6.564592
7.630200
8.000876
10.542392
6.016097
9.764666
10.805596
8.353188
11.490561
8.044738
7.581259
6.830515
11.512276
10.890714
9.772762
8.487410
8.154748
8.045770
12.839164
10.307672
9.375958
9.963403
7.371515
12.598535
8.498009
8.500981
8.328007
12.619945
8.789145
9.308872
10.269913
8.740751
11.591022
11.127591
6.279028
11.660348
6.125786
8.553033
8.038022
10.543426
9.021740
10.159357
9.802941
10.111598
8.237122
6.793255
7.698936
9.044096
5.721510
3.799615
8.162450
5.957389
6.462952
5.298660
7.807349
4.569709
3.239307
4.449014
6.304311
0.448584
1.292841
4.380929
0.978750
-0.123669
3.493575
-1.188514
4.121279
3.482283
0.855095
3.029698
2.598219
-0.769129
-0.693872
0.813152
0.990174
-2.944908
1.041181
-1.267921
-3.665029
-4.226137
-5.903540
-4.713337
-4.772346
-3.235745
-2.122824
-7.104138
-5.482185
-3.941233
-3.680426
-5.218482
-5.960631
-5.200254
-8.832851
-6.445429
-7.611778
-8.829517
-6.624047
-6.863357
-8.944384
-5.133407
-6.818715
-8.867512
-7.554865
-11.164002
-9.162931
-8.106149
-6.304014
-11.243413
-11.021699
-11.216003
-8.766474
-8.268773
-10.643052
-8.299490
-9.167035
-9.596147
-7.744953
-8.722410
-10.311286
-10.768880
-11.412263
-12.439501
-8.684087
-7.407569
-12.167215
-10.958190
-9.847435
-12.030720
-7.820872
-8.334935
-10.173145
-12.208179
-6.519150
-11.131953
-11.913444
-10.859394
-9.794982
-9.341368
-6.033125
-9.118707
-7.072205
-9.312121
-5.057470
-5.571551
-6.329882
-8.553797
-4.645943
-5.232522
-4.570435
-3.959852
-7.706155
-7.277811
-5.917367
-5.800649
-2.858207
-6.496153
-4.279008
-5.630484
-4.383147
-5.664658
-4.596713
-2.442578
-0.333346
-0.993787
-3.067335
-3.269378
0.593702
1.978571
1.759648
-0.632864
0.107850
