-0.473033
2.656983
2.735028
3.076473
3.461024
-0.634620
4.776826
1.239231
0.604148
2.607837
0.705661
2.006715
2.477082
2.597626
6.957099
4.392653
6.923076
7.158348
8.553418
8.694158
8.428331
4.167813
8.754032
4.055087
4.647423
6.184656
5.035506
9.905315
7.623993
9.228751
9.980243
7.332774
5.975797
7.877270
7.422076
11.183411
9.584622
11.578318
7.750909
7.431229
7.164276
11.071390
9.185049
10.023648
12.481404
7.708812
11.590338
9.354177
12.521383
9.409207
11.671530
10.360865
11.755547
8.422514
7.680154
9.222301
12.144579
7.741701
7.930815
11.956481
6.898531
10.127932
10.133081
11.517684
8.524086
6.665460
11.212204
10.867618
9.272204
6.408810
9.025830
5.462028
9.190868
7.009763
4.543950
9.804157
3.867681
5.519098
7.436327
4.152787
4.281099
2.595880
5.978373
5.311520
6.795952
1.684060
4.708245
5.902317
4.952749
2.987867
4.207843
2.441505
4.434441
-0.189300
1.509216
0.691184
3.078679
0.285988
1.646398
1.697065
-1.195979
-1.228535
-0.814645
0.387536
0.546301
-1.864540
0.254301
-0.767774
-2.581632
-4.175578
-1.805401
-1.521435
-2.959366
-1.321598
-6.150884
-5.064695
-7.601065
-4.353270
-2.815806
-6.391347
-8.274263
-5.378670
-5.429170
-8.258574
-4.672412
-4.385519
-7.281378
-5.467830
-9.395350
-6.613804
-10.842092
-11.288991
-10.002379
-11.124225
-8.637740
-10.359236
-10.651141
-6.522338
-11.887731
-11.222761
-12.362962
-6.716483
-8.611680
-8.882178
-12.601291
-12.473331
-7.391195
-9.198117
-8.968427
-11.330438
-7.680288
-12.293007
-7.640143
-7.527158
-10.301536
-8.847833
-12.213896
-9.803898
-10.817157
-11.827312
-10.765923
-8.794674
-6.329030
-8.311350
-8.361184
-6.690364
-9.050658
-7.304268
-9.503919
-6.262165
-7.923784
-5.320227
-10.318521
-5.147677
-8.405245
-8.122306
-9.233238
-4.041254
-3.321664
-8.040733
-4.466033
-6.102245
-4.580248
-1.870988
-4.892708
-5.326216
-6.225677
-5.566929
-1.988024
-4.956238
-3.164718
-2.865161
0.316723
-0.761253
-3.026992
-3.464030
-2.765910
-1.670745
-0.130689
-2.248551
