-2.247456
-0.599521
2.295700
3.356814
4.279735
3.650965
1.212505
2.590010
4.368633
5.862365
5.471068
4.201617
3.745686
3.987311
6.196267
1.877132
7.899922
3.372185
3.412324
2.916471
6.296587
4.933209
6.763682
5.964828
6.414414
9.411445
8.920634
8.314717
5.419774
5.369498
10.541652
10.958275
11.212304
7.224111
8.466330
6.990059
11.141107
7.007039
6.792994
10.455719
11.286839
11.459304
8.337590
11.899975
7.203374
11.845834
7.277329
7.457577
8.199160
7.432027
11.263553
12.345819
10.360346
12.828122
8.853322
9.863123
8.069436
10.911862
11.930290
6.881983
11.110180
7.799098
10.455960
8.052874
10.392107
7.733784
8.428987
8.934684
9.434565
6.274595
10.409538
8.866041
7.308865
4.586899
8.829875
7.035873
8.281490
4.196746
3.582748
8.174840
3.753564
3.290491
2.816158
2.356440
4.151141
4.328390
6.870451
2.268593
5.365203
4.387135
0.426143
3.920983
-0.577678
2.781015
3.398976
2.144135
2.212776
0.887862
-2.588741
1.859503
2.107281
1.938663
0.955453
-0.387361
-1.089673
0.535406
-1.192271
-5.397045
-1.662151
-0.224972
-0.662343
-1.717173
-3.956171
-6.827725
-2.390935
-3.874752
-7.369347
-2.510943
-8.311206
-3.318784
-5.855266
-3.598183
-5.918786
-7.224991
-7.847628
-5.626896
-9.429633
-6.253240
-6.012477
-8.053244
-9.721007
-9.189160
-11.254762
-8.822999
-10.118241
-6.170564
-8.837392
-10.189194
-12.018237
-8.019800
-10.361052
-8.035634
-8.104045
-11.668466
-11.765817
-10.074928
-8.793466
-10.630583
-9.987268
-10.855321
-10.867001
-10.172495
-8.016968
-12.495027
-12.636181
-12.456316
-8.464454
-9.587039
-6.618251
-8.204697
-9.031762
-9.520813
-7.093002
-7.181433
-6.518666
-9.645547
-6.375507
-8.496106
-9.500699
-10.968197
-6.171662
-6.725159
-8.079579
-6.116509
-8.944309
-6.119677
-6.429620
-7.373190
-7.860271
-7.589744
-8.276282
-2.760530
-3.586449
-3.988849
-6.463460
-2.944257
-2.535228
-5.298423
-3.784550
-0.457776
-4.162797
-5.136835
-1.229178
-4.781462
-0.655373
-3.098625
-1.631912
-2.325674
2.302392
-0.709486
