2.876765
-0.701795
-0.133277
-0.830000
1.642008
-0.296540
0.269649
4.918548
5.572147
4.364188
1.334489
1.986341
4.056803
1.696658
2.015401
4.022085
2.944185
3.025348
7.118402
3.755116
6.853588
9.092560
4.452554
6.623044
8.944899
7.647473
9.130930
6.563502
8.668889
9.498891
10.853105
8.100871
7.785677
6.738850
9.295098
7.518178
6.350685
10.932045
10.311072
10.289599
9.215124
9.484656
9.520503
11.390122
11.507537
8.689375
8.439716
9.228518
7.210517
12.616696
11.264537
8.957629
9.961264
7.228555
8.464489
7.263512
6.830503
10.391497
11.580549
12.117707
11.704413
8.941673
8.170211
7.511926
6.717540
9.121564
8.442629
7.811506
8.895649
10.228920
8.311719
10.155986
4.887354
6.336854
6.237941
4.645894
8.246610
8.470063
8.708514
4.440313
4.027868
5.696297
5.687431
3.144170
6.334902
3.152001
6.732216
4.981951
3.141099
5.181674
4.972990
0.664507
3.160582
2.620932
2.766227
1.151138
3.408547
1.818131
0.485594
-1.132332
2.446367
1.373039
-1.058186
-0.800162
0.502702
-2.813484
-4.631764
0.325025
-3.223830
-2.798261
-2.295110
-0.951064
-1.789256
-1.828025
-7.309891
-2.481017
-5.153148
-7.285604
-6.796744
-6.983149
-8.054970
-7.850228
-8.563982
-7.303973
-6.570589
-8.538713
-9.427573
-4.830038
-6.884855
-6.731509
-7.538554
-7.932669
-9.586680
-9.650458
-10.024238
-6.319624
-10.157080
-9.175260
-11.601559
-10.984471
-10.620661
-8.765303
-7.667827
-10.393432
-9.634926
-9.049007
-9.997329
-8.814837
-10.016215
-9.797178
-11.818337
-10.646259
-9.321935
-10.748568
-8.769293
-11.203690
-7.136402
-7.057651
-9.595818
-10.579919
-11.902621
-9.767349
-11.357261
-8.120085
-10.185601
-9.307971
-11.519636
-6.617594
-7.024777
-6.248512
-6.267602
-9.878799
-9.174826
-9.636934
-9.163251
-8.554467
-7.651893
-5.417174
-8.657152
-4.326792
-3.590342
-3.292291
-5.207696
-7.622392
-4.598056
-4.897007
-3.832715
-2.289787
-4.998918
-0.952323
-3.895513
-3.850725
-0.193155
-1.038423
0.731240
-3.171593
-0.062830
-1.865127
-1.241601
1.559890
