2.613012
1.499980
0.871830
3.168101
2.380207
2.084625
4.024680
5.237493
0.280594
0.344394
1.038279
1.715991
5.022875
7.029048
4.653888
3.977496
3.167662
6.643896
7.646299
7.928042
5.509882
8.370793
9.192944
6.632298
6.089416
8.989304
7.240064
9.176770
7.829328
10.470672
11.150125
10.379405
11.361283
10.448792
6.134560
10.393453
7.721649
8.495047
7.388468
7.404266
7.065630
11.628122
10.195506
11.832227
11.252148
10.983588
9.280796
11.677274
10.726833
9.927884
12.705524
10.556155
12.505548
7.815439
9.060770
9.190494
8.398568
11.921691
9.982989
12.411047
9.260424
10.974443
10.045580
11.799652
10.876132
5.986755
5.633894
11.090106
6.598390
7.753772
6.402978
8.160864
10.016944
9.095418
9.644436
5.490184
9.239184
8.122242
4.639386
8.048708
7.249077
7.073903
3.187874
4.173011
4.627537
1.667687
1.355230
4.525895
4.563789
2.955843
3.446132
1.070023
5.057143
4.160919
2.578825
-0.535667
0.756615
-0.114695
2.727970
-1.399002
-1.415796
-3.141559
-1.178712
0.167157
1.168088
-3.162521
-3.979999
-5.340444
-5.774133
-0.312580
-3.526584
-3.202194
-3.183776
-2.684512
-3.117576
-3.899070
-6.376058
-8.027712
-5.510679
-6.679646
-8.045650
-7.253656
-8.747378
-7.022057
-4.923855
-9.135731
-7.022664
-8.628635
-9.672866
-8.097193
-10.048650
-6.002545
-6.298240
-9.100498
-6.172784
-7.185724
-10.590594
-9.444711
-10.588350
-7.143218
-6.799337
-10.167063
-7.364395
-10.680852
-8.650650
-10.554622
-11.877020
-11.301956
-12.512529
-8.196131
-8.045788
-9.893396
-7.035224
-12.219257
-9.093886
-12.428072
-12.200414
-10.501457
-8.210767
-8.525232
-10.119125
-8.362878
-7.437169
-10.317179
-6.901141
-10.636500
-8.375394
-8.707114
-9.920133
-7.563275
-9.589182
-8.449498
-5.653284
-5.267809
-7.984236
-4.444837
-4.556343
-8.677293
-7.852851
-8.664499
-8.389529
-8.283034
-6.543679
-7.302874
-6.180244
-6.599475
-3.035522
-4.434148
-5.534123
-2.984849
-3.357107
-3.869548
-4.322070
-3.741071
-2.894979
-2.267140
0.578027
0.224549
1.326498
0.135763
