-2.068473
1.722702
1.686334
3.315387
2.227402
2.988114
3.355834
0.147016
4.469726
4.326576
3.603879
5.911390
2.009090
2.967982
6.010761
6.653249
2.290149
2.893494
3.387444
4.536613
7.956641
4.256971
7.212878
9.630878
6.381109
4.299869
4.947094
9.401686
8.181103
8.429327
6.169875
10.669682
7.945414
5.928716
10.412063
8.831084
8.570638
8.843963
12.045307
7.616359
9.271144
8.887893
8.121435
11.630092
9.788828
10.920995
7.734988
9.350709
11.961391
8.670308
10.664133
7.854162
12.538275
12.787414
11.450403
9.413688
10.381992
10.234882
7.955308
7.488465
9.971991
10.860063
8.396379
9.802208
6.712683
11.455039
7.936028
8.069617
8.147223
10.861874
5.216800
5.696064
8.467183
4.711872
5.306650
6.639913
4.871753
7.413981
6.272190
6.646832
3.554630
7.783872
4.791654
2.520787
5.025432
1.413414
3.295591
0.783375
2.148229
6.032407
2.292621
0.121027
-0.364520
1.565378
-0.133684
0.264632
3.936581
-1.743654
-0.316766
1.687040
1.695080
-0.317915
-0.319804
-3.878529
-4.556626
0.488511
-4.779307
-0.364179
-3.942371
-2.594080
-5.350721
-4.189051
-4.035048
-4.411508
-6.837100
-6.331268
-3.291532
-8.050374
-3.474473
-5.357728
-5.119630
-4.731503
-6.955408
-7.462791
-9.611324
-6.453371
-10.359009
-10.591565
-9.327414
-6.469932
-9.925621
-8.194292
-5.656411
-11.083223
-10.560488
-6.280475
-10.723311
-11.451559
-12.279445
-11.537609
-10.419124
-10.074257
-7.983518
-8.913570
-10.036141
-11.191772
-9.295950
-7.969749
-7.924210
-8.857303
-11.429908
-12.251669
-7.819322
-9.514837
-7.636443
-12.091408
-9.937267
-7.401070
-10.034397
-11.784652
-8.666313
-7.269541
-11.811426
-6.675024
-11.011035
-9.284759
-10.571631
-5.757559
-7.140749
-7.734961
-5.037173
-7.598897
-7.000371
-9.530893
-6.437551
-8.606057
-5.302546
-7.070253
-3.781870
-7.159279
-7.013407
-2.831664
-4.698057
-2.447931
-6.851499
-3.563678
-2.941572
-2.101465
-4.896855
-2.221195
-4.113329
-3.770356
-4.315932
-3.244393
-1.812484
-3.425227
1.770866
-2.977263
-0.399482
-0.597147
