0.551953
-0.777155
3.767737
3.909194
-1.015757
4.448510
1.117612
3.439900
1.858551
0.463543
5.922395
2.262200
4.051961
4.594106
6.082224
5.609492
5.979309
2.488181
4.477402
5.394467
5.926425
6.564417
6.123638
5.282207
4.606430
5.111345
10.430576
8.379169
6.139094
8.169938
8.068434
5.942959
9.695577
10.054926
8.532947
7.881814
11.746269
8.236634
6.882987
9.425179
9.199345
7.641366
11.949173
11.493998
11.387981
8.189192
12.124405
8.048246
8.782710
9.474374
7.942391
9.220181
7.744550
12.036664
11.138455
10.632430
12.670457
7.582229
11.225487
9.800702
7.554555
10.206860
9.991937
9.479814
9.642829
11.462203
6.254347
7.951663
5.504315
9.964707
8.225193
9.739679
6.518452
5.965467
9.469618
5.171264
6.510644
3.550444
8.902557
7.504597
5.036550
5.444570
7.252609
2.126017
4.181662
6.871478
3.302588
3.738886
4.230251
4.526580
4.717510
-0.026580
0.896007
1.773114
1.117323
1.123624
2.161102
1.985481
1.506654
-1.153730
-2.655562
1.596051
-0.312403
-3.951425
-0.303746
-2.789626
-2.768284
-0.626369
-1.056258
-1.570688
-3.139768
-4.626216
-4.357503
-3.668631
-6.168284
-7.148512
-5.050717
-4.251309
-5.320463
-5.288841
-8.068670
-8.818055
-7.064008
-7.623660
-6.628615
-7.296321
-9.502425
-7.825432
-10.559486
-10.454589
-7.050197
-8.003451
-7.906653
-10.591370
-7.858836
-11.280385
-7.490093
-8.962899
-10.237434
-10.279059
-6.867782
-10.399343
-8.942545
-10.712594
-8.202233
-11.155192
-9.029431
-11.554777
-12.957583
-8.559179
-11.447242
-9.484933
-8.178628
-10.652733
-9.422631
-10.738725
-6.858000
-11.846036
-8.955447
-8.688205
-9.241245
-7.743092
-6.995368
-8.011715
-10.597220
-6.636529
-6.663566
-11.039965
-8.061098
-7.410921
-8.670204
-10.526638
-8.127507
-7.238966
-7.296355
-9.036721
-4.138913
-7.229923
-4.378961
-5.231109
-6.146988
-6.712881
-7.192992
-6.135702
-6.134858
-4.915643
-5.409921
-5.774302
-0.837074
-4.106386
-3.219049
0.012313
-2.223384
-0.042337
-0.034198
-2.084724
-3.918323
-1.289707
0.735231
-1.780331
