1.495925
1.598576
-0.291736
1.040698
3.051848
0.803459
2.171378
0.932705
3.475217
6.018400
5.555493
0.866175
1.444548
7.086770
4.149433
3.252686
5.887620
4.252335
3.770836
4.259819
6.677922
7.308421
3.856971
5.027116
8.224630
7.303186
10.077184
9.053529
6.570596
9.574316
7.381090
8.452796
8.356116
10.075003
10.505636
11.087905
10.549651
8.654578
8.007435
9.101092
7.622783
10.253016
9.933627
11.641829
10.492831
10.547706
11.777119
10.328325
9.396380
11.629818
11.032687
10.309768
7.162950
12.133420
9.589755
7.377620
7.195052
11.220836
9.118160
12.496940
11.664275
9.584167
12.013627
10.527194
6.983795
11.235624
8.824361
9.409985
5.883488
7.042666
6.712463
6.343813
8.428707
7.396868
7.044137
7.183235
5.005156
6.852746
4.871021
8.594241
7.867119
5.233202
3.536104
2.792902
4.785807
4.326291
1.214421
1.164757
3.684038
2.291850
3.213484
0.812152
4.940290
4.860007
3.082042
3.016350
3.109666
-0.553216
0.911205
1.942613
-2.908751
-1.431019
0.394703
0.166793
-2.490148
-1.487673
-1.822579
-0.472295
-2.112688
-5.151201
-0.421695
-5.955639
-2.916076
-2.205529
-4.572556
-6.528459
-4.722535
-7.771299
-4.794053
-7.528835
-3.558610
-4.451676
-8.006826
-5.180226
-6.699583
-8.040472
-6.636782
-6.430992
-9.959824
-10.165532
-7.181690
-6.609574
-11.487577
-6.322190
-7.752498
-9.011268
-8.266237
-10.866301
-9.980871
-11.784304
-12.588863
-9.444185
-9.881078
-10.753602
-10.578784
-10.413265
-10.318418
-12.706246
-9.872576
-10.594226
-11.377993
-12.254457
-11.763515
-10.467863
-10.294919
-12.148955
-9.822716
-7.154161
-9.496102
-8.220828
-11.418604
-11.584800
-10.590883
-9.981751
-7.970992
-7.687030
-9.067288
-10.888669
-9.737256
-9.143004
-6.722523
-5.728621
-5.445932
-9.275210
-5.733331
-4.455355
-8.051116
-7.494196
-4.823043
-3.166878
-5.737672
-6.190477
-6.268255
-5.196586
-5.886258
-2.948064
-6.944693
-5.504512
-2.044982
-0.467217
-3.580448
-4.752113
-3.616260
-3.570387
-2.432578
-3.316902
1.314243
-3.512948
0.100854
0.890992
