-1.466673
0.271439
2.044167
1.387835
2.086230
-0.191344
1.342429
2.244640
4.492056
4.663592
1.390238
5.702061
5.397107
3.581417
4.651562
7.406280
7.199097
4.495959
7.891332
4.461454
8.030154
5.572245
9.130391
7.934765
7.379059
6.340374
6.348973
8.885406
7.622557
5.773768
8.945706
9.381734
9.756861
9.723047
11.663113
7.043725
10.858256
11.562092
11.098056
6.913699
9.253229
11.353469
8.614954
7.987737
12.120789
8.489105
12.673526
9.581682
8.193358
7.485011
8.757383
11.144050
7.847255
9.310188
8.759342
9.131850
9.982743
12.194789
8.355288
9.399704
8.793288
9.205429
10.630996
11.539250
10.830180
7.084831
8.120224
5.536891
7.568497
8.132294
5.055424
5.653242
9.216899
6.975167
4.553748
7.694953
3.728034
8.903107
5.099225
5.569129
6.307181
4.747658
4.195616
5.075699
3.546085
6.273074
4.513050
3.467867
0.697486
1.499507
0.045726
1.280532
3.642488
3.879375
-0.452756
3.665562
1.554366
2.542473
1.541611
-1.438292
-0.636516
-1.622074
-2.316526
-1.176907
-2.110526
-3.277236
-4.053218
-0.653846
-3.684410
-3.554956
-3.102340
-3.740817
-5.683596
-5.303253
-7.491694
-4.888419
-2.095788
-5.709342
-4.844450
-5.210285
-6.846816
-3.784124
-7.951126
-7.509442
-7.411437
-4.962963
-4.533730
-6.702108
-8.395783
-7.115724
-10.436994
-8.811424
-7.644833
-7.078437
-8.363031
-11.266506
-7.163069
-7.017657
-11.470640
-6.827751
-7.165908
-9.525512
-9.462858
-12.682400
-8.100117
-6.958881
-10.248637
-11.570194
-12.456854
-9.640483
-9.653952
-8.458591
-7.421526
-7.744845
-8.380201
-8.829941
-8.809643
-12.365065
-9.026243
-9.810538
-6.867877
-6.842163
-6.844298
-11.698588
-9.303196
-6.081837
-9.538735
-8.908335
-7.578853
-7.753591
-7.514141
-8.969978
-5.807358
-6.529237
-9.050772
-6.173672
-9.131064
-3.942401
-8.239741
-3.705604
-6.298621
-5.816692
-2.996575
-6.756883
-6.956150
-5.834068
-1.486509
-4.938774
-2.326930
-1.738749
-4.060579
-3.550445
-3.868137
-0.436147
-0.706611
1.496808
-1.548747
0.292258
-2.673896
-1.176175
