-0.625831
-0.121376
-1.877777
0.345050
0.788279
2.276882
2.718394
1.734704
4.067620
1.268092
3.302224
5.643338
3.323451
5.745740
2.027611
4.812766
4.672467
2.700734
8.154153
4.316285
7.362444
3.833896
8.751206
9.264156
4.366363
8.068033
5.108170
10.627067
5.686120
9.550749
7.773574
8.607523
9.912676
8.048011
6.499822
6.112641
8.561620
10.795628
8.545942
8.152526
9.503271
8.939349
7.360914
9.407156
9.863609
8.204607
7.878250
12.576589
11.194982
10.099947
11.705512
7.029996
11.706572
10.133029
7.618354
11.388951
11.091910
7.719775
12.026164
7.669465
11.235362
8.922350
9.145170
10.219223
6.959626
9.462400
10.305849
6.285865
7.269160
8.046451
10.001815
10.109888
9.290540
10.008875
8.974621
4.102953
8.599498
8.065818
6.076309
5.454938
4.530477
7.627982
2.451432
4.991108
3.878903
3.994520
2.085230
0.878414
4.338650
6.022773
1.522955
0.217411
4.147991
1.420258
2.937753
1.373926
0.025614
3.560624
0.383139
2.716351
0.081293
-2.724740
0.260269
0.106819
-1.538600
-2.373777
-0.459779
-2.336673
-2.704538
-3.376980
-4.440170
-1.957086
-2.438981
-3.745786
-7.197072
-3.181355
-3.035193
-6.330467
-8.029148
-7.392302
-6.197697
-3.889034
-6.080859
-8.709786
-5.781423
-9.912417
-6.260736
-8.705714
-7.234122
-5.339732
-6.132741
-10.644259
-9.225734
-7.857115
-6.138272
-8.104961
-10.190685
-7.963254
-8.625342
-8.882866
-12.551197
-7.308533
-12.368123
-7.865977
-10.420915
-11.861586
-8.208981
-11.518575
-8.520647
-8.402854
-11.410614
-7.313137
-8.840425
-10.232643
-10.706234
-9.805156
-10.060225
-7.053084
-11.904695
-8.963478
-12.222263
-11.776810
-10.262148
-9.062940
-9.148528
-8.625023
-8.081614
-11.292070
-6.539165
-7.203017
-7.796014
-9.033103
-6.572025
-4.500919
-8.617371
-6.004114
-6.392009
-8.459309
-3.520501
-7.978448
-8.337167
-5.184361
-3.302951
-5.143188
-6.230459
-1.448363
-5.807727
-3.027679
-2.174251
-2.679128
-5.352292
-2.235060
-1.419599
1.124700
1.306965
-0.632065
-2.586405
-0.350429
-1.878673
2.989552
