-1.601480
1.730705
2.340651
-0.820135
1.603535
0.840693
0.569153
3.314775
4.402756
0.254518
1.840994
4.222578
3.266302
6.560605
4.913053
5.772190
5.983781
2.937580
8.350922
3.713110
5.826436
5.223509
7.660295
5.527423
9.091020
6.635767
5.673485
6.659446
8.845715
8.145248
7.057127
9.993482
9.068497
11.329895
6.018675
7.824776
8.215651
10.517282
10.009222
6.779775
9.869545
7.324817
9.924107
8.651407
10.690943
7.090361
7.927487
12.423841
10.762505
12.890388
11.368717
11.171140
8.716900
7.247230
8.031298
7.818781
8.216321
10.050878
11.754841
7.696329
9.021556
7.619697
6.682840
10.833926
8.385008
9.499657
9.939283
7.462751
7.402868
7.948543
8.201172
8.818403
10.434232
4.618395
6.514457
4.471689
5.027271
4.226376
8.620448
2.978796
4.399222
7.115126
2.568526
5.561988
3.749541
6.872438
3.669934
4.944896
2.212658
0.953543
2.845888
4.130321
0.788828
0.492631
-1.124342
1.514735
-0.583864
2.575175
0.846086
-1.438598
-0.235419
1.579650
-2.319174
0.069702
0.409155
-4.649856
-4.605752
0.444181
-2.523093
-2.497268
-4.511687
-2.576473
-6.175279
-5.727438
-4.880255
-4.897740
-6.997930
-8.126495
-2.974997
-8.086780
-6.593931
-4.651016
-4.648586
-6.383788
-6.065378
-8.855080
-8.831105
-4.715258
-5.235935
-9.466853
-5.449618
-7.260987
-11.486290
-5.869191
-10.831405
-9.283750
-6.616862
-12.236719
-7.963213
-12.107236
-8.060002
-11.712878
-9.597198
-11.758344
-12.345919
-10.703877
-9.964751
-8.674495
-12.589641
-7.925852
-9.080216
-11.380800
-10.575294
-8.832308
-7.287774
-12.820589
-11.557287
-11.571024
-12.412251
-6.682083
-11.483810
-11.725431
-10.144510
-10.167009
-5.965125
-5.857592
-11.505779
-8.797422
-9.893057
-8.106802
-7.880281
-9.911036
-7.662072
-7.728780
-5.314150
-5.670782
-9.323377
-8.251505
-8.398152
-7.827367
-4.012614
-5.231564
-3.077522
-6.485050
-6.173065
-2.004726
-6.226526
-1.835601
-4.738919
-1.869865
-4.446426
-0.084948
-2.692376
-4.773710
-0.167095
-3.219214
0.170181
-0.612342
0.798246
2.903278
