-2.658116
-2.348106
2.170292
1.562812
1.114747
2.015925
0.746618
4.903448
4.015513
2.278881
1.221382
1.633907
3.486167
1.938417
2.933807
4.998806
4.653597
2.965083
4.510085
3.553489
8.154915
4.894214
7.157000
8.736729
7.916477
7.894563
8.448262
8.102930
5.491723
6.352199
6.947202
8.844597
7.263704
10.680611
11.563173
7.106450
11.143502
7.661405
7.483589
10.912854
10.498550
10.668194
11.104919
7.449922
10.041244
12.493695
9.898078
8.254748
7.515018
12.662112
7.025605
10.034252
11.622293
11.203075
9.054731
8.048954
10.569968
9.263387
9.942139
11.613662
7.155904
6.663907
8.344701
9.598273
10.401904
8.196398
8.247864
8.425999
7.747684
10.514395
5.364540
7.997477
6.511208
5.979343
8.026928
5.830768
9.587655
6.502060
8.729211
5.977521
8.532105
6.748398
2.131150
7.542384
4.381995
6.871067
4.941955
3.778479
2.863721
1.240003
5.532776
3.271767
3.507992
-0.864257
3.282943
-0.742772
2.626114
1.347395
-0.664595
2.583955
1.528392
-2.531187
1.397318
-0.306011
-4.346921
-2.153698
-4.186055
-4.291495
-2.847236
-2.902722
-3.554444
-3.517829
-6.768449
-7.152634
-1.581179
-6.858857
-5.996537
-3.369281
-4.152532
-8.068065
-6.585275
-7.637480
-6.975001
-7.887039
-9.167986
-9.843925
-6.406650
-5.133713
-10.161310
-8.070384
-6.970368
-9.282692
-11.439048
-11.566650
-8.890594
-9.786259
-11.890589
-6.873187
-9.623171
-7.454476
-10.532083
-11.000066
-12.217693
-8.625289
-11.842246
-6.958794
-7.075487
-11.214761
-11.849590
-9.419710
-11.003388
-8.659142
-11.124876
-10.256934
-8.683373
-9.862587
-7.886304
-6.905663
-9.905904
-12.098299
-11.936767
-7.823712
-8.409916
-6.765566
-8.300619
-6.266968
-9.954406
-8.758665
-6.513559
-10.281434
-5.160101
-10.053143
-7.405245
-8.848484
-5.693139
-9.235053
-4.984877
-8.481094
-4.291048
-7.899213
-8.037534
-7.204176
-5.311906
-3.421060
-2.551407
-6.736846
-2.505780
-6.547106
-5.933001
-3.511405
-5.121228
-1.368471
-2.709268
-3.623702
-1.746254
-1.117126
-3.099540
0.546304
-1.991337
0.823505
