3.308735
-0.577390
1.428356
3.436278
1.574551
-0.377584
5.092049
1.664562
1.596811
3.414618
4.106753
4.374874
3.318452
6.243405
5.285918
6.074966
5.142250
8.213729
8.586735
4.778675
6.057532
5.907918
6.881907
5.161172
9.881134
6.573453
7.227542
6.450723
9.497282
9.648530
10.446845
8.423510
8.515083
11.725971
6.812815
11.352013
11.123711
9.594108
8.444695
10.112218
10.682626
11.282066
7.157317
11.837906
11.872033
11.385976
10.222559
12.503770
10.053464
9.100434
9.158440
10.971786
10.431266
9.174269
12.721739
10.326860
11.987156
12.290334
9.725261
7.328725
10.611195
12.242007
9.388655
9.087066
6.406892
9.352937
11.270176
7.546985
6.454094
6.704784
6.270096
8.223340
6.362227
9.917338
5.328170
6.379940
5.015961
6.932715
7.276563
5.982310
3.640659
5.088988
3.289901
3.610750
4.117427
6.893927
2.636856
5.717074
5.074437
1.637652
2.362143
0.699950
-0.134470
0.697202
-1.262378
3.067682
-0.144750
0.205547
-0.299309
1.201489
1.075795
-0.825208
0.510009
-2.864397
-1.554466
0.241014
-4.691948
-1.154100
-1.476893
-4.088078
-6.255280
-5.796292
-5.299813
-3.387539
-2.689955
-3.334499
-2.241735
-4.134341
-3.395785
-8.095654
-8.919344
-8.277164
-7.340853
-7.419243
-9.101370
-10.162828
-5.636372
-10.582555
-8.687559
-9.162964
-10.705833
-5.762394
-9.811348
-10.257381
-7.818717
-8.413641
-11.069625
-7.034925
-7.778364
-10.051056
-12.421725
-10.673966
-10.003893
-6.990639
-10.669305
-7.904887
-9.440497
-7.994178
-11.379333
-11.627203
-12.712637
-11.818208
-10.150896
-10.480600
-9.823590
-8.342154
-10.761330
-6.968442
-10.018245
-11.745571
-9.572424
-6.863116
-10.969194
-9.360538
-6.358862
-7.136021
-9.099143
-10.006875
-10.183379
-6.444914
-10.333049
-4.933488
-4.964383
-7.384001
-8.255618
-7.709986
-9.530316
-4.155527
-6.269258
-3.734442
-6.818903
-7.447454
-5.425577
-3.565398
-5.339686
-5.222067
-2.461310
-2.805857
-3.935046
-2.365727
-3.997560
-3.868855
-3.172800
-3.485568
-1.520568
-1.206425
0.382202
-2.122018
1.574135
-0.232134
