1.002517
1.505415
3.162808
2.248130
2.095889
0.279386
0.817829
4.454479
3.031017
4.457972
4.613354
4.061729
5.566744
4.787270
2.775493
3.586392
3.109718
3.432036
3.687049
5.321261
6.945434
8.113456
8.363347
5.952087
8.067057
6.558889
8.688354
7.792150
6.561206
9.721200
10.691733
10.387906
6.626620
11.514278
7.374152
7.395657
6.443672
9.499651
9.585473
10.267689
10.798973
11.021108
11.663889
12.296540
9.973278
12.788654
9.789645
9.165907
8.710942
8.527014
9.499839
7.780137
12.777442
10.671031
9.178272
7.003126
9.987546
9.221523
11.156590
12.342659
8.609583
8.667054
11.234925
8.340253
6.248578
11.360528
8.293369
10.781411
9.467456
9.995386
9.795544
7.295655
10.192567
6.685090
8.937191
8.801917
9.069268
4.712066
4.887857
7.233288
7.070348
2.729408
2.242721
5.963058
3.170282
3.727315
4.661995
5.437014
3.402590
3.489916
4.083317
2.233406
3.018272
4.052048
0.990309
4.112279
1.890820
2.490630
-2.296971
0.681951
2.139547
-0.261456
1.765394
-0.128685
-0.637960
1.110299
0.520622
0.061849
-0.995517
-2.578983
-2.827615
-5.642404
-5.257313
-6.870361
-6.668104
-6.777113
-6.372175
-3.859198
-8.047036
-2.942714
-5.801331
-5.278372
-4.615686
-7.735499
-7.991184
-5.091166
-6.925085
-5.502370
-10.746765
-6.767288
-7.453938
-5.587616
-8.099882
-10.358846
-10.472651
-10.519502
-9.791519
-10.709324
-9.886747
-12.085515
-8.280526
-9.183490
-9.295061
-12.736332
-12.030533
-9.607058
-9.100716
-8.964315
-9.204417
-10.029433
-9.504568
-8.844275
-11.851900
-8.903212
-8.444855
-12.290483
-10.685351
-9.780252
-7.645521
-7.661739
-10.074378
-7.745508
-8.933735
-8.948714
-8.819700
-6.345175
-8.624517
-10.608866
-5.551954
-11.004275
-7.322383
-7.692450
-8.419053
-10.049018
-8.907342
-8.126648
-9.569396
-4.262165
-6.979295
-7.618698
-3.450795
-4.672408
-5.341769
-4.784467
-4.255406
-6.406961
-6.486775
-2.801293
-2.165610
-5.619079
-4.454296
-0.447875
-0.619462
-3.363694
0.181332
-1.246297
-1.435617
-2.299068
-0.471251
-0.340030
