-2.619637
-2.204821
0.321253
1.915339
4.456643
2.048941
-0.388197
1.714844
5.324799
3.303600
0.683514
1.757065
5.291404
3.263153
2.709016
4.263822
3.034742
8.110097
7.535395
7.033786
5.804395
8.861326
3.730510
8.634826
5.161155
4.933655
4.536982
7.614534
7.707673
7.897787
9.198756
7.767594
5.999201
11.469372
10.089774
10.249445
10.031007
11.461526
6.616865
10.763988
12.397261
10.716552
8.461782
12.170970
12.102669
9.980764
8.178125
11.992258
7.291347
8.310859
12.662991
9.389076
12.873968
9.593437
11.640453
10.175929
7.255583
8.046776
8.249449
11.808400
6.932419
10.470622
9.081673
9.770496
6.545776
10.692771
6.739783
6.838200
10.089049
10.162690
10.814171
6.805025
6.616206
7.208609
8.451528
6.625151
7.109628
4.965665
6.527250
7.121978
3.401434
6.975834
7.879185
3.943693
4.052878
3.545340
2.406103
2.653063
4.446197
4.477781
4.527908
1.759383
1.541315
1.211128
0.263730
2.642836
3.318484
1.277062
0.700327
0.966178
1.857434
0.648988
-2.537146
-1.702959
-1.619976
-0.032367
-2.922566
-5.118637
-1.087921
-2.028394
-3.055552
-3.831400
-5.624252
-2.230518
-6.502302
-2.156407
-4.751385
-2.534300
-3.066368
-3.612237
-3.504126
-3.408723
-5.021790
-5.928840
-9.495693
-8.427447
-9.881536
-7.434837
-6.851155
-9.021103
-7.553280
-8.763941
-9.098977
-6.907236
-10.921360
-6.401611
-6.220007
-7.074048
-6.680921
-11.319402
-10.058937
-6.917200
-7.228258
-9.932349
-9.568244
-12.033492
-9.163889
-11.586718
-7.709233
-9.303579
-11.676626
-12.280378
-12.394998
-10.963894
-7.897851
-7.614936
-11.501085
-11.502326
-9.158290
-11.428965
-7.336650
-8.386922
-9.927745
-10.757582
-7.481702
-11.207538
-11.454038
-7.931776
-9.728531
-5.797893
-5.223834
-5.361545
-5.339555
-5.035486
-7.040152
-6.620338
-5.542818
-4.887539
-6.634178
-6.562173
-6.087678
-3.136565
-6.248201
-2.285327
-7.193573
-4.924698
-3.370068
-0.742518
-2.546897
-4.886500
-5.778883
-5.232086
-2.177090
-3.229346
1.248767
1.048035
1.524849
-2.660609
2.422704
1.310651
