1.699673
3.296940
-0.858908
3.859977
3.252221
4.713157
2.046986
3.719820
0.897279
4.906069
1.227004
2.109494
2.325023
1.529051
3.049367
6.851388
7.012051
3.525254
3.419112
7.114852
3.358351
3.653783
6.382333
5.278819
6.939403
9.813807
8.523952
8.946936
7.802294
7.735181
7.316463
8.873790
10.399408
10.014200
10.081618
8.110078
12.081117
6.913344
8.861656
9.853825
12.399322
12.384970
7.875844
8.482898
10.773793
8.600562
12.374340
8.477820
8.178657
10.058252
7.272216
8.520114
8.162484
9.737944
8.426436
12.240656
8.707546
7.312756
9.283161
11.554546
9.393723
7.426595
6.417254
7.119684
10.023578
10.949210
9.095303
10.967210
6.631331
5.561484
5.586853
9.925410
8.512861
5.014250
7.484101
5.251805
7.589907
6.658021
3.373447
4.576387
8.370848
6.056745
4.816192
3.236615
5.449171
5.880614
2.705236
3.341508
5.262709
4.938193
2.102286
0.425025
1.089123
-0.244144
2.047083
-0.326798
-1.889932
-0.408163
1.028053
2.403692
1.014544
-2.276738
-2.338104
0.051436
-3.687118
-0.733923
-1.355442
-3.224435
-5.684169
-2.259920
-2.452912
-2.514176
-4.369735
-7.189169
-5.662270
-4.283854
-5.579514
-3.265221
-6.300166
-5.935273
-6.468795
-5.472935
-8.456688
-7.305003
-5.400635
-5.452076
-7.223434
-5.245215
-7.365869
-7.424629
-11.021655
-5.511530
-11.316628
-10.682931
-8.897539
-6.943086
-6.956905
-7.005323
-8.354634
-12.134167
-6.870020
-7.107379
-10.030204
-11.618524
-8.886113
-9.347487
-11.705272
-12.334723
-10.546763
-10.045941
-11.191757
-12.303115
-11.516284
-12.007834
-9.357189
-10.679101
-7.247599
-9.794185
-8.627239
-12.054778
-9.297781
-6.407164
-9.753547
-10.385422
-9.641130
-10.156329
-8.015249
-10.772338
-6.702789
-8.813358
-10.318785
-9.798478
-6.409447
-6.602891
-4.244812
-4.483056
-8.881964
-8.068426
-9.090533
-4.442314
-5.747459
-6.246003
-3.424657
-2.343310
-4.804109
-5.936586
-6.214548
-4.847462
-0.868122
-4.728655
-0.925897
-5.105967
-4.498598
-1.233543
-3.145262
0.368279
-2.233613
-0.070125
-2.045323
1.576931
