-0.269012
-1.618987
-1.642912
1.181100
1.444536
4.219793
0.693850
1.981578
5.778563
2.706596
3.540332
3.049940
4.789322
7.023121
3.574136
3.349073
6.001838
3.313157
4.669305
7.973881
5.753416
6.801654
7.047127
9.091733
7.262485
8.894111
9.640328
8.102529
5.834911
5.665459
10.882928
5.797704
8.803837
10.522293
11.066991
7.680297
7.452808
11.088831
6.789051
12.497578
6.612971
8.993842
10.272091
7.479166
12.205705
7.629959
10.979202
7.189471
12.738225
11.095843
12.880183
8.408915
9.876698
9.965776
11.669474
7.408034
12.635846
7.534664
8.049137
11.011147
11.363578
10.835322
10.931502
8.749428
6.810462
6.824870
9.802074
10.020107
7.238925
9.552337
5.698317
5.327787
4.763358
7.755656
8.645476
6.103093
9.547266
3.609131
3.513005
6.049950
5.936107
4.901604
5.767213
5.288885
6.971314
3.733755
1.017857
0.858875
2.422604
5.803897
3.323259
1.143416
4.807159
2.666494
2.171168
-1.033486
1.780843
3.541979
2.825435
-1.239099
-0.873911
-1.982837
-1.360026
-4.213942
-2.356811
-2.095490
-2.157339
-0.042858
0.067317
-2.937960
-1.226614
-2.529622
-1.635508
-6.913066
-2.060513
-5.959659
-7.816321
-5.485133
-4.295051
-4.558917
-7.015230
-5.255088
-6.050692
-5.395825
-6.764709
-4.921031
-9.081440
-6.658670
-9.582714
-8.956872
-10.311705
-5.971089
-9.292219
-9.389535
-9.007613
-8.117531
-7.870413
-10.038422
-7.191367
-9.834271
-12.359510
-12.266049
-10.479143
-10.776421
-8.549864
-12.726765
-11.518959
-8.309678
-10.887926
-12.652851
-12.965356
-10.427283
-7.078326
-10.547452
-8.208798
-9.311236
-7.988101
-9.522726
-12.471797
-7.655453
-11.413368
-10.504402
-6.521666
-8.362077
-6.362750
-10.983071
-7.245090
-6.548996
-10.845847
-9.061879
-8.198277
-6.924956
-7.420847
-10.047425
-6.657626
-4.946103
-4.800225
-6.397267
-3.748405
-8.804681
-7.080353
-4.720895
-2.219292
-7.676317
-3.484185
-2.950341
-6.454705
-3.278797
-4.582766
-4.896090
-5.062984
-0.299543
-1.397784
0.821157
-4.314015
1.293364
-0.674171
1.615269
-3.143926
-1.789419
