0.723046
-0.345793
-0.826985
1.761777
1.788047
1.939122
3.296345
5.028712
0.131929
2.646554
3.310106
4.320091
6.758727
4.342738
4.114870
2.862799
4.816832
7.592516
5.603648
5.798008
6.244470
5.761115
6.917031
8.331896
5.406741
4.963103
7.966707
6.279086
7.387486
9.462017
7.522381
9.305823
8.096115
7.056686
9.293416
9.211567
9.638610
9.563907
8.620378
9.444110
11.161383
8.690833
7.251875
10.971174
12.744603
9.614481
11.058771
8.374186
12.849512
8.340094
8.437739
7.972648
8.856084
12.723318
7.009035
10.604753
11.030455
9.982397
11.123466
10.653179
9.539243
10.047227
9.476849
9.713092
7.808366
9.567176
9.706756
9.417618
7.758261
7.160418
7.650677
4.853065
4.695670
8.545027
9.296334
8.434384
9.185531
7.866901
5.757153
7.152816
3.527967
3.337470
7.473363
4.111528
5.806806
4.536167
4.722925
1.285151
6.150268
2.501072
1.845916
2.804146
2.008373
2.318911
0.437916
0.214513
-1.415614
3.215858
-2.645691
-0.475191
-2.377619
1.764995
-2.681426
-3.238117
0.478794
-4.067001
-3.088722
-4.176243
-3.764862
-5.632633
-1.931940
-5.191780
-2.329159
-1.428946
-6.236636
-5.029176
-2.318651
-5.481768
-7.782253
-8.548175
-4.675549
-8.666447
-7.649190
-7.686834
-8.043567
-4.369268
-8.075757
-7.380892
-6.906394
-7.074894
-7.392873
-10.904195
-7.257984
-10.546281
-8.517049
-9.990981
-8.675542
-9.930176
-8.021595
-8.727174
-9.368753
-12.077722
-11.716086
-10.141638
-10.539885
-11.287915
-10.448333
-10.221296
-8.345141
-9.754569
-8.702643
-8.626335
-8.427326
-11.065216
-7.086196
-8.069655
-12.262630
-11.497111
-9.552076
-8.386312
-10.514390
-9.308322
-9.739556
-7.236125
-8.174038
-6.390784
-7.178386
-7.593593
-6.903361
-7.935619
-6.484258
-8.615920
-9.788997
-8.787911
-7.669930
-5.604497
-6.293632
-5.135633
-6.274361
-5.802263
-7.370862
-7.455735
-7.629078
-4.290028
-2.577279
-5.902839
-3.629325
-4.804393
-5.116143
-0.836354
-2.923720
-4.956348
-5.008524
1.035813
0.306989
1.559942
-3.101355
-3.027366
0.132251
1.006282
