1.998439
-0.042872
2.124978
2.696835
2.264683
4.088875
-0.801745
3.553003
0.505371
5.646201
4.456753
6.441311
4.102121
3.769249
2.916760
7.438775
4.716329
7.311003
3.337883
5.102839
7.352720
7.484062
6.796546
7.948506
5.725988
6.906645
8.302332
6.162384
7.792970
9.780455
9.209196
6.935985
8.548076
7.230989
6.885672
7.758542
9.740845
8.809636
10.485104
7.641545
8.971723
11.420726
9.027784
7.871518
8.397929
9.712376
9.619206
7.620841
8.612520
7.803806
11.379020
11.551807
12.764920
12.447909
10.090935
10.222473
11.411334
9.219136
10.840891
10.739925
9.275956
7.552292
9.677413
10.204495
5.974293
7.783599
6.646165
9.282084
11.242653
7.631525
10.364119
8.221145
4.973485
10.283089
5.643128
8.278548
7.042326
9.253072
9.043610
8.781162
3.585371
6.935544
2.438486
6.972382
3.264770
2.713295
5.360401
5.132648
4.599536
3.651755
4.805495
4.995462
-0.007595
-0.643931
3.548654
3.202706
2.130154
-0.380042
0.112827
2.924673
2.448062
0.256413
-1.550112
-0.339611
-0.528286
-4.459577
0.289599
0.441056
-5.692086
-3.536581
-1.709729
-1.728790
-3.827611
-4.116304
-7.451620
-4.050950
-2.432594
-5.225470
-6.186915
-7.749835
-6.385109
-4.676767
-4.227470
-4.174003
-9.235340
-5.650334
-10.362977
-8.647088
-6.608971
-5.490423
-6.462107
-6.779675
-7.633020
-7.621501
-10.129409
-10.940859
-7.985692
-8.261397
-11.134642
-9.476633
-11.125486
-8.541464
-8.532063
-10.881997
-7.386911
-10.503514
-8.958532
-8.971792
-11.985493
-8.838455
-7.562402
-7.504008
-8.440797
-9.252322
-8.276934
-10.298210
-9.856348
-8.655908
-8.828026
-9.934134
-8.485518
-11.735556
-7.285588
-10.373196
-7.554284
-8.582314
-10.407354
-8.501432
-8.651764
-6.482991
-10.442911
-7.143732
-6.475033
-8.724342
-4.257985
-8.743619
-7.350040
-5.593901
-7.374991
-7.902477
-5.001543
-7.062810
-7.914648
-4.547656
-2.520553
-2.177730
-3.038276
-0.960573
-1.723546
-3.432053
-5.560880
-0.182414
-3.159539
-3.607384
0.524322
0.547190
-3.761810
-0.760466
-1.636139
-2.659609
