1.302701
1.164579
0.138635
-1.282919
2.616016
-0.551511
-0.476910
0.431430
0.565269
1.418346
1.225875
3.055601
3.758056
2.351178
5.738965
7.501558
3.101686
5.666686
4.231052
4.840407
5.097867
9.139869
5.043072
6.809786
5.173328
6.264051
10.460520
9.770084
7.189197
6.935737
6.036714
9.245091
6.019314
6.756212
9.590568
11.593167
9.456084
7.401195
10.442659
6.611121
10.237671
8.171748
7.214914
12.406406
8.705908
11.038537
9.835583
9.909189
9.680863
10.857716
10.271599
9.996478
7.242121
8.294538
11.345790
8.920028
12.071575
11.264851
9.368110
8.227715
8.733526
8.592184
10.934527
11.359503
7.565196
9.246310
10.337345
10.522375
9.187152
6.906526
7.947788
10.195848
10.138449
10.052176
7.397560
7.862620
9.354993
7.496061
4.894239
3.760456
6.835510
6.111139
5.104883
7.784180
5.410636
4.112156
4.187435
5.621657
1.506226
2.009396
1.398951
2.159470
4.063807
2.846620
4.096987
1.429922
0.088886
1.789328
2.840275
-1.100260
2.270272
0.651727
1.466625
0.497363
-1.391342
-4.072481
0.000130
-0.049441
-4.624285
-4.547059
-3.490606
-4.671919
-6.710606
-5.886823
-1.973875
-5.051142
-2.877923
-7.431607
-5.103299
-5.685877
-3.414514
-9.315234
-6.372574
-5.454320
-4.762573
-6.760906
-5.851458
-6.751500
-5.882266
-8.927293
-10.650611
-10.691741
-6.543201
-10.704316
-7.254234
-11.279188
-6.638898
-12.171227
-11.254501
-7.269651
-9.641488
-6.808309
-9.477230
-9.708620
-12.534087
-6.949882
-7.624269
-11.817935
-10.619968
-7.472656
-7.407733
-10.631020
-11.384517
-8.825622
-7.965210
-12.189942
-9.057703
-8.258487
-11.053824
-7.761402
-10.548982
-6.720039
-9.024027
-10.980315
-8.598834
-10.760517
-9.134507
-5.675026
-8.456080
-5.510332
-10.221364
-6.795664
-8.107272
-6.919782
-7.915285
-4.509757
-5.568614
-4.300145
-6.692312
-7.372006
-3.842373
-6.069730
-2.618251
-3.446778
-6.381522
-6.342662
-6.461908
-4.207120
-2.926426
-4.996167
-5.199852
-4.180798
-1.560096
-3.415911
-3.743942
-1.045419
0.538328
0.289927
1.481753
0.278991
