0.253883
-1.074950
2.032596
2.943637
3.805996
0.070513
4.286603
0.160453
2.489149
4.180088
4.375504
1.147553
4.685637
2.103530
7.477590
4.243354
3.323508
5.874765
6.469880
4.298803
6.123760
6.290118
7.237349
5.326245
8.451166
7.906069
5.781099
6.107638
7.705686
8.647342
8.562010
6.059710
9.055351
9.623644
10.845387
6.217558
9.332388
6.569559
8.106645
7.891866
9.716721
10.034057
7.115478
7.950354
10.660236
7.864570
8.535479
9.533812
12.018826
12.799918
10.926636
7.999542
9.166586
12.428752
12.776081
12.720836
7.121344
9.585368
9.638019
8.706680
11.442140
7.218501
7.542727
9.809781
10.577172
6.998232
11.413529
5.543926
8.441408
10.472764
8.639119
9.076312
8.073064
9.646028
9.464667
8.454083
5.874021
6.012882
5.809689
4.841303
5.599943
3.236584
7.912963
4.598920
5.935751
4.564388
6.539441
2.461918
2.559313
3.374038
0.579257
2.824167
-0.709839
-0.941227
4.555098
0.282620
1.963728
-0.450082
-2.482646
-0.278414
-2.753418
-2.099215
-3.071939
-2.125714
-1.932410
-1.985690
-3.301983
-2.150635
-5.069102
-2.771606
-4.072169
-4.032921
-1.800310
-1.611858
-4.878969
-3.121901
-2.724512
-2.814946
-5.400817
-6.097257
-7.408803
-5.792764
-4.998674
-8.213926
-4.835788
-9.906888
-4.595049
-10.125810
-8.198795
-8.996391
-6.111182
-10.995441
-11.378195
-8.206919
-8.882404
-10.735729
-9.944807
-8.010107
-6.522576
-10.175237
-11.638950
-10.797596
-9.138401
-11.972076
-9.191920
-12.865345
-11.853590
-8.660808
-11.399152
-9.998021
-11.150251
-7.192207
-7.988827
-8.762448
-7.006917
-8.193189
-9.092351
-8.019596
-7.640938
-9.067517
-9.798355
-9.035010
-7.913895
-6.730192
-10.418195
-8.946482
-6.008574
-11.137326
-8.265613
-6.009249
-10.598728
-10.159124
-5.115683
-4.453996
-7.927205
-8.003186
-6.977575
-7.190882
-3.255923
-7.202921
-7.216893
-7.787246
-7.365376
-4.164880
-4.254228
-4.407549
-3.337002
-4.018417
-1.512338
-4.580013
-1.339168
-4.587497
-0.425666
-0.211197
-1.160673
-3.023890
-3.242320
-0.816756
-1.384596
-0.231269
