-0.966741
-0.681275
-1.562945
1.769210
-0.033857
4.867764
3.257094
-0.339096
0.956215
4.546484
4.339910
4.248137
5.132466
6.677099
5.419559
4.225988
2.795956
7.121976
3.643334
3.609888
7.180864
7.456773
9.397124
9.516869
6.105004
7.195014
5.057233
6.858363
5.789919
5.997629
5.576475
8.276931
7.360333
7.377134
9.319892
9.083698
6.671954
9.190687
6.651983
7.174899
8.916504
7.062513
8.626100
7.760068
8.902544
7.999685
7.883890
11.786595
10.902065
8.932053
8.107084
8.057286
10.551001
11.375967
10.808703
9.117715
8.920314
7.011508
7.327547
12.369682
9.276594
7.021714
9.643874
11.057434
9.981988
6.351783
8.075963
10.651215
8.189995
6.886620
4.997026
10.073391
5.235887
8.729899
5.117027
8.614036
7.425028
8.569483
8.504715
6.645942
7.358914
6.841433
4.497234
4.840768
5.926876
7.222592
6.965004
3.325904
4.234228
2.533062
5.694909
4.560502
1.541033
2.083715
0.151495
1.444984
1.558099
1.833029
-0.689435
-2.608116
-2.847709
-2.632463
-2.413641
-2.953928
1.145789
-1.763370
-4.142414
-1.833211
-4.489975
-5.880863
-4.286700
-4.876900
-1.117485
-4.866583
-5.687932
-6.284808
-5.307448
-3.526743
-7.583602
-7.072947
-4.099625
-5.469743
-7.159361
-3.904941
-9.736614
-9.633617
-5.925139
-9.405421
-7.191789
-7.116959
-7.721292
-8.151130
-5.874316
-9.972095
-6.516188
-10.873716
-8.548758
-8.578241
-11.363475
-12.353587
-10.980857
-11.215070
-8.047933
-8.870957
-11.753817
-9.411361
-11.326548
-9.117596
-12.737233
-11.232568
-11.430750
-11.600736
-9.562250
-8.582883
-7.124091
-10.582144
-10.134039
-7.568371
-7.214466
-7.489720
-11.760102
-7.850425
-6.362729
-9.063373
-9.718957
-11.262437
-9.128746
-10.696941
-10.615624
-7.017099
-9.662451
-6.112927
-9.546202
-5.872237
-7.827438
-7.923864
-5.284476
-3.400745
-7.825046
-3.368857
-3.667440
-6.698603
-3.012504
-2.751868
-1.657838
-6.531676
-3.517932
-2.102682
-1.700809
-4.757574
0.198043
-3.046376
-0.522452
-0.909081
-3.502147
-1.709015
-3.360891
-1.857225
0.641217
1.517640
