1.087760
1.093123
-0.053167
-1.143225
2.334680
0.753276
0.996057
0.904404
5.150960
3.934008
4.477106
1.215739
1.964327
2.129376
1.747937
1.988376
4.741693
6.128734
3.598267
4.945139
6.909553
5.878747
8.215125
8.467335
7.014507
9.789045
8.518454
7.879297
8.669603
10.042605
5.401487
10.343239
8.063349
8.524481
6.075539
11.122278
11.792029
11.833299
6.876319
10.987810
11.848273
10.345568
10.192673
12.510179
12.261960
12.182948
7.844442
10.478846
11.117147
7.050083
9.815625
7.006664
9.633127
8.658000
7.229188
9.306606
10.916465
9.206153
8.069059
12.211450
9.453949
6.483874
8.665666
9.269437
9.575720
10.007209
6.739242
7.927997
11.212100
7.854198
6.731065
7.261412
9.013890
9.532067
8.868542
7.264104
8.586801
7.819280
5.948343
3.219275
5.902765
3.098745
7.592107
5.902419
5.770442
1.360254
3.064697
2.038766
5.183845
0.965678
2.716384
4.026572
4.374619
-0.942214
4.182888
3.871793
2.525288
-0.037426
0.073171
-0.547722
0.900122
-1.415346
-3.008922
-2.704797
0.005063
-1.747272
-4.843540
0.189180
-2.135972
-4.259057
-3.254433
-6.531853
-6.535506
-3.310333
-3.620268
-5.333591
-4.558162
-5.860557
-3.412933
-8.281360
-8.444237
-6.403690
-7.166679
-4.278643
-6.332137
-7.203579
-5.941426
-6.581441
-5.202249
-9.827757
-10.918069
-8.872143
-8.278673
-10.611478
-11.756671
-8.702798
-9.273976
-11.010225
-7.988349
-12.472597
-10.028552
-9.250929
-9.417752
-8.525887
-10.044682
-10.944122
-10.155287
-12.612452
-10.116215
-10.459920
-9.043983
-9.594324
-8.220881
-10.791308
-8.670341
-7.364752
-6.770845
-9.698998
-7.628412
-10.736278
-11.026012
-7.355560
-7.993586
-9.797021
-10.017851
-11.593541
-9.822189
-9.398447
-9.549532
-8.894945
-10.558248
-5.725138
-6.421636
-8.989966
-6.009928
-6.211635
-3.661472
-4.177997
-4.978826
-5.828258
-5.380659
-7.875820
-7.173446
-4.689342
-7.426860
-1.833953
-4.016637
-0.746050
-5.555846
-5.267849
-0.463065
0.115416
-0.400139
0.589341
-2.798423
0.190521
1.854223
-2.385185
-0.373190
2.222610
