0.532117
-1.389154
-2.004150
-0.698467
0.291949
2.929026
4.609045
-0.444201
4.626555
0.391608
5.039388
1.122500
6.294176
2.073420
4.403447
7.127980
3.375815
2.785802
2.673291
3.901796
4.868861
5.689888
8.564617
9.438365
8.164316
4.770468
8.539116
9.387970
4.970849
6.053096
6.943992
7.155277
7.812162
10.615586
9.780913
10.674813
6.826329
9.778760
8.552338
9.495905
6.772071
8.251508
11.965118
11.290341
9.631861
9.841223
8.660579
7.673877
12.378606
10.743215
11.513174
11.007422
9.845813
11.409329
9.135858
7.110234
10.197503
8.506679
12.544482
6.904194
7.417686
10.860751
9.971762
11.825788
9.628039
10.044246
5.975846
6.976601
7.082476
7.181888
8.608318
4.951781
8.086310
5.738609
8.776933
9.621564
6.951088
9.327560
5.347159
8.578272
3.880421
7.495905
2.838739
4.580715
3.835002
1.333071
3.903553
2.053496
3.620079
2.488948
4.801696
2.017624
4.256074
3.278149
4.078282
4.116184
2.475461
-1.714783
-1.158760
0.161174
-0.083596
-2.528275
1.798109
-1.772266
-2.872927
-0.113113
-0.299035
-3.455818
-2.951806
-1.776248
-2.400715
-1.210962
-6.095592
-5.193719
-7.533155
-5.933630
-7.886077
-2.810927
-6.191605
-6.296110
-3.260868
-6.639751
-7.444875
-9.621216
-5.463537
-6.913078
-9.896402
-6.619286
-9.287251
-5.499144
-8.165243
-7.841626
-11.192870
-10.573046
-10.002674
-10.122254
-8.201487
-7.367668
-12.186492
-11.101622
-7.982304
-11.368886
-9.089771
-12.184887
-8.622566
-12.339619
-11.231654
-7.218127
-9.034982
-8.872812
-10.858710
-12.723278
-7.316547
-8.448326
-9.635101
-10.995404
-11.452492
-11.370851
-7.696918
-6.924168
-11.351710
-10.451906
-7.925444
-8.321718
-9.073281
-10.275940
-9.257929
-8.573382
-8.553821
-7.698717
-10.609819
-7.689902
-7.854810
-8.996696
-8.896961
-8.953436
-8.632345
-5.345481
-7.352369
-3.506386
-7.339453
-5.170002
-4.345732
-4.734293
-7.520266
-3.781031
-4.164902
-2.615358
-4.682454
-3.173494
-4.801156
-0.326018
-4.271249
-0.135510
-4.040097
-0.356609
-1.842710
1.559241
2.201788
2.016652
