-1.689975
2.807593
1.677808
1.914087
2.844096
2.111156
3.178551
3.358490
-0.130189
5.843952
3.740181
5.488769
5.861650
5.914283
5.306809
6.313082
4.746952
4.541418
7.350893
5.314418
8.784809
5.412385
4.149542
9.453355
6.754569
4.347498
7.005220
7.277564
7.983420
7.935135
8.454334
10.533683
7.831048
10.986580
8.318726
7.250192
6.180123
8.213669
10.730485
6.534686
7.215689
7.520658
12.672148
6.880947
12.428868
10.719669
7.781629
10.330577
11.004011
12.916728
7.816860
10.862458
11.240056
10.093877
11.933094
9.323431
8.388024
12.615893
12.395560
6.944708
8.883045
7.250633
10.517222
9.217560
10.140273
5.840228
8.589580
9.019600
8.599248
7.290547
7.362130
8.465410
6.484680
5.648666
9.505805
6.925640
6.720193
7.479949
8.219878
6.285186
7.195011
5.642423
3.049794
7.141028
4.143324
3.559278
4.767297
1.079870
2.996257
5.376383
2.557820
3.761869
3.551506
3.182086
2.192961
-0.754492
-1.949466
0.211837
-2.044563
2.453130
-1.217840
0.876588
1.642118
-0.935821
-2.367132
0.482413
0.499830
-2.972940
-0.488698
-5.927101
-5.868288
-2.880378
-2.897089
-2.882898
-2.542119
-2.731918
-7.038762
-3.946060
-2.925646
-3.749259
-3.449074
-4.091158
-4.208610
-6.891206
-6.074081
-6.550520
-8.681535
-6.939069
-9.025413
-10.875393
-8.875772
-9.727087
-6.822515
-10.408734
-11.359083
-9.503375
-6.711430
-7.592146
-12.174690
-7.785829
-8.045311
-8.655930
-11.060176
-12.241146
-7.549244
-9.952110
-10.120929
-12.875410
-9.125074
-9.501710
-11.567183
-8.366190
-12.367939
-11.487690
-10.009523
-6.871182
-11.004987
-10.746035
-6.783960
-7.741861
-9.505514
-6.875250
-6.769062
-9.079816
-10.720880
-6.620697
-9.222322
-7.396123
-5.971552
-6.488476
-9.069663
-8.736457
-6.922118
-9.841218
-4.598136
-9.038332
-4.141948
-7.982755
-3.713218
-7.727018
-4.134145
-3.234354
-3.587071
-5.514923
-5.512805
-6.841508
-5.491191
-6.647872
-0.843428
-3.000067
-1.871784
-4.811021
-0.606169
-2.206174
-2.982736
-4.087261
0.369125
1.778254
2.498449
-1.751319
