-0.291408
-0.567855
2.075946
-1.639541
3.322309
0.587559
1.839283
2.288324
3.506236
1.981258
5.587514
4.224436
4.256864
3.168715
3.896036
6.988389
7.379288
6.460825
6.258754
3.452014
7.543228
5.036187
8.826964
5.927747
6.847987
6.556031
5.085803
10.198427
10.106534
6.222752
8.259986
8.600588
10.992075
8.074215
10.040632
6.713428
9.856576
11.674695
10.521967
8.671807
9.230438
7.160073
8.692982
11.014324
8.744815
9.230067
8.995259
9.960187
8.327840
7.091610
7.921900
7.583793
12.926690
10.607811
10.271333
11.933482
7.333372
7.675103
11.903658
8.413696
6.523138
11.709898
6.469260
6.482035
9.663623
7.343609
6.320166
8.829366
9.186625
7.165007
5.357058
10.035140
6.314550
6.222459
8.866200
6.666075
9.035483
6.129184
3.997784
3.747248
5.059906
3.733259
4.724100
3.413543
4.018029
5.457407
3.239449
6.394167
5.816863
0.700552
4.027829
2.990276
4.875827
-1.044440
-0.366428
-1.015668
0.390116
0.333994
2.624474
-0.157645
1.953530
1.446794
-0.092688
-1.476673
1.216745
-2.607303
-1.411299
-4.083214
-1.652485
-0.636088
-1.075807
-6.270474
-3.297950
-5.071331
-6.725857
-4.539265
-3.984485
-4.008753
-7.535046
-8.838882
-3.353807
-7.341535
-6.611305
-8.420802
-9.235713
-9.046686
-9.202585
-5.103586
-10.499942
-5.337690
-10.388075
-8.925719
-5.829527
-6.317734
-6.568205
-8.651544
-10.591410
-11.057824
-8.331333
-11.948365
-8.400816
-7.481073
-12.287714
-9.245341
-11.240162
-12.321667
-12.358520
-11.327419
-7.509284
-11.617181
-7.032151
-7.889231
-9.764736
-10.589046
-10.329223
-9.218329
-8.768132
-10.275525
-11.050235
-10.721291
-10.836307
-6.470743
-10.291226
-6.779512
-11.543499
-10.504731
-10.626102
-9.851510
-8.038553
-7.527197
-6.948475
-6.768149
-7.755392
-8.990132
-6.805623
-5.956728
-7.278159
-9.226207
-6.941705
-3.383002
-3.138178
-3.231413
-4.931868
-4.492787
-6.800683
-3.497472
-6.803058
-5.122762
-0.632743
-1.350437
-3.426592
-0.710931
-2.093359
0.865477
-1.886368
-0.404337
-3.410319
0.892579
-1.384204
-2.181085
