-1.471763
2.069457
2.066243
2.811130
-0.129793
1.229718
2.937796
4.391382
1.733612
1.294776
1.021267
4.396100
4.240518
5.336212
5.781035
3.346212
3.910230
6.158528
6.086251
4.001591
4.536331
9.276722
8.148501
9.687694
6.717676
5.558744
8.831329
9.448006
6.399836
6.092939
8.605999
7.131204
10.699720
6.416134
7.067363
9.698558
8.617776
11.262637
7.870794
9.926951
10.080473
9.197066
8.404746
7.919187
9.659842
9.759303
9.307496
11.286146
11.026599
8.617319
9.063856
12.040022
11.408314
7.197014
12.734185
12.328657
7.734774
7.728685
12.268436
7.944494
9.350547
10.094344
9.875629
7.970498
8.322149
11.740163
8.304188
10.527244
7.280347
6.853812
6.394851
10.301473
8.338256
8.504056
8.419837
5.350350
4.985936
6.965943
6.419995
7.138654
5.957963
2.662879
5.005599
6.826853
5.956151
6.461522
1.721070
2.115712
6.225165
5.628252
2.389926
0.672228
4.871261
0.232937
-0.875601
0.712478
-0.455417
-0.262081
-1.207745
1.321857
2.092334
2.185974
1.139253
-3.312237
-1.963964
-3.853394
-2.443779
-1.077876
-0.182426
-3.631434
-5.462553
-6.316894
-5.390216
-7.101695
-4.423243
-5.540404
-3.329778
-3.435609
-7.373739
-5.651681
-3.701246
-6.266807
-8.593882
-6.134933
-6.821689
-6.790381
-5.979187
-8.659701
-5.896716
-9.647828
-10.968137
-6.348863
-6.056455
-9.261196
-11.781130
-10.744255
-9.770793
-11.162650
-8.914442
-11.070019
-7.466376
-7.742305
-8.790857
-12.722485
-8.059933
-10.911147
-7.315062
-7.396549
-8.944627
-11.697651
-10.066652
-11.483288
-9.740741
-10.276684
-12.491794
-11.133295
-7.560698
-9.912326
-10.154961
-11.996303
-9.773415
-10.135132
-10.866107
-10.506665
-8.868204
-9.380922
-10.569457
-10.227593
-11.244304
-10.274990
-4.920696
-8.354666
-6.428170
-5.127098
-7.163057
-7.569744
-7.334930
-3.605301
-8.270876
-4.010005
-3.324478
-7.019641
-5.036686
-7.297031
-6.349013
-6.409255
-6.104066
-5.239035
-2.616812
-0.192710
-2.592823
-5.421342
-1.863499
0.654180
0.624649
-0.461138
1.540165
-3.096011
0.017622
-1.553805
