2.911527
0.137529
2.383670
0.362650
-0.381606
0.083463
3.025176
1.980336
1.342431
4.093649
1.354244
2.941571
4.607765
4.693656
2.053502
6.759876
5.270319
4.048328
7.632191
6.688654
7.050962
4.244422
5.462621
5.151243
6.106538
6.171971
7.632145
10.694011
5.286089
5.094736
7.663944
7.528978
8.225203
11.578634
8.669882
11.082169
10.377982
9.286594
7.887119
9.390251
11.792805
11.313101
12.149836
7.413334
12.188555
10.279390
8.512078
12.340567
10.199335
7.075153
10.724880
10.187999
10.783526
12.374948
9.453999
9.742289
10.730333
8.908311
11.695742
6.668343
8.497712
8.460964
7.075600
9.765040
6.488164
10.153211
8.119731
6.409509
5.834524
7.200543
9.651064
7.308071
5.074167
8.424062
7.323086
6.195270
7.526262
8.019563
4.878532
6.037755
2.673112
2.866058
7.983425
3.801110
3.347329
2.201262
3.264811
2.236111
4.955269
1.604516
3.458408
-0.339802
4.431366
2.082206
-0.159280
0.023761
0.782802
-1.308195
3.151423
0.487880
0.503237
1.274055
-2.584810
-1.411417
-0.186241
-2.713046
-0.497703
-2.922134
-5.194281
-1.142714
-3.251331
-1.620203
-2.162028
-6.904558
-2.546513
-3.077991
-7.792667
-8.253083
-6.672193
-2.907562
-4.267110
-4.745185
-9.540375
-6.103112
-9.019367
-8.679917
-4.856665
-7.986638
-5.098910
-9.461295
-5.707515
-6.265087
-6.331565
-6.967420
-10.537337
-6.939630
-10.851698
-10.905448
-9.506839
-8.639628
-10.559875
-11.401825
-12.445911
-8.582204
-8.939263
-10.691931
-11.431743
-10.697522
-7.863930
-7.599126
-12.055802
-8.634066
-8.814803
-11.049640
-7.861024
-7.203307
-9.034337
-10.668370
-6.838891
-12.065177
-11.499767
-7.519979
-8.682662
-9.530921
-6.322514
-6.632718
-6.810466
-7.334747
-5.286117
-10.813519
-7.316918
-5.530692
-7.217032
-9.860400
-9.813062
-9.493236
-4.194744
-8.764293
-6.599285
-7.610867
-4.992148
-6.599168
-4.544158
-6.140328
-6.039587
-7.138128
-6.346069
-3.691667
-2.010217
-3.497302
-2.738949
-2.016470
-1.783915
-0.261834
-3.703870
0.544480
-0.088987
1.705051
-0.431917
2.663696
