1.657704
-1.746662
3.912376
-0.587055
2.848502
1.042659
1.023527
1.569662
-0.006220
5.521036
4.697982
2.646572
4.524478
3.401366
3.123628
2.309677
2.179668
3.381148
4.800063
5.919189
6.874123
7.534049
8.148301
7.592498
8.546011
8.668286
6.513977
10.135713
7.346499
9.510551
7.357181
7.880244
7.370025
5.893717
9.079669
7.155174
8.481761
7.698837
7.106412
9.437581
10.857794
10.055591
9.112369
8.880592
9.574540
10.458152
10.995941
10.978900
11.518302
8.276356
12.768052
12.157837
7.848133
10.674927
12.669003
9.303534
9.408891
8.030538
8.855269
9.195513
10.497152
7.068572
7.596942
8.846438
8.137055
6.809057
8.560664
6.864355
6.020902
6.390506
8.604927
9.614258
8.566527
5.426389
8.120323
5.031326
6.109697
6.723683
4.939459
6.282745
8.177000
6.215438
5.204839
5.318319
5.817457
7.019964
5.909932
3.848318
1.938477
4.985467
5.083985
2.152510
4.933228
-0.854346
1.586386
1.505649
0.951261
2.140884
1.893597
-1.580495
-2.171316
2.326103
1.431184
-4.037714
-1.604640
-3.049706
0.431389
-1.527235
-2.836324
-4.136900
-5.697826
-2.965347
-4.959667
-2.833294
-3.679117
-2.781568
-2.142593
-5.801119
-5.887203
-5.769824
-3.973033
-7.346227
-7.827151
-4.962847
-7.771145
-7.650892
-8.384031
-9.919936
-8.773919
-7.965346
-6.785577
-9.337473
-10.675922
-11.582080
-11.114126
-6.298330
-7.710958
-11.238168
-10.598552
-6.708485
-12.152513
-11.738622
-11.780705
-10.206048
-8.862753
-10.508835
-8.194307
-11.198887
-7.845433
-11.952487
-9.523628
-11.158896
-11.328920
-10.600136
-8.617033
-11.194778
-9.507224
-9.162672
-7.987772
-7.774979
-11.168208
-9.050106
-10.516610
-10.403498
-10.904463
-8.865134
-8.384714
-9.905323
-6.227708
-7.680074
-5.294786
-10.647010
-7.010530
-9.460728
-9.677963
-6.768394
-6.686082
-8.394307
-5.424750
-7.800041
-3.687039
-6.121352
-5.556407
-7.058335
-2.484681
-6.105679
-3.138829
-5.708947
-1.626908
-6.071549
-0.628652
0.040793
-2.647516
-2.385139
-2.251273
0.843430
-2.201816
-2.659339
-0.118344
-2.881324
