-1.672613
2.098905
0.803889
2.174000
4.363800
0.751978
-0.359931
4.235390
1.982215
3.600766
1.487399
1.142759
1.893456
6.219049
3.345645
4.120844
5.994908
7.262491
7.218431
5.122906
4.268245
7.253250
3.634750
5.542798
7.902671
7.842134
6.452846
10.638840
5.640965
9.505432
6.210508
8.051164
10.600880
7.922524
6.367494
9.389824
7.821128
7.090093
10.606737
9.425995
7.699234
7.293119
7.968674
7.631349
8.819618
12.624417
10.148403
8.466382
9.618723
11.014527
10.281240
10.634594
12.134428
9.205323
11.370617
7.763053
7.107911
8.724073
11.505995
8.775851
12.244437
9.929676
8.206963
11.616173
11.300613
10.867306
7.148172
7.156252
9.950487
9.298541
7.856621
10.511139
7.358080
10.259119
7.014540
6.866191
8.225756
5.702747
5.848626
3.674976
7.171872
5.749690
5.982234
6.605885
2.862594
6.405138
6.399852
2.433365
4.742598
2.126845
1.425998
0.508546
3.165542
2.088923
3.539001
-0.142495
-1.001982
0.215023
0.168038
1.711325
-2.530198
-3.319771
-0.176044
-4.078807
-3.747177
-0.706480
-2.087359
-2.231404
-0.939010
-1.328054
-3.376177
-5.021453
-6.253489
-1.938206
-1.718171
-2.162379
-4.261645
-7.814727
-8.172585
-7.783147
-8.938945
-5.024622
-8.748166
-6.029910
-5.331982
-6.892168
-8.236627
-5.775616
-9.072265
-9.173931
-6.560926
-8.420861
-10.041440
-7.368214
-10.932365
-6.521819
-10.844205
-11.796113
-11.966598
-7.893255
-7.696875
-8.243278
-8.209675
-7.055703
-10.078334
-8.199168
-10.420211
-7.317888
-12.987179
-7.112393
-9.573901
-10.901444
-9.610601
-11.122439
-11.922446
-8.831335
-8.653951
-7.931375
-10.511190
-11.010117
-10.338787
-10.325969
-6.612633
-7.511836
-10.180633
-8.125988
-7.011244
-6.366365
-5.858919
-7.515927
-10.490333
-9.396872
-5.284660
-7.804379
-6.103813
-5.144562
-8.125803
-6.047688
-7.751558
-8.836376
-4.020997
-8.227268
-5.731794
-6.302296
-6.314603
-3.284116
-1.483026
-6.639830
-1.908840
-1.292145
-0.343117
0.360545
-4.462251
-1.759995
0.367504
-0.431196
1.782379
2.053653
2.485524
-2.595935
