2.274663
1.671963
2.634151
0.296580
4.174399
-0.220682
1.743936
4.360912
-0.034410
5.012353
1.403728
5.560617
4.794815
7.002710
1.661707
6.347932
4.411264
5.229684
3.325671
5.543194
6.770035
4.830496
9.163721
4.178470
7.931506
6.865177
10.076456
7.391736
8.205766
5.695511
8.121919
7.978999
7.044202
7.863984
8.131092
8.797318
10.988953
7.490126
12.213648
9.562093
11.422821
8.207134
12.095328
11.155275
12.584089
9.365441
8.660297
8.239679
12.313308
9.662169
11.813972
10.376879
12.598006
9.313805
7.738885
8.770808
12.221139
9.146861
8.884308
11.163836
7.889323
8.102710
6.819368
6.277994
8.295279
6.123396
6.122958
6.139765
5.412306
9.806871
9.535332
6.047706
5.512011
6.481862
7.441551
5.263822
8.848047
3.523909
8.013243
7.568161
5.387863
4.207126
5.342342
3.057253
1.841955
7.059991
3.560722
4.557536
3.812822
1.692099
0.359511
4.391392
-0.349088
-0.650963
-1.282730
-1.429687
3.269705
-0.723131
2.970096
2.042349
-3.275639
-1.335012
-3.850387
0.373163
-4.238092
0.409285
0.029088
-3.951890
-3.264332
-3.120256
-3.864527
-3.460355
-4.030772
-1.525938
-6.111589
-4.183864
-3.592662
-8.303344
-6.313517
-5.805920
-6.840990
-7.807792
-7.856877
-8.251371
-4.761672
-6.734367
-7.902047
-9.258957
-6.662405
-5.284289
-7.703084
-5.742596
-9.231137
-8.212033
-6.660168
-11.552203
-8.714584
-9.634489
-7.852852
-7.319342
-11.612042
-9.938374
-7.982220
-12.675785
-7.202768
-9.391224
-10.024502
-12.917030
-11.437287
-9.644758
-7.700316
-9.787163
-12.016053
-11.197597
-9.641796
-10.484553
-9.412746
-9.193635
-11.519104
-10.681160
-6.858544
-9.963932
-7.036807
-9.025264
-7.805311
-8.086421
-9.220615
-7.900439
-8.058815
-9.108547
-8.211880
-8.958706
-10.051704
-9.624866
-9.630177
-8.277509
-9.572471
-8.938343
-4.774965
-3.294701
-7.509667
-2.713973
-7.693225
-5.119427
-3.218893
-5.905180
-4.754593
-1.576305
-1.975742
-3.762782
-4.063017
-4.049368
-3.575810
-4.069145
-1.412384
1.534109
0.528637
1.177530
-0.129266
1.256428
