-0.194832
3.160035
-1.035685
1.014380
3.438637
4.795283
-0.668515
2.701244
0.292359
3.692232
0.894322
3.656248
5.544412
6.089872
3.696715
2.371337
5.412931
8.083327
3.144754
8.376072
4.995214
6.502541
3.958205
5.272686
6.327171
8.658711
9.781240
6.271218
6.703408
5.915464
8.388521
5.444904
5.999277
8.119005
9.665118
8.621601
9.572735
7.845998
8.802982
10.511335
9.129256
7.942491
11.342331
12.261664
10.927158
12.689504
8.181199
11.922475
7.993609
7.447441
11.783314
10.194733
10.415704
11.321325
9.593793
9.246501
8.269607
11.497085
12.147430
7.526172
10.648875
9.356844
9.502719
9.688273
6.600918
11.079486
6.618264
7.806637
6.721079
10.287133
9.621868
6.579803
10.336771
9.791353
7.221121
4.260868
7.903151
4.613304
7.873095
5.070527
8.003209
7.046305
7.694770
5.115852
3.787622
3.778848
3.332774
6.132734
3.662530
2.902207
0.873610
-0.027627
4.440846
2.014067
3.933966
0.681860
0.597405
3.302054
1.078032
-0.664839
0.515397
-1.814635
-0.748350
-4.207360
-0.651905
-2.485018
-0.691111
-5.295361
-1.206077
-5.677171
-4.453055
-1.222974
-2.213574
-5.407625
-7.238866
-6.598397
-5.692348
-4.890014
-3.154091
-3.900339
-3.423990
-5.912850
-8.455915
-5.567652
-4.575169
-6.090051
-7.653142
-5.375314
-8.002605
-7.291696
-9.612610
-7.582708
-7.477642
-6.354680
-9.964528
-11.062568
-7.304832
-11.019909
-11.391466
-7.804168
-8.254254
-10.721182
-9.036369
-10.105697
-8.489359
-11.833742
-11.982750
-8.826753
-9.386196
-9.431472
-7.347285
-10.982020
-10.292231
-9.254591
-8.772635
-11.895011
-7.628418
-11.656030
-10.103362
-9.867648
-7.656491
-6.407591
-6.279710
-10.986722
-8.397861
-10.016046
-10.666964
-8.347857
-6.521024
-9.503435
-7.578150
-8.487311
-8.640419
-7.038194
-8.842213
-9.369220
-6.044716
-8.605650
-4.586818
-8.225235
-5.158414
-7.316082
-2.790001
-6.823556
-4.234917
-3.061703
-2.548501
-2.328095
-2.603934
-2.559903
-4.649755
-4.047043
-4.432856
-0.597456
-3.363321
-0.801626
0.764975
0.952703
1.890992
-2.795868
