-1.911475
3.477756
2.282550
0.805238
-0.573905
3.553530
2.032265
3.062734
0.990103
4.649073
1.135029
3.024592
5.606406
4.081856
4.772162
4.234920
2.566751
7.979163
6.028071
8.201251
7.373370
6.088943
9.418247
6.197715
9.397153
4.506204
5.224469
5.520702
10.582194
6.854308
5.961992
7.214502
8.713180
8.545377
10.243976
9.283575
11.456590
10.519136
9.976266
10.349801
12.342241
7.037394
11.232352
9.819680
12.447606
9.593942
7.754352
11.318322
11.480617
9.579088
7.192966
9.638523
8.383780
8.308678
12.872388
9.552385
7.702536
12.353046
12.419350
10.387750
6.750832
11.767523
9.487102
9.615587
6.214679
10.043635
9.391072
10.641729
6.475228
7.273317
7.808885
6.189323
8.395883
10.259580
8.116603
6.495792
4.602328
4.932259
5.644427
5.788290
8.194107
2.408999
3.513294
5.108736
6.685138
2.378300
4.087341
3.596520
4.905156
3.768452
0.560625
0.273140
0.177841
3.387974
-0.805318
1.282009
0.311447
-1.017652
-1.991153
-2.140470
1.549871
-1.792962
-3.299536
-1.206036
-0.477282
-0.006773
-1.596511
-3.162518
-0.793536
-5.182073
-2.233463
-6.463490
-3.645509
-5.390905
-7.332829
-5.707549
-6.819145
-4.864540
-4.474928
-8.389075
-6.054429
-6.548698
-4.677907
-6.447695
-5.163250
-7.803479
-4.621648
-7.522936
-8.692918
-9.974115
-11.112513
-7.213920
-11.531351
-11.098293
-6.529149
-9.774185
-11.330033
-8.514136
-10.550070
-10.600449
-11.706955
-11.844352
-10.899540
-10.614209
-10.435939
-8.609633
-11.452228
-12.808252
-7.968028
-10.342618
-9.540258
-7.322971
-12.583753
-11.602410
-10.256685
-8.566185
-7.174098
-6.709547
-9.242169
-7.249465
-10.990133
-8.521230
-6.781564
-8.388547
-8.221756
-9.475982
-8.295625
-10.750807
-6.083328
-8.259466
-6.905521
-8.064334
-6.884398
-4.852564
-9.681365
-4.379690
-7.362822
-6.610589
-7.675673
-4.843756
-7.140420
-3.519116
-5.043238
-3.098561
-6.190446
-3.620870
-2.050310
-1.990129
-1.803290
-0.547521
-2.605472
-3.994208
-2.860198
-2.772534
0.449136
-1.122821
0.904664
-3.493375
-2.528608
-2.136406
