-1.830665
2.262469
2.466590
-0.414973
1.625698
0.708416
4.067688
0.080498
2.590597
1.688490
0.845985
0.824550
6.261370
4.008458
3.133970
7.330825
3.468657
3.769939
7.665926
4.425603
5.060196
9.157553
9.483575
9.100000
7.802732
9.231932
6.897762
7.597438
6.921076
10.242400
8.117178
8.986490
8.498733
7.397793
6.982034
6.796330
11.047487
9.870180
8.745830
6.799583
12.238411
7.134120
8.945898
9.820834
7.629428
10.590090
10.809295
9.527286
12.691769
12.828510
11.453119
8.780240
10.567400
12.449460
7.795610
11.837211
7.715841
11.971181
9.950271
7.012692
11.825740
10.455671
11.096447
11.285957
10.365209
6.968051
5.622889
9.265687
6.886037
9.352456
6.546259
5.688567
8.819113
5.037593
4.468487
8.419521
7.925460
3.638444
3.453089
5.710336
6.517399
8.097810
5.919718
5.366284
3.883169
7.022361
2.562631
2.673166
6.007506
4.934105
5.112230
2.834717
2.623200
3.800716
-0.467394
3.531318
2.736942
3.027380
-0.618535
-0.744093
-2.179061
-1.515131
1.626689
-3.434458
-2.987450
-3.136267
-2.689366
-1.363530
-3.946041
-0.455268
-5.859188
-5.499879
-6.173447
-1.405546
-2.469463
-4.154514
-2.465468
-7.119009
-5.581325
-3.692698
-7.229277
-7.204462
-8.173444
-9.605342
-5.599536
-8.860647
-10.309916
-9.208336
-6.480730
-10.372275
-8.486375
-7.202462
-10.663184
-7.413547
-11.570361
-6.703451
-11.885844
-7.581248
-6.799070
-9.271007
-10.292958
-8.107894
-8.747618
-10.392049
-9.290032
-8.750832
-7.360207
-7.228781
-12.569925
-7.184051
-11.106449
-12.060799
-11.616403
-9.548943
-10.295014
-10.097712
-7.501782
-12.398586
-11.592907
-11.702521
-6.620097
-6.500738
-11.706412
-9.941609
-7.259169
-10.916559
-7.142445
-8.802048
-8.192183
-6.743247
-8.228248
-5.362385
-5.113263
-10.281385
-4.443554
-8.770440
-7.286386
-8.866258
-5.435472
-6.242103
-5.040886
-7.617414
-2.967017
-6.692361
-5.028759
-3.123050
-3.915431
-6.436065
-1.029403
-3.146391
-1.740947
-0.324042
-3.823919
-2.069839
1.209789
-2.292616
1.301287
-2.784544
0.198427
0.883965
