-2.429902
-0.803341
1.400609
3.191307
2.216572
3.953401
3.834912
3.642412
0.556463
5.014402
1.618029
5.917961
6.808126
4.891997
6.444732
6.526208
4.717373
6.811249
4.586462
7.666453
4.467650
8.105242
9.102846
8.424388
8.170034
8.790802
8.600223
9.042916
6.049855
6.484868
5.866589
10.383496
8.129700
8.925913
7.793672
9.027149
9.285418
7.933598
7.094593
10.083174
9.162291
9.985717
11.770634
11.529137
7.486748
10.051919
11.705105
8.060223
7.601965
10.548750
11.899464
11.686077
8.286742
12.332942
10.224800
11.512747
11.077175
7.650723
11.045149
8.474916
9.838931
9.943852
9.214897
7.124658
10.719250
10.017806
7.324367
6.368010
7.519957
6.544086
8.020697
4.763482
9.465728
9.181378
10.012931
8.253235
4.738425
5.942235
4.652430
4.081141
8.594901
4.599595
2.329881
2.059563
6.308387
6.027849
3.926413
1.755691
6.252886
3.477629
0.265878
4.359283
4.248709
1.715385
0.263959
0.839686
2.384580
-0.420615
0.815011
-0.333103
-3.254740
1.031263
-0.007613
-2.058117
-0.272342
-2.677860
-5.175964
-4.642491
0.030905
-0.837323
-1.816285
-6.042618
-2.550072
-6.996844
-4.869670
-2.709660
-4.367878
-4.285413
-2.967094
-5.973335
-9.104682
-5.599540
-8.091473
-7.422189
-6.571877
-7.196659
-7.675693
-7.621705
-6.248701
-8.519689
-7.806322
-5.491281
-11.368143
-6.789562
-8.713305
-6.053449
-11.497515
-11.074527
-10.442384
-7.219468
-12.350693
-11.283937
-11.581053
-11.115389
-10.109155
-7.237750
-12.821023
-6.990365
-10.678438
-10.878612
-8.281935
-10.016272
-7.861580
-9.701367
-12.023980
-7.428405
-7.915749
-9.500027
-12.569742
-8.280918
-11.157925
-8.979140
-10.105791
-6.927579
-6.538728
-10.117471
-7.430923
-7.063710
-6.245148
-6.832460
-6.953156
-6.555926
-6.011801
-7.890945
-8.622030
-4.806293
-4.252991
-6.267380
-8.028975
-5.110274
-8.253484
-7.691283
-3.636311
-6.805841
-4.678812
-1.552539
-1.178412
-4.010898
-3.362447
-3.779887
-5.668184
-4.324875
-3.297652
0.541927
1.075215
0.790993
1.552792
0.404229
2.266197
1.066039
