-1.473833
1.640026
3.901902
0.511835
3.657987
1.161881
3.980700
4.484995
3.354816
1.495102
5.836759
3.302635
1.044599
5.284561
2.216794
5.010170
2.658435
4.817733
8.517737
7.055411
3.447568
4.797037
4.728691
6.714586
9.014122
4.740093
4.551635
5.306457
10.311766
10.607846
7.345165
7.987384
7.038029
5.935906
6.862582
7.332822
10.401339
7.255325
11.357874
10.623740
7.739975
9.072226
10.815075
9.837987
11.124933
9.187293
12.069466
10.167887
7.343421
11.863948
12.127577
8.787289
10.249434
10.452531
10.321823
10.337753
9.313634
11.259169
7.069313
7.223316
10.752140
7.949737
12.158790
7.854148
11.224684
11.270385
8.568611
8.257465
10.618478
6.259167
7.946900
7.078602
5.940394
8.456980
7.889209
7.756169
7.714152
6.187424
6.919307
7.025055
4.663401
2.752118
7.287203
3.511344
5.536172
1.670210
3.252058
2.447206
6.002686
0.227311
1.089066
5.000394
2.941115
4.426192
2.201147
-1.033750
-1.297723
-1.977557
-0.102201
-1.623669
0.167706
-2.465260
0.243415
-3.699549
-3.833385
-2.985554
-3.568693
-3.803445
-3.827463
-1.598574
-4.246015
-1.742845
-4.993152
-5.630727
-5.192602
-6.191503
-3.167901
-6.468957
-3.029490
-6.377866
-4.933566
-4.891228
-5.766052
-4.113081
-6.041721
-8.215931
-7.763644
-8.529905
-7.655575
-7.449361
-5.775594
-9.344150
-10.054619
-8.983765
-9.081289
-11.279516
-8.744360
-12.016281
-7.987554
-10.402089
-7.347529
-7.330255
-7.636412
-11.901973
-7.623625
-11.792075
-9.040835
-9.321097
-7.793685
-7.052804
-7.025088
-12.038836
-7.571615
-10.207254
-9.999372
-7.719200
-9.818574
-9.148467
-6.664964
-10.700847
-9.757144
-9.296068
-10.475579
-11.306066
-6.712411
-8.019182
-10.405809
-6.469932
-9.223728
-9.388431
-4.976192
-9.973158
-5.855471
-5.409913
-7.323918
-5.126604
-7.013435
-6.799356
-6.198275
-8.446140
-6.525227
-4.490233
-6.313829
-2.359271
-5.768953
-3.947092
-2.555811
-2.058089
-0.434894
-1.818191
-1.233771
-1.989483
-0.637748
-2.098216
0.479106
-2.708278
-1.037745
-0.722683
-1.652843
0.851632
