3.211935
-0.006186
1.157926
-0.196131
-0.092095
3.999421
4.829109
-0.014588
5.543334
1.899324
2.120532
0.772106
4.076477
2.077273
4.902330
4.327616
4.107771
2.384375
2.830323
4.465262
9.071432
5.056855
9.107585
4.595959
6.069209
10.146930
7.715167
8.108374
9.302105
9.952160
7.479081
11.433206
9.107799
9.058904
8.099801
8.507123
8.331764
7.018399
10.595126
7.538357
12.240089
10.534973
12.589573
7.426147
11.751991
7.662780
8.696691
9.558644
11.252022
7.437863
9.487748
10.017723
12.548787
9.305273
10.531623
10.036069
9.806385
7.948689
6.733389
12.494411
9.774769
6.827987
11.407281
7.380382
11.027435
5.973065
8.182018
10.048576
6.236338
5.176607
9.926357
7.997075
10.069069
7.479589
8.217893
6.321997
8.103782
5.358368
7.124921
7.425332
6.666383
5.868319
4.341790
7.022162
7.149104
2.819185
4.058475
2.618989
2.562295
3.601835
0.680420
4.212381
0.134838
4.041459
3.544448
0.319088
1.630201
2.734194
-1.828974
1.499586
-1.913166
-2.258749
1.317886
0.933060
0.767609
-1.318750
-0.879521
-2.216279
-1.008358
-0.517171
-4.911541
-2.166696
-5.164525
-3.822269
-5.374838
-6.029598
-2.202196
-7.494666
-5.363298
-4.324711
-5.822234
-4.449369
-4.214533
-4.939347
-5.330211
-6.237531
-9.542700
-6.836297
-5.624889
-7.908501
-7.114219
-5.612645
-8.660933
-9.775673
-11.050754
-9.486855
-11.317480
-7.781470
-8.797176
-6.974652
-8.443005
-12.191559
-10.524456
-7.022575
-8.341809
-8.886875
-11.010434
-8.368400
-10.536251
-8.879826
-7.916858
-12.958380
-9.479980
-7.130560
-8.828143
-10.902135
-12.270589
-12.254408
-10.945914
-9.018925
-6.451272
-9.749888
-10.237018
-9.809303
-8.518357
-8.904644
-6.519633
-6.791955
-10.807603
-5.953319
-10.542314
-9.739266
-9.727600
-9.811048
-6.247750
-4.494522
-6.119255
-6.512267
-4.300886
-3.560034
-4.824872
-7.754247
-3.737551
-4.818906
-6.617360
-6.138812
-3.605849
-4.376734
-4.547622
-0.408807
-4.672020
-0.195474
-1.757598
-0.129699
-1.764300
-1.216126
-1.394379
-1.737461
-3.197494
1.340764
