3.235333
-1.131779
2.918766
-1.026024
-0.119175
-0.262176
1.984472
4.046152
-0.189440
4.727813
6.196310
1.892485
5.589859
3.963563
3.532665
2.350966
2.541750
6.257103
6.744870
7.246374
6.019665
7.568839
8.866076
4.393886
9.928580
9.554240
10.086260
10.209396
4.925554
8.974158
5.352793
7.198044
11.596292
7.477208
9.761676
10.528897
6.928713
11.323431
7.697339
10.545202
11.042312
9.271993
9.417519
8.438328
9.184120
8.362677
10.269935
12.521405
8.452268
12.784868
7.841189
9.169417
10.177554
6.950004
8.217415
8.277867
7.961845
10.659446
8.419425
9.922068
10.708155
6.819510
7.497003
6.565432
7.503888
9.701485
8.842857
10.029313
9.206730
10.548490
5.699753
7.788672
10.040902
9.968839
6.230575
7.455373
7.029100
6.983522
7.803256
4.928948
6.353292
3.640506
4.904004
4.125377
7.250505
1.725980
6.765573
3.353885
3.285915
5.063365
5.417687
3.768675
2.887066
-0.442516
-0.076820
3.608903
0.604964
1.740797
2.337342
-1.543402
-0.148833
0.769627
-0.339185
-2.780626
-1.618928
-2.608902
-3.185912
-0.681528
-4.829142
-2.901429
-6.269194
-1.116680
-6.303128
-6.732989
-4.856994
-5.574631
-4.413504
-4.501065
-7.969613
-3.531733
-7.876923
-5.423159
-4.870012
-5.735312
-8.384239
-5.875785
-6.731152
-7.037295
-8.835502
-6.971733
-8.955304
-10.224800
-11.189076
-9.506166
-10.309727
-10.189407
-7.473739
-8.128282
-10.865774
-7.462332
-11.734735
-8.195347
-7.984113
-11.783374
-8.399404
-10.322157
-9.599877
-8.006515
-9.072609
-7.990967
-12.515604
-9.334472
-8.324873
-10.943483
-8.487639
-11.474534
-7.619716
-6.822763
-9.964101
-11.950954
-10.182767
-11.941394
-7.592952
-7.119358
-8.985819
-7.666994
-9.530517
-8.593358
-7.574720
-7.733413
-8.409180
-7.188214
-8.013689
-8.894650
-7.192006
-6.698917
-4.045579
-6.181932
-9.090623
-3.674832
-4.697402
-2.769374
-3.024990
-2.632372
-5.428496
-5.355079
-6.600253
-4.417539
-4.485457
-0.941178
-0.111117
-3.810400
-0.887670
-1.497157
-2.492554
-0.923996
1.230251
-0.604402
-2.080349
-1.666316
