-2.481761
0.116907
-1.768519
0.570033
-0.827363
-0.733490
2.651125
0.433510
5.518052
0.179767
0.771327
5.082560
2.657528
6.100688
1.922524
7.232679
4.666859
4.253203
6.240553
3.860162
8.057083
4.268477
5.380566
6.357491
6.438593
6.026039
6.509632
7.010507
5.788379
9.371541
9.524845
9.529324
6.318018
9.718228
8.047971
10.897493
11.103491
11.085841
7.638869
8.844168
6.946959
6.884879
11.945104
11.927979
9.230754
12.001852
12.701856
7.886853
9.488236
9.261726
11.378066
10.964760
8.771726
10.951567
8.035749
8.615520
11.674557
8.059564
6.769510
6.669489
10.212731
9.505317
8.734985
10.099609
7.196839
7.889679
11.347989
11.035430
10.737459
9.351545
8.255713
5.440760
6.284054
7.318270
5.534079
7.360055
8.267094
8.971966
6.903033
4.694188
2.798277
8.138755
5.381986
6.299020
5.327629
2.855624
1.780928
2.112661
6.039509
2.615724
1.803104
3.489971
1.491874
3.063539
-0.993279
0.395859
0.446333
2.133408
0.124140
-0.593856
0.024441
-2.879002
-2.773497
-2.112527
-1.056125
-2.329864
-1.274381
-3.880053
-3.589376
-5.528082
-1.698213
-4.211562
-1.395222
-6.637193
-5.862160
-2.157591
-3.443772
-5.093567
-6.977971
-5.426033
-6.960749
-4.355089
-4.299310
-6.079505
-5.354863
-4.408145
-6.372929
-8.793327
-10.717505
-9.453580
-6.340234
-10.143641
-7.746460
-11.735157
-10.016238
-11.677963
-8.457418
-9.285417
-7.038141
-7.629756
-10.813088
-11.435649
-7.984866
-11.386178
-9.687088
-12.272074
-8.911107
-9.538810
-10.171713
-12.989305
-10.748509
-10.029539
-10.506825
-11.583224
-12.607019
-11.144054
-12.322194
-8.551459
-8.831784
-9.562574
-6.442805
-6.975354
-12.160770
-9.702111
-8.712129
-7.120275
-8.161953
-9.957230
-10.098148
-6.194336
-5.853055
-7.483350
-5.699140
-5.112983
-9.598544
-6.529014
-8.018019
-4.959158
-5.885372
-7.068620
-4.447574
-3.191357
-7.219290
-2.259568
-7.485218
-2.382776
-2.966682
-4.620082
-4.999586
-3.160212
-1.549784
-0.689733
-0.162135
-4.211751
0.659454
-1.288351
-3.556084
2.178637
2.407894
1.415638
