0.415116
-0.289256
-0.341365
-1.430960
1.891202
4.613135
1.764903
1.268100
-0.069446
1.283033
6.148991
3.533143
4.057662
2.666485
6.162544
2.718932
7.781469
6.536951
6.254410
6.536313
5.880594
6.948984
5.934601
5.985429
9.500094
9.573666
8.814999
7.419576
6.013367
5.805604
10.717826
7.465445
5.752809
9.383267
10.728749
10.601045
8.279556
11.416191
12.375481
9.123243
10.172969
9.208971
12.342149
9.503242
9.353802
7.367926
9.592513
8.659805
10.663981
8.783517
12.508434
12.469391
9.225667
12.912971
11.573888
11.487095
9.277021
12.618738
9.498023
11.387399
7.692482
9.088880
9.279006
6.971029
7.802470
11.493576
7.688778
11.092955
9.445337
9.345506
5.573295
7.480950
9.483621
6.276413
4.673543
6.739440
7.369518
4.548817
7.931323
3.066795
6.807098
5.546442
4.296324
7.649377
6.619026
1.395588
5.292272
4.408441
3.112706
2.326267
4.925524
2.743270
-0.809251
2.403756
-1.217045
0.633829
1.406313
3.203260
-1.122683
-0.862548
-3.040391
1.814221
0.385998
0.768133
-4.351909
-3.693111
0.789393
0.014805
-0.828586
-2.239687
-2.478025
-2.047160
-6.438710
-3.034170
-6.163884
-2.024478
-6.456696
-8.196409
-8.513919
-4.179732
-7.144861
-8.590586
-5.571545
-4.833159
-6.960010
-5.665686
-5.305773
-6.281248
-5.402652
-10.517770
-10.863805
-9.284171
-10.397820
-8.860200
-8.661249
-7.429096
-11.875566
-10.964164
-12.063014
-7.067238
-11.229175
-9.918294
-10.293078
-11.549139
-8.247812
-12.446758
-12.334327
-12.437154
-10.781139
-12.447800
-10.606336
-11.814290
-9.780484
-8.299012
-7.381793
-12.203026
-8.723463
-10.751199
-6.780907
-7.055151
-10.096113
-9.237986
-8.809542
-8.853247
-8.806461
-8.541261
-8.884865
-6.922146
-10.915899
-5.985538
-8.214391
-6.191420
-10.216292
-9.042773
-9.992773
-5.752059
-7.214053
-5.920839
-4.474737
-5.387058
-6.368694
-7.036163
-4.546689
-6.170850
-2.717252
-2.931258
-5.753341
-1.046972
-1.997753
-3.474095
-0.172199
-1.496018
-3.972030
-3.287988
-0.491803
0.747864
-2.319616
-1.848182
-3.054630
-0.071643
