0.221798
0.048109
-1.292521
2.329369
1.946874
1.795516
0.149023
4.596261
5.648026
2.644527
6.267207
4.847847
1.196120
3.099149
5.028235
4.533360
4.946557
7.302565
7.794330
7.244093
5.954700
7.741543
7.438306
4.960339
9.220408
5.955461
10.176009
6.116130
10.763863
6.394841
9.030912
10.024384
7.161799
10.611657
9.420168
7.361564
8.812008
11.553524
11.405208
8.909990
7.120590
12.605543
10.031979
10.998642
9.719621
9.409750
9.775902
8.904716
11.055482
10.787272
10.027245
9.471822
7.966963
10.038949
10.675370
11.321640
8.071109
9.361019
11.847716
7.572629
7.989321
6.530915
9.023184
8.778661
7.080751
8.115988
9.046785
8.140454
11.097244
7.781989
10.633756
6.719249
9.411937
5.747716
8.187396
4.867200
9.353085
8.104686
5.248967
3.531946
6.637287
3.229063
2.177511
4.665340
6.465000
6.189538
2.561378
2.732217
0.939207
3.290889
0.541064
2.102553
3.909591
2.422154
0.659225
-1.160632
0.526936
-2.210845
-1.137520
-1.307923
0.765250
-0.917433
0.773487
1.563821
0.761830
1.069361
-4.623956
-1.856853
-4.408535
-2.314920
-5.010810
-4.507497
-6.054036
-5.061170
-5.896153
-7.125177
-7.706619
-3.683190
-6.880209
-8.304557
-4.229543
-6.650283
-3.849135
-6.140407
-5.950320
-8.202495
-4.578800
-7.316202
-8.957335
-7.525203
-10.373043
-9.019625
-9.667573
-7.970592
-7.291635
-11.957973
-12.071902
-8.051022
-6.412599
-9.283125
-7.561483
-8.035493
-10.200095
-7.584901
-8.595913
-11.124842
-10.979587
-10.764403
-11.880900
-12.957172
-12.351396
-10.110846
-11.988708
-9.999203
-7.014248
-10.738484
-11.182091
-6.991654
-6.734964
-12.022534
-7.380513
-7.742814
-7.609505
-8.735898
-6.931064
-9.540799
-11.299537
-8.251764
-10.744592
-6.735478
-7.492625
-5.169400
-7.325457
-9.988273
-7.251141
-7.122577
-4.584354
-4.332493
-5.301769
-6.241662
-7.311317
-6.154761
-7.255717
-4.197637
-2.331306
-6.022254
-3.102194
-3.073631
-1.042803
-5.030884
-3.458097
-5.416270
-3.929880
-2.809537
-2.125491
-3.679458
-1.193508
-2.284861
-2.482120
-1.267559
