-0.747561
2.764846
1.802616
0.963095
0.312820
2.616203
0.700924
2.273313
4.767982
1.264670
2.903606
4.037432
4.598991
1.470209
5.183896
5.631754
4.967439
7.212983
4.183236
7.404476
3.258284
8.483087
7.996645
4.599600
6.204306
6.223542
8.760890
9.347376
7.339209
5.457813
5.633224
7.002244
7.487665
8.776445
8.899826
8.928284
10.006521
7.579336
10.601592
9.694250
9.173214
7.641108
11.519903
6.929023
12.247256
7.043804
7.092280
7.003482
9.071306
7.788070
8.509660
11.167493
7.071475
8.069802
7.536163
7.195174
8.941750
11.189247
10.644646
6.702892
10.800485
11.587612
10.224437
7.605045
9.436218
9.920704
10.855141
10.115575
7.171977
7.891364
5.906731
9.993172
8.203056
7.061404
6.247819
8.384841
5.130207
8.210665
3.727022
2.976654
4.753090
4.289449
6.272029
5.320068
6.730568
4.041464
4.504051
4.992736
0.926522
4.197614
0.886117
2.361152
4.424107
2.995365
3.405054
-0.807571
3.369533
2.805816
0.745127
1.005328
-0.648149
-2.003692
-0.458811
-1.525975
-0.143925
-2.079459
-3.178885
-2.666707
-2.632144
-2.161453
-2.640122
-4.143196
-4.332895
-5.211243
-4.754231
-2.151006
-7.809004
-5.152349
-5.348459
-5.254708
-3.717206
-5.659198
-9.089182
-6.106471
-4.693775
-4.395091
-9.540824
-7.210796
-8.290756
-5.464866
-8.663045
-5.760712
-8.842868
-9.085638
-9.217590
-7.928304
-7.118269
-11.937575
-12.355178
-11.542552
-9.552378
-11.097880
-11.400146
-11.369132
-6.907505
-10.897191
-12.803436
-7.980789
-9.441052
-8.139348
-8.615678
-10.348577
-12.474948
-9.377540
-7.017336
-10.420121
-10.779191
-8.684329
-6.692332
-10.247119
-8.138229
-6.444471
-10.773851
-8.323181
-7.331395
-5.911007
-8.416472
-8.991019
-10.620702
-7.617499
-9.010023
-6.523905
-9.926983
-9.478477
-9.879681
-7.018809
-4.920103
-6.654143
-7.070219
-4.537667
-2.875654
-8.119830
-5.733296
-3.544934
-7.381183
-6.115200
-6.217334
-5.827714
-4.620387
-3.958187
-0.490408
-0.621735
-2.283565
-0.639455
0.091648
-0.321928
-1.656300
-2.684460
-0.827196
1.398968
