-2.401702
2.203647
2.214646
0.196689
2.681530
1.513328
1.765673
0.084920
2.425338
1.738136
3.256506
5.131513
6.804431
3.179911
3.414580
2.588085
2.592922
7.513595
3.677070
6.959913
7.775871
8.125991
8.837462
9.192213
5.098118
4.646417
7.720917
7.732632
10.303897
10.053471
10.823884
9.897537
5.685000
10.436574
10.278595
6.855097
8.095636
11.863222
10.837246
6.967975
8.153717
10.119404
9.976510
6.929293
7.968562
12.126819
7.533048
12.307542
10.695664
12.985426
8.485330
9.548420
7.599432
11.306541
7.174906
9.283635
12.175143
11.285901
10.127849
10.033150
6.527588
11.356728
8.704502
11.672230
11.334203
8.139538
9.961942
7.892408
5.802696
10.731667
6.278320
9.095074
7.713623
8.538483
5.829678
5.307464
9.576843
3.486472
4.894540
7.195153
6.586288
4.409240
7.464162
6.565667
6.451891
6.948299
5.793809
4.393138
2.472347
4.365435
2.714494
0.629439
2.578918
1.531854
3.103086
1.505621
1.875470
1.110502
0.144549
2.028288
0.698182
1.863651
-2.519174
-1.935217
-0.176383
-2.669116
-4.905287
-0.008496
-4.345935
-2.268917
-1.962723
-1.214868
-4.901299
-2.055492
-5.145006
-3.206641
-6.847135
-6.429417
-3.211679
-7.489539
-5.078629
-7.866527
-5.223978
-8.890831
-8.172682
-7.433958
-8.303568
-5.979201
-9.041279
-5.748708
-5.915901
-9.579332
-7.418730
-9.944407
-8.324400
-7.248538
-10.566627
-10.214004
-11.638132
-10.070616
-11.839831
-10.168764
-7.018956
-8.822989
-12.059679
-10.713035
-12.445429
-8.703921
-11.970146
-12.316374
-12.672158
-10.509050
-7.906245
-9.592537
-10.184869
-11.192935
-12.377521
-7.007754
-8.584147
-10.089954
-9.963072
-10.969582
-8.862655
-10.890968
-7.977392
-11.694917
-10.261014
-9.574027
-10.975788
-11.065094
-10.423427
-9.492615
-6.724153
-5.689081
-8.981743
-3.869687
-7.019141
-7.269588
-3.538434
-5.906488
-5.236636
-6.369795
-2.428352
-2.354210
-4.310488
-5.563727
-4.638986
-2.846750
-6.305850
-2.284346
-1.382269
-3.447200
-2.802821
-4.418589
0.601220
1.235083
0.167140
1.101285
2.263286
0.558354
