1.827759
-1.804296
-0.459721
-0.926613
4.196974
0.383375
1.384965
3.460837
2.593870
3.909001
4.215563
4.548650
5.925200
2.595701
2.771849
5.048322
2.651111
2.989269
4.598666
5.658537
5.331395
4.721144
6.412403
5.518826
4.444000
9.437656
8.524826
7.837680
8.813801
9.241354
10.432407
6.715390
9.793815
8.407098
10.271752
10.563155
9.967798
6.562899
10.394512
6.675145
9.434372
7.039885
10.810142
11.221100
7.169253
11.196541
10.963436
8.240633
10.637450
7.942759
8.388333
7.878318
11.134604
8.937042
8.997995
10.197245
11.247167
8.320719
9.163342
6.696723
8.645143
9.873296
10.554789
11.090198
9.030707
7.004791
6.091312
7.325597
5.330447
8.250278
7.147912
8.250581
5.681552
8.222968
7.421931
9.188414
7.692025
3.819646
8.920439
7.074898
3.785144
7.521798
2.800868
7.217667
5.285308
4.761427
4.617055
1.804276
5.180473
3.085718
0.178215
0.503669
3.823920
2.206468
-1.210853
3.203224
-0.462803
1.177188
-2.287592
-2.370486
-3.067631
0.104642
-3.419941
-2.260265
0.207595
-1.702511
-4.077427
-0.097720
-3.374824
-3.813168
-2.531039
-6.442220
-1.001605
-6.968436
-3.842736
-3.385846
-5.298427
-5.641504
-4.129004
-4.346704
-4.060108
-6.623822
-5.518137
-9.491210
-5.579331
-7.751434
-8.558628
-9.256535
-10.710790
-9.893998
-9.181715
-6.947383
-9.682097
-11.635116
-9.316514
-12.016918
-7.308603
-7.387437
-11.210796
-8.193261
-8.449992
-11.810357
-11.903761
-10.303806
-8.991849
-12.419281
-12.826193
-8.983893
-12.531922
-10.047661
-11.096269
-8.927618
-10.169596
-7.409559
-10.405542
-10.728619
-8.242953
-11.878517
-7.135737
-8.996834
-6.695735
-9.690698
-10.622061
-7.087431
-10.679053
-10.503098
-11.299291
-9.802960
-9.485472
-8.761551
-5.612876
-9.980664
-9.657347
-6.775780
-7.514931
-8.955455
-8.464493
-9.238556
-5.638328
-4.065648
-7.232943
-2.470112
-5.105461
-5.112068
-2.422174
-1.492668
-2.071851
-5.156428
-5.798149
-1.155284
-4.283988
-3.296101
-2.387120
0.919053
-1.762322
1.465120
-1.340753
-0.979244
-0.933435
1.791606
