1.732565
0.594112
2.884369
2.574193
3.533332
-0.030652
0.656340
3.906190
2.246254
2.706081
1.455960
3.486479
5.357462
2.127040
2.497266
6.544335
3.234959
4.720203
5.596164
6.712141
7.215922
4.972594
5.153772
6.630535
6.654023
8.211957
4.575379
8.647240
6.216927
9.652256
5.712970
6.193284
8.674902
7.501533
9.462063
10.561468
11.492942
10.916120
12.064369
7.349023
9.651170
7.467584
11.153303
12.450942
10.174570
12.587469
8.710154
7.528665
12.589418
11.984975
11.639445
10.672047
12.697779
7.719009
7.069639
10.454627
9.194830
12.482647
12.466843
10.063582
10.813572
9.985819
8.200867
11.852810
9.229729
11.085264
7.645045
10.710277
10.377053
9.874531
10.179528
5.448447
7.749991
7.822345
4.249884
7.605302
7.166141
3.746191
4.174452
3.466725
7.318356
5.463500
2.919269
2.818668
6.415257
6.462122
2.690349
4.183191
3.282438
5.301279
1.677204
0.785131
1.516405
1.947205
0.242489
1.112754
0.384187
1.114780
1.584480
1.786913
1.834099
-2.336064
1.443950
-0.963508
1.083335
-4.312914
-4.485564
-3.084000
-0.186875
-1.160362
-5.568573
-4.144113
-1.850637
-2.969563
-1.736064
-7.081363
-3.146757
-3.516365
-2.686947
-3.959876
-3.575086
-5.686321
-5.937165
-8.827117
-9.589189
-6.760278
-9.295885
-6.759055
-10.621518
-8.271270
-9.794257
-6.711869
-7.157334
-6.109918
-8.348970
-10.880740
-11.361685
-9.377683
-11.219150
-9.294116
-9.481430
-12.435361
-8.466461
-9.767552
-11.538726
-9.155895
-10.183947
-9.942411
-10.808434
-8.968042
-10.470905
-12.196102
-8.756520
-11.892812
-12.824943
-10.293161
-7.316964
-11.516230
-8.180273
-7.580762
-9.534305
-7.805960
-8.282009
-11.315366
-11.411866
-7.961396
-5.847797
-7.352573
-7.618988
-8.192629
-5.009629
-7.839478
-7.388297
-6.904881
-5.981437
-8.037404
-5.735902
-7.508013
-4.488753
-6.657390
-5.532941
-5.146344
-6.618163
-7.141673
-3.784103
-1.682594
-5.873850
-2.937084
-5.418092
-1.769899
-0.430251
-2.264850
-3.804566
0.892054
-1.096651
-2.679255
-3.179682
-0.508290
-1.372058
-0.071779
