1.315522
-2.205736
3.516225
-0.416877
2.880826
2.368069
0.330678
2.850721
-0.131371
0.317392
5.076932
0.796016
3.184268
3.034575
4.616114
3.803094
5.129027
6.808067
7.754461
4.355361
6.048244
7.528786
8.373427
8.382560
5.373321
8.586826
7.143586
7.604231
8.477624
7.495440
10.912135
7.654165
8.301234
11.493673
11.800846
9.080960
6.488061
7.771870
9.225898
10.819027
9.077245
12.290031
9.299962
12.606934
12.527047
12.624376
7.170752
11.743014
8.805565
9.832069
10.356120
10.067715
8.618697
11.903472
10.200858
10.947544
11.421152
7.287384
7.319658
12.203984
10.183541
10.234174
6.478218
6.225562
9.930227
6.919801
10.036167
6.885250
6.287534
7.248513
10.786929
6.122553
9.027057
6.746044
4.580477
7.142977
7.185834
5.487640
4.083582
5.041118
6.460230
2.617701
6.167318
7.104039
1.740974
4.252771
3.605295
6.344044
6.088094
5.727696
3.406737
2.584015
2.349508
1.413405
-0.984805
3.169668
-1.349664
-1.943904
-1.378695
2.385895
-2.835653
0.318087
1.771392
-0.270913
-0.818805
0.047513
-2.581932
-4.482662
0.080297
-0.867601
-2.596529
-1.367726
-4.691296
-1.936183
-7.154332
-5.328111
-3.566590
-7.366662
-4.358264
-6.069907
-4.167846
-6.451065
-6.146521
-9.355929
-5.216944
-8.790203
-5.226135
-6.215953
-7.377472
-5.215177
-8.465872
-6.633238
-5.871448
-11.250046
-8.520267
-6.460523
-8.345280
-9.744124
-6.996405
-7.420073
-11.913189
-12.263452
-7.894800
-8.583774
-8.716927
-10.351610
-11.215355
-8.055901
-9.189547
-7.621753
-7.023305
-12.095006
-12.123852
-11.908381
-10.081971
-12.262756
-7.885655
-10.611359
-10.189246
-8.581381
-9.443739
-7.663122
-11.450888
-10.168791
-7.004427
-9.984079
-9.528942
-10.584052
-10.099422
-9.033025
-6.862053
-7.383557
-8.103095
-8.609836
-9.635491
-5.187908
-5.880987
-9.125223
-4.124285
-5.551250
-3.294490
-6.620762
-3.545433
-7.011952
-5.451403
-2.288770
-6.742852
-3.662792
-4.318848
-2.980198
-2.544470
-1.620587
-0.959455
-3.021719
-1.966239
-1.999412
-0.452295
-2.630296
0.704576
2.397884
