-0.744678
0.444194
-1.492208
1.528532
0.659427
2.030199
1.486169
0.602781
-0.036599
1.851204
5.185719
4.603358
3.325381
5.842185
5.229138
7.278306
6.000109
4.492979
7.644492
5.898110
6.012896
6.940442
8.886253
8.273180
10.045229
4.675480
7.332483
6.470703
10.896717
7.887500
7.630787
9.604810
7.904092
6.509098
7.459533
11.409785
10.663021
8.697675
11.554874
7.702275
10.708739
9.298000
8.778015
10.082055
10.524532
8.642562
11.323202
12.619189
10.486119
7.261615
11.928339
12.793672
11.777036
12.060456
10.760917
12.684217
11.267774
9.676836
7.407738
10.979442
10.871475
9.549741
8.839441
9.336174
7.625051
10.496063
6.459741
5.498705
8.526819
9.435463
6.562099
5.332616
6.582749
9.439395
9.365851
8.054948
4.958306
3.896939
8.100210
4.500319
2.767913
3.014181
3.824510
6.968803
2.724144
6.949927
6.170341
2.873173
1.855003
5.646905
-0.179845
2.939230
3.924945
1.656433
-0.055305
-1.105775
0.732119
-1.096130
-0.593652
-2.239449
-1.091337
-2.314346
-3.579651
1.615230
0.631010
-0.970237
-2.618384
-1.248573
-1.355827
-3.092362
-4.264029
-4.100167
-6.278426
-3.026431
-3.826382
-5.892917
-3.306094
-6.759784
-5.834345
-4.967819
-7.006504
-6.549067
-9.084909
-8.560993
-9.174240
-6.069915
-5.379423
-7.325777
-9.931532
-8.058751
-9.474213
-7.976548
-7.483589
-9.883272
-7.586229
-9.655563
-10.937045
-8.923226
-9.519144
-12.112799
-10.095906
-10.478929
-10.719279
-10.203195
-9.987391
-10.937046
-8.850238
-7.122409
-10.274571
-8.037450
-8.877214
-10.042379
-11.677444
-10.303544
-10.007919
-11.705409
-9.124409
-7.591971
-6.619841
-8.106111
-10.397168
-10.877740
-10.267754
-7.724090
-10.363450
-10.722338
-5.944533
-6.751986
-6.174150
-10.253292
-10.732644
-5.568659
-10.136933
-4.936162
-8.347232
-5.522360
-5.366385
-3.460575
-6.924011
-7.007727
-3.263902
-6.282586
-3.036044
-5.298748
-1.952147
-6.216683
-6.547583
-5.511978
-4.450520
-3.914895
-0.872449
-1.868056
-4.968000
0.827423
-0.930636
-2.663526
0.965341
-1.545740
-3.030873
-2.305776
