-0.808338
1.005096
1.696692
2.524168
-1.107550
4.075426
1.960309
1.948335
1.979890
5.572345
4.475557
6.408522
6.149123
1.682864
5.379927
3.549169
4.512640
3.219851
6.161523
6.340914
7.755477
6.705064
3.618787
4.429190
5.591530
4.851634
8.941157
4.905761
5.448903
7.939845
9.271712
8.063982
7.630036
11.168431
8.727744
9.494423
9.337546
11.189576
7.622459
12.196758
7.110049
10.695838
6.790027
10.533967
11.830149
11.540861
7.215579
8.242362
9.062948
9.203883
7.389145
7.098423
9.253164
7.599444
12.839878
12.154495
11.188746
11.771063
9.112190
9.265426
9.833884
7.180526
10.633608
7.747206
6.232255
9.915328
6.818878
7.850784
7.508181
10.533192
8.519371
5.252273
8.789389
6.514389
6.965942
8.504817
7.680570
3.668678
7.068757
6.300606
5.213138
6.918007
5.852236
4.995787
2.138591
1.344807
5.060558
0.954061
5.457446
3.414321
2.990207
3.705009
1.911341
3.256533
-0.628783
3.148063
-1.111277
-1.747595
-0.646381
-1.425914
-2.947462
-0.355880
1.735682
-4.033686
1.391325
-1.118708
-1.828877
-3.756300
-4.693984
-5.625096
-2.443371
-3.861522
-4.817980
-4.779148
-7.321176
-6.400015
-3.195879
-7.885020
-5.200697
-3.506792
-5.313575
-4.010363
-5.557527
-5.965581
-5.372528
-6.979675
-8.237203
-9.448333
-6.470416
-9.429395
-5.942579
-8.531071
-9.483113
-6.360442
-11.812169
-6.500935
-8.097421
-10.890550
-9.385596
-8.316947
-7.734810
-7.176110
-9.715678
-7.455041
-10.279714
-9.671009
-8.613285
-10.832328
-8.074880
-9.409070
-8.728083
-7.526448
-11.999886
-8.130985
-11.727720
-9.035278
-6.936062
-11.745527
-12.166371
-9.970653
-9.107111
-7.409993
-8.437650
-9.404248
-8.077727
-7.892782
-10.315940
-6.701277
-9.583485
-7.814974
-7.388274
-5.755771
-10.122330
-8.732203
-6.451690
-9.053739
-5.713742
-8.959486
-4.776420
-7.349263
-7.302596
-5.419578
-3.855882
-3.720460
-6.439629
-4.652570
-4.834549
-5.082491
-6.033120
-3.268722
-2.118794
-3.546267
-1.511448
-1.116548
0.486438
-1.499619
-0.382421
0.028773
-1.030874
-0.829935
