-2.388366
-0.789613
1.062791
3.962294
0.132228
1.505299
3.391047
-0.134119
3.672370
0.161614
5.240575
3.790980
2.224966
3.498186
3.738012
2.905251
6.810453
3.790231
7.524599
8.124376
6.843973
5.854583
4.473873
5.420020
8.123857
6.987928
6.042764
6.631313
5.392924
8.916025
10.570700
7.766131
9.348534
7.499417
11.429734
11.157520
8.891095
6.906288
6.535635
10.041421
7.463051
10.540835
7.261084
8.474706
11.974028
9.214619
9.312417
12.039883
10.451587
11.269360
7.717890
7.865138
9.266025
9.078192
8.104755
12.496585
12.338572
8.064031
12.267586
9.526082
11.713943
7.037593
8.400032
10.128337
6.564212
9.847814
8.349450
9.049766
6.731037
8.349204
9.428664
6.678837
9.773264
9.524529
7.694269
8.908039
7.254106
5.296331
3.836698
7.182013
6.071353
3.485504
4.260935
4.809709
4.912306
2.059045
4.951509
3.155067
1.082148
3.492829
1.179834
0.493049
1.637939
-0.795979
-0.224931
-1.650537
-0.961351
-0.052564
1.305194
2.399788
0.343525
-2.827681
-1.577750
-3.974455
-2.950616
-1.194079
-5.046637
0.471685
-2.585934
-4.789867
-5.574308
-5.211947
-4.577595
-3.195225
-3.697818
-5.952727
-7.059533
-7.931551
-6.510639
-3.162066
-4.237784
-4.353949
-4.833209
-7.568832
-7.410753
-8.795473
-5.345046
-6.029346
-5.530287
-7.271989
-11.025788
-10.137274
-8.280977
-9.840628
-7.814552
-6.082923
-6.431873
-11.839726
-11.551215
-6.590536
-12.548019
-9.494965
-11.067716
-11.162086
-10.456682
-12.545149
-10.263257
-11.044956
-9.826997
-7.015646
-12.987146
-7.417069
-12.521042
-12.617657
-11.987253
-12.153315
-11.955528
-11.352169
-11.484351
-7.816107
-10.993040
-10.731113
-6.778522
-6.347611
-11.267034
-8.410438
-7.726945
-10.486844
-5.759351
-5.333060
-7.157439
-9.801822
-4.518380
-9.618157
-8.669075
-8.957111
-9.526845
-4.302286
-7.400064
-5.153858
-2.957734
-3.991395
-7.919215
-7.135500
-6.059298
-3.213201
-4.613272
-5.991063
-1.981722
-3.019515
-2.165284
-2.319521
-0.127343
-0.828300
0.974643
-1.964575
-1.613441
-1.803249
1.494515
-1.833862
