-2.622119
-2.216366
0.498559
1.018645
2.288158
0.376306
0.874868
4.888898
5.506046
4.307075
5.615152
6.169477
1.645624
4.083753
7.049661
4.092829
2.333295
5.821822
6.547135
8.867651
5.661376
7.570924
9.581977
8.511790
7.328786
6.597538
8.444404
6.462405
8.789273
5.653730
9.447113
8.676552
10.179612
11.582273
7.783862
6.062542
7.243463
11.825138
8.487043
9.425372
8.894005
8.982716
8.981276
11.109342
8.905244
11.752941
11.333530
12.884331
11.139174
11.192745
8.372260
7.687035
11.339651
7.781387
8.345501
9.714466
12.033257
11.760364
9.930758
11.905856
12.201742
8.690790
10.408087
8.341357
8.714295
11.658590
7.548855
6.996500
10.926482
7.985733
5.188083
6.898347
7.512771
8.680096
4.255828
5.309297
8.111416
5.535457
7.106464
5.079043
3.052369
4.238583
6.384979
2.619792
4.123734
5.205311
5.845103
1.134514
5.861251
1.385659
3.797353
1.523713
3.355743
3.655769
4.278030
0.156208
-1.049019
3.032483
-2.433433
1.998899
-0.029257
-3.294775
-2.922725
-3.813113
-1.682382
-4.176126
-1.869655
-3.035142
-0.818421
-3.369382
-4.038221
-1.024452
-1.979251
-5.119294
-5.175391
-3.928062
-7.714768
-8.149560
-3.968473
-4.259849
-5.970380
-8.874809
-5.200715
-8.318165
-7.792958
-7.508309
-8.538482
-6.737725
-7.724445
-5.731117
-10.293681
-9.037874
-5.762710
-11.414089
-11.028400
-8.085621
-6.420067
-10.062147
-7.176586
-11.977908
-11.188939
-12.610216
-8.691696
-8.258150
-9.265229
-8.473978
-7.202992
-9.421923
-10.317498
-12.665573
-11.756767
-9.862793
-12.783615
-8.384739
-11.622548
-12.330643
-9.322897
-11.572222
-12.179155
-7.061363
-9.155112
-10.202710
-6.974663
-6.345099
-7.201912
-7.646880
-9.794182
-8.130289
-9.010071
-6.979204
-7.484676
-7.037227
-10.394801
-4.603060
-7.492075
-4.954581
-6.736386
-4.107939
-7.640745
-7.832101
-3.281610
-5.430501
-6.703131
-2.535076
-3.196134
-4.830014
-4.863479
-5.125701
-3.023189
-4.318664
-0.344566
0.251760
0.129134
-3.630477
-1.907352
-1.923885
-2.853429
1.575539
-1.348676
-2.700331
