-1.236645
-2.195846
3.655866
3.598414
2.905312
0.906614
1.897804
3.570542
3.374018
6.004098
5.038272
4.171841
1.351007
6.019853
6.063545
2.583545
3.281540
8.327818
2.798998
4.562610
8.205284
8.241367
4.761145
5.050524
8.433226
6.347099
6.764490
9.093333
5.594713
7.808260
7.692807
8.734303
10.235073
6.917868
7.865469
11.636898
8.613902
8.897194
7.825550
7.051109
12.030085
12.362923
7.485100
7.429066
8.962984
6.966635
9.876472
7.602830
8.869058
12.792040
8.893257
8.336251
10.721825
12.772586
6.975830
9.441489
12.595847
7.329541
11.004853
8.157369
11.253859
9.459653
12.082040
6.938839
8.576449
7.478540
8.067967
10.067197
7.233303
6.875161
5.677245
6.875646
9.223328
6.367903
9.414571
9.379908
6.803595
9.204882
6.419873
3.411753
2.782959
6.485818
4.393540
3.498550
6.588862
5.930720
2.519337
1.872125
4.204310
4.034549
4.626572
1.777585
3.107170
2.028096
-0.534469
2.213825
2.790060
2.273102
1.134664
-2.164840
-1.412278
-2.550071
-3.474447
0.981558
-1.952331
-4.779754
-4.478390
-0.943134
-1.126200
-1.944920
-2.009513
-2.059240
-3.684393
-2.346914
-1.915230
-4.298665
-4.258126
-5.034934
-5.689774
-6.462904
-7.757136
-4.583566
-7.550353
-7.956584
-7.096011
-10.077602
-7.825422
-5.668537
-5.533241
-8.762437
-6.027599
-9.367034
-11.447810
-6.196114
-9.542826
-9.996404
-11.896477
-11.544706
-10.182896
-10.254122
-9.615317
-10.369869
-8.763476
-7.228397
-11.478339
-9.966781
-8.964105
-8.007169
-12.716285
-12.438594
-8.122642
-10.786450
-10.665273
-12.631350
-11.337035
-11.073160
-8.478759
-8.293653
-7.623402
-11.742874
-11.716766
-7.878180
-9.607874
-11.504259
-9.482993
-10.797924
-7.100511
-7.495677
-7.208079
-9.002997
-6.201963
-10.210497
-5.593496
-8.900749
-6.190245
-6.317776
-7.937430
-3.629941
-4.844335
-6.899975
-7.008536
-7.985378
-4.093335
-3.810005
-3.469691
-6.092272
-5.105126
-1.106370
-4.525702
-3.891389
-3.184098
-3.756424
-2.046426
-3.674239
-3.832345
-4.157553
1.572834
-0.774012
-0.406522
-1.305330
