1.364265
3.066431
2.934983
1.102173
2.628562
4.513487
2.319743
1.467404
1.483312
3.039047
2.020050
3.793759
1.052388
6.091889
5.933799
3.721572
3.822537
5.120721
8.257711
5.445832
7.541709
4.109386
7.374390
6.039255
5.104450
5.211522
10.324287
9.454032
9.753674
9.646772
8.060802
10.017613
8.415601
7.153272
10.722282
9.690568
9.604929
10.816777
9.293946
7.781993
12.418915
8.843963
10.316943
9.507250
10.786544
8.510858
9.082114
7.723651
9.862481
10.991993
12.335532
8.855440
10.535538
6.974132
8.959595
11.086927
9.489422
6.853216
9.536428
11.731452
10.663897
10.856918
11.752138
10.722620
10.200774
6.153295
5.929292
11.083115
11.031125
5.392106
8.537248
4.843443
7.553045
8.230579
5.264255
9.739479
3.702901
7.847080
5.254399
8.390188
7.957371
3.033889
3.668209
2.068308
7.065962
2.716962
5.366880
5.491288
3.243844
0.317602
0.355854
0.314150
1.849620
1.870143
-0.818628
0.120212
1.767616
-2.186730
0.236051
2.880808
-2.390176
-0.985219
-1.506879
0.422974
0.488319
-3.213408
0.227867
-4.032667
-3.253256
-0.854776
-5.059638
-2.604178
-1.121380
-3.063423
-1.877569
-2.343152
-2.859970
-7.937242
-4.839227
-5.343677
-3.394606
-4.029146
-8.411870
-4.211935
-8.949501
-5.413576
-4.956561
-5.079996
-10.862712
-5.754480
-5.834669
-7.531077
-9.241967
-7.864299
-7.884151
-6.565182
-10.621556
-8.526792
-8.747320
-9.827035
-11.638243
-11.581942
-9.466030
-10.037193
-11.652644
-7.746196
-7.269272
-7.164217
-11.816000
-8.910730
-11.495290
-11.772314
-9.971299
-10.939097
-11.996211
-9.298500
-11.923495
-12.453364
-12.264783
-6.990401
-11.045938
-12.217178
-10.623216
-7.135037
-8.133371
-7.007860
-8.937332
-8.319466
-5.414972
-7.134112
-7.484449
-8.027219
-8.495553
-10.198545
-10.042420
-5.847940
-7.745763
-6.795180
-5.343585
-7.428000
-5.596565
-6.750593
-4.952159
-3.890355
-4.308754
-3.813160
-6.859819
-0.916074
-2.829359
-3.189305
-0.409641
-3.814745
-3.398960
-0.807662
-4.097642
-1.636753
1.116284
0.261827
1.360265
0.946136
