0.614691
-1.500362
0.923248
0.534649
1.135783
0.466278
0.173351
-0.397319
0.391790
3.835770
4.677513
5.525183
3.603343
1.917567
3.681363
5.683902
3.311712
6.515721
8.018134
3.518040
4.440941
8.073006
7.614663
4.440359
7.649826
4.591341
9.540935
5.735977
8.567182
5.794121
9.501596
9.959150
7.403528
9.668107
7.442620
7.463368
7.136442
12.184853
12.253680
7.465488
10.406304
11.217140
11.167767
11.739401
8.477424
11.529038
12.236462
9.332165
11.130436
10.165717
12.914818
8.235170
10.109677
7.002623
11.158002
9.762241
10.125844
9.596657
10.154146
6.658375
10.496453
10.911968
9.512508
7.894537
7.228322
7.082499
11.208436
9.452643
10.721840
10.302610
10.002108
5.454132
5.702012
6.874871
6.095447
7.194862
6.641920
3.467042
5.833424
8.353846
3.637962
4.278077
5.726410
2.910405
5.163627
4.856816
5.907942
2.869552
5.740914
4.667275
0.802921
-0.413721
3.145756
-0.270408
0.942795
-0.304457
-1.977129
-0.140614
-0.444675
0.534460
1.211095
0.543384
-3.778129
-3.330418
-2.499370
-3.894933
-0.782181
-3.707804
-0.043243
-0.749363
-3.628524
-4.069082
-2.816806
-7.035948
-6.836922
-6.815433
-3.311288
-6.584255
-4.471956
-3.707894
-4.466567
-7.157660
-5.816622
-9.613168
-9.761419
-5.758231
-7.096403
-8.848160
-9.953524
-9.876264
-6.891768
-6.922375
-6.074632
-6.478404
-8.929132
-11.383742
-7.180880
-9.847616
-11.472316
-8.745403
-6.635283
-11.231035
-10.838203
-8.372739
-12.366269
-9.756155
-8.647914
-10.432616
-12.201783
-11.865864
-7.419202
-11.828896
-8.864260
-8.266186
-9.889924
-11.647261
-9.622462
-11.410198
-7.029917
-12.281818
-11.430942
-8.648669
-8.705822
-6.405115
-10.720167
-6.322666
-6.374190
-8.572564
-10.089826
-8.392960
-10.276060
-10.316262
-5.762921
-8.439788
-6.417034
-9.749811
-4.148373
-5.270876
-9.022736
-7.546063
-5.801625
-7.751254
-2.103118
-6.205552
-4.538480
-3.366775
-1.557067
-3.535438
-1.526058
-2.680887
-3.534914
0.258678
-4.489471
0.201570
-3.236772
-3.102061
1.093310
-3.613638
-1.463860
-0.444444
