-0.645487
-1.190548
1.877866
3.117771
-0.993041
3.334230
1.629047
4.983239
5.429011
4.942441
1.288163
2.076442
1.707154
2.497605
7.516633
3.569160
7.138414
2.996214
5.390304
3.520090
3.305786
4.291385
4.379417
7.836706
4.843007
7.390072
5.579321
8.037353
10.645784
5.288814
7.952654
6.194791
10.801863
10.623230
6.878041
9.271750
6.403798
10.329403
12.007946
11.680621
8.217643
9.895881
7.077798
11.827340
12.366518
8.509327
9.985355
7.897938
9.006202
12.261204
9.014959
10.256773
7.547134
10.443465
9.475924
8.994462
7.506936
8.145061
11.030848
9.649155
6.781704
9.053562
11.284961
9.932591
6.841705
7.094061
11.424104
9.567837
8.363915
8.593697
6.414696
6.885555
7.407079
6.583254
7.227835
5.909567
8.961992
6.742484
8.562968
7.739559
3.557883
5.553446
7.052274
4.288045
2.046342
1.358862
2.689307
4.444382
5.964643
4.056184
0.181737
2.299427
4.608899
1.593841
1.010587
-0.498191
-0.390380
-0.277433
-1.496272
2.328507
-2.544598
-2.063405
1.378185
0.715520
-2.406016
-0.405531
0.636040
-3.012302
-2.072216
-3.733273
-2.824293
-3.188605
-5.576129
-2.925899
-6.567633
-4.710710
-2.728627
-4.464394
-5.548970
-4.603406
-8.706714
-8.263923
-4.592696
-8.843162
-9.282310
-6.519952
-8.825337
-10.590245
-6.785426
-10.173404
-6.736102
-5.800843
-7.922213
-8.232215
-11.336105
-10.367151
-9.818135
-8.472128
-11.131677
-10.061782
-11.385031
-12.634461
-12.030808
-9.632505
-9.796375
-7.560786
-12.083804
-11.406387
-8.425618
-9.453127
-8.864581
-12.770210
-8.016884
-8.342347
-7.432533
-11.883864
-9.706952
-9.083265
-6.890979
-7.018239
-6.847521
-7.283536
-11.436700
-8.936951
-8.686168
-5.886566
-9.540818
-10.621438
-8.341459
-10.847873
-8.418423
-9.875695
-8.972881
-9.473549
-7.664144
-4.437610
-7.846301
-4.415693
-8.894784
-6.223895
-7.204857
-6.572225
-3.707638
-7.481187
-4.483333
-2.996430
-4.989354
-3.647898
-3.060437
-5.264164
-5.139408
0.339640
-0.774770
-3.977246
-2.752233
-2.757251
-3.120632
-1.506247
2.628735
0.087869
