2.742963
1.055989
0.063554
-0.200204
0.002178
4.001929
1.196245
2.445447
1.115880
5.407326
2.933185
3.892281
5.140976
5.836192
1.920426
7.530353
5.191912
5.317792
2.947098
8.660964
7.673124
6.353986
8.375232
9.822765
8.978705
9.000420
6.431582
9.580913
5.731339
7.401415
10.189878
6.567380
6.053191
11.616705
8.720696
8.734308
8.174935
8.391442
6.775824
7.015394
11.191330
7.020804
12.079854
12.248981
8.803529
8.586373
12.892356
11.628421
9.156598
10.529776
9.159399
12.641032
8.521485
8.700445
6.895547
9.350959
7.216443
7.012237
8.488828
12.111553
10.825196
9.966263
7.212724
8.391849
11.128236
9.700505
7.995051
6.838184
9.574111
10.383829
7.424952
8.591780
6.635722
6.394244
4.536619
4.866543
6.837674
6.795386
6.199598
4.506222
5.660531
4.193456
6.898641
2.800903
3.287384
4.839482
6.074099
6.545345
2.455008
2.458477
4.986531
4.605000
-0.204417
3.028072
1.365397
4.012214
3.228896
2.556144
2.307730
1.150447
-2.070626
-1.687115
0.505179
-0.240338
-1.385891
-2.038854
-2.156397
-1.506632
-4.677613
-5.601878
-6.015182
-6.476170
-2.046918
-6.003705
-2.273622
-7.059763
-4.734106
-6.330265
-7.075553
-3.166004
-5.850804
-8.161702
-6.472264
-7.951522
-4.895135
-5.935532
-4.940829
-9.089116
-6.769158
-5.568035
-8.709982
-8.389516
-9.047161
-11.029101
-9.746815
-9.230656
-8.694421
-11.862550
-9.942919
-8.332949
-8.644457
-8.134009
-7.981351
-6.854966
-8.204815
-11.143470
-11.611135
-11.804506
-8.025130
-10.081877
-12.470444
-9.339059
-12.323821
-11.080330
-12.615249
-10.430513
-10.055654
-9.187298
-11.802360
-7.169675
-10.128983
-7.728900
-9.560601
-9.977506
-9.433889
-8.111336
-7.778939
-11.406027
-10.630010
-9.229592
-6.665493
-8.940960
-8.102421
-8.378049
-5.425314
-8.900527
-7.432248
-6.203297
-4.704865
-6.324559
-4.448741
-7.673815
-2.959631
-3.115986
-7.457224
-4.776941
-1.473695
-0.833956
-1.388561
-5.214989
-4.716859
-4.940517
-1.625349
-4.146874
-2.707186
1.744602
0.674802
1.696590
1.663146
1.819516
