2.315572
1.121028
0.330365
2.456116
3.527966
3.737306
1.568919
5.091542
1.526337
3.837037
2.991380
4.840408
3.849429
5.612426
3.063252
5.779018
5.394624
4.219753
5.874878
6.183814
5.348630
3.674720
9.368927
7.667005
8.062695
4.812823
9.187586
8.284873
8.813317
10.788604
10.738124
11.322913
6.961080
9.484402
11.005631
12.000316
9.532291
11.562916
9.000862
7.055159
10.469258
7.776261
9.279304
11.415716
12.316524
11.448840
12.580264
9.993122
7.006776
7.728751
11.346514
12.471302
11.543358
10.025111
9.872958
7.959528
7.582483
12.118093
12.341458
10.654553
9.034163
9.505349
11.133038
10.600673
8.368524
11.762232
9.146429
6.101091
6.599217
7.953614
10.706127
7.443555
5.561794
5.843992
5.459061
9.382436
8.888806
7.009278
4.459132
6.756478
3.841227
2.446905
5.840756
3.989250
7.066599
3.949232
5.390513
4.081292
3.116973
0.578608
1.185303
0.695163
3.471340
0.864847
0.557196
1.749606
1.027278
2.566239
-1.878061
2.540577
-2.313952
-3.010265
-0.733750
-2.005334
-2.323975
-1.926511
-4.692202
-0.858903
-3.999322
-4.092080
-2.000892
-6.081896
-5.736956
-3.001390
-1.955201
-6.888040
-3.883074
-3.195349
-3.282619
-7.406536
-4.416291
-5.155547
-8.033342
-9.276786
-4.199940
-5.537287
-5.951831
-9.002975
-8.235909
-7.548438
-10.348557
-9.869106
-6.835160
-10.018120
-11.888810
-10.208196
-7.635637
-12.179362
-10.919019
-9.550269
-8.632680
-9.889359
-9.300851
-12.427119
-12.827239
-9.009126
-11.209519
-8.501395
-11.426579
-8.200247
-9.822564
-7.124984
-7.267797
-11.457908
-12.404350
-11.191121
-7.334922
-8.887948
-10.584806
-12.231700
-12.302966
-6.406659
-9.441365
-9.484936
-6.269350
-7.715415
-11.084855
-7.903095
-9.148327
-10.030311
-5.047039
-9.814036
-8.786504
-4.928318
-6.603634
-9.580967
-9.589649
-4.594319
-6.149360
-8.677366
-5.649801
-5.553384
-6.329947
-1.906636
-5.287240
-5.826079
-6.715912
-4.584203
-3.671137
-4.832772
-0.321629
-5.470118
0.535486
-4.633418
0.793896
-4.212493
-0.989546
-3.057791
0.182667
-2.529116
