-1.947955
2.012214
2.859286
2.316842
0.067529
4.031652
1.025602
4.647295
5.755475
2.621770
6.214074
5.953587
3.525826
6.842795
1.882134
6.142400
4.351151
3.132740
4.365337
7.107595
5.282907
4.076156
4.336920
7.934037
4.721389
8.348589
7.172526
6.867395
5.836493
7.877109
7.287544
6.261297
8.636828
6.106891
10.875002
9.162309
7.374467
10.168227
6.495136
9.403064
8.677104
7.825905
9.964585
8.101834
7.018225
8.488887
12.108570
8.569245
11.251367
11.453484
8.883818
11.356664
9.626308
11.744426
10.974960
9.783823
8.257202
12.470776
9.243962
8.973894
8.285076
8.466283
9.298706
6.703146
7.100958
8.392790
7.399600
8.793108
5.813384
7.949606
5.421709
7.484043
7.896962
6.441983
7.850835
6.297029
7.501230
7.093799
8.541362
8.695595
5.203589
8.206578
5.205518
5.260507
6.148167
1.501577
1.296725
3.203918
2.194070
1.122438
-0.039711
0.986428
2.991004
-0.547597
3.003666
-0.273826
1.914952
-0.489764
-1.189360
-1.646861
-0.107216
-0.684839
-2.171051
-2.970800
-2.200174
-0.171430
-2.036074
-1.829520
-3.162563
-1.894978
-3.742844
-1.932608
-5.711216
-2.357774
-5.319591
-4.602258
-6.996858
-3.707102
-4.313550
-3.800418
-6.738231
-5.698641
-6.849918
-8.063195
-8.725846
-5.401654
-9.877831
-10.136748
-7.096832
-6.478411
-5.573219
-6.064468
-8.133976
-7.970678
-10.473595
-9.278219
-10.227279
-7.379463
-10.318996
-10.793834
-9.051980
-11.359005
-7.899183
-12.444954
-12.219068
-12.064618
-8.954543
-12.287403
-12.551713
-12.246647
-10.081858
-11.796580
-8.829598
-7.438650
-10.891609
-7.526942
-7.513326
-12.102977
-9.705897
-12.445762
-9.578947
-9.402501
-12.097047
-11.347921
-6.050128
-8.104180
-11.177311
-6.741619
-7.749193
-9.170046
-10.063457
-6.608940
-8.931792
-6.000665
-4.399881
-8.569778
-4.983705
-6.210544
-7.196880
-3.814052
-5.059630
-7.686652
-3.476023
-6.339971
-4.871447
-5.316070
-6.947054
-6.330658
-6.041130
-5.464369
-3.592308
-5.480360
-0.710547
-2.311773
-3.203705
-0.270431
0.479312
-2.438373
-2.556556
2.955701
