2.963077
-0.256411
0.333079
1.945034
2.723962
3.618318
2.754928
1.762949
1.163702
5.200987
1.675194
1.960915
1.608421
1.652714
4.114978
4.874890
6.594664
6.405737
5.042907
8.238264
6.558492
3.559041
5.009209
6.924526
6.067127
6.806251
7.981005
5.557207
6.091701
6.285848
8.024555
10.698942
11.501379
6.474732
9.809088
6.433267
11.118668
10.291375
6.437520
12.491330
8.467333
12.444761
9.184841
11.498554
10.261321
9.546458
12.224596
12.078728
10.911535
9.453867
8.785014
8.327645
9.946301
9.776294
7.401245
12.050715
9.197815
9.093807
8.033265
10.237636
6.553332
7.468912
6.831806
7.020489
9.085505
5.862604
11.550624
10.065284
10.052022
10.715799
7.211870
5.335233
10.217104
8.530286
8.055819
4.902057
3.767513
6.464048
4.111938
5.698660
6.754491
7.319778
3.148506
2.415134
2.083723
2.330255
1.780410
1.596547
2.595772
0.114176
2.273101
3.339008
2.733101
4.128555
-0.439473
4.000168
3.912064
0.655640
0.646415
-0.678130
0.606988
-1.370315
-3.163437
1.437237
0.069655
-0.945213
-3.234656
-5.189566
-1.843750
-0.661171
-1.525311
-6.296457
-2.625547
-2.709722
-6.444948
-6.687657
-4.722063
-6.494297
-7.520919
-5.406483
-8.923813
-3.808317
-6.899604
-6.859120
-9.602517
-6.677558
-9.053974
-9.160760
-6.613845
-10.404355
-10.258382
-8.546357
-10.053642
-6.332274
-7.627576
-11.724663
-6.944621
-6.477601
-11.158591
-7.705597
-11.284956
-9.991025
-10.459567
-9.407356
-12.035950
-8.949631
-11.619098
-9.950062
-11.521384
-7.713909
-9.238679
-8.597072
-12.763391
-7.538307
-9.963879
-8.044916
-7.964680
-8.784892
-7.406373
-9.598689
-10.595867
-8.561507
-6.739891
-8.961493
-8.343367
-9.591357
-6.224169
-6.762478
-8.904588
-7.381910
-8.279475
-5.092586
-7.311829
-8.364358
-9.564018
-8.186543
-3.869594
-4.329239
-8.678851
-3.311250
-2.707923
-4.367862
-2.149122
-4.790930
-1.727433
-1.713855
-2.843147
-6.290301
-1.311582
-1.897858
-5.090478
-2.244546
-2.955445
-3.917420
-2.494625
-1.132924
-3.293720
-2.168191
-2.056949
1.397070
