0.109871
-0.290821
3.455789
0.598412
-0.203612
2.134530
4.655148
-0.117826
0.523622
3.215197
5.629495
3.424452
4.160805
1.285516
3.264867
4.741844
6.583320
8.225734
4.094844
4.277337
4.644416
8.337744
7.392786
8.290896
4.400468
6.862404
4.987747
9.950681
9.535005
9.478282
10.745750
6.933581
5.840000
10.822983
6.737328
11.809110
7.890453
11.967498
11.127367
6.956153
8.042055
8.341264
8.109385
12.559028
8.625922
9.880305
9.320631
11.551030
8.745668
9.692604
11.319347
9.146750
11.532654
10.913491
8.368149
7.378829
8.220691
6.949816
10.279021
9.885193
6.944092
7.330002
9.721822
8.686095
6.296182
11.272260
8.180746
11.041372
7.532518
11.084544
10.267531
8.650185
8.699932
6.960289
7.980331
7.407893
4.213564
6.083353
6.290790
4.128703
6.429197
6.047603
2.575124
6.168606
2.347261
1.765684
1.006348
6.485159
5.541922
5.273631
0.907262
0.537199
2.322664
0.314558
-0.355519
3.261257
2.983993
-1.445273
-0.923806
-1.647166
2.117696
1.116160
-1.827028
0.880271
-2.356114
-3.921848
-0.549506
-3.198099
-2.646919
-0.166861
-2.229806
-4.170838
-4.873772
-4.184584
-4.424677
-1.947879
-5.638370
-4.308785
-8.436524
-4.837106
-5.567870
-8.203296
-4.814139
-8.881139
-4.304926
-4.992398
-9.936908
-8.363301
-10.396314
-10.492622
-5.602852
-7.863296
-10.009364
-7.756312
-8.218902
-8.166361
-7.959089
-7.568265
-7.959208
-11.471465
-11.021360
-11.561765
-8.449310
-8.549072
-9.933605
-9.972800
-11.228546
-7.091063
-10.045255
-9.720065
-7.727134
-10.329737
-11.508585
-8.222854
-9.259422
-11.629036
-8.756206
-10.368653
-8.426099
-9.391905
-10.832479
-6.500447
-6.194226
-7.239920
-9.218137
-6.893939
-7.143462
-6.763208
-7.551366
-9.576967
-5.650010
-9.805429
-8.510312
-8.591501
-5.121285
-9.402210
-8.270244
-3.663908
-8.378543
-7.950338
-4.243785
-3.599928
-2.938435
-3.619257
-6.551545
-7.014942
-1.194427
-0.848966
-4.544240
-5.327299
-1.536266
-4.330518
-1.823393
0.403668
-2.403605
0.035467
0.481170
0.364901
-3.129064
1.083870
