0.072052
1.091556
1.402497
0.513787
3.073389
0.147657
3.384263
3.606275
1.397818
4.831548
4.488201
6.281875
4.028486
5.292832
2.716078
3.608689
2.465440
5.640249
4.054436
7.495237
3.447031
8.929267
8.839960
8.714492
5.950478
10.151059
5.327961
7.827879
10.611894
11.083778
7.513858
9.072117
8.199812
8.644590
6.391775
11.235901
10.937743
9.720467
6.663007
10.929334
10.066031
7.955106
9.221513
7.057597
9.708979
7.036941
6.965007
11.966194
11.846262
10.823064
12.703080
10.514136
11.126838
10.445656
9.320600
11.839914
9.837837
8.640112
9.471193
10.764438
8.985326
9.573134
8.397550
6.825565
7.224321
9.546604
6.726940
10.342207
10.610411
9.291659
5.598580
6.011637
8.262270
9.362123
9.754660
3.907906
6.499194
8.224466
4.967201
3.837170
5.491263
5.401834
6.508253
2.533440
4.598965
3.550887
3.588816
4.729245
5.121683
3.249103
-0.202653
-0.181000
3.871805
2.715282
3.220662
2.787809
-0.991467
0.008943
1.609789
2.286660
-2.728118
-1.113037
-2.775200
-2.528475
-0.950708
-0.557128
-1.478159
-5.029748
-0.364121
-0.177770
-3.458325
-2.707980
-2.381848
-6.802765
-4.307135
-4.952759
-2.722326
-7.343384
-8.151907
-7.779877
-4.209415
-4.403454
-4.639686
-4.863236
-8.754801
-5.572716
-9.067975
-5.550312
-10.076784
-6.557580
-7.741008
-7.870646
-7.038504
-6.864691
-7.901548
-9.355353
-7.172845
-6.340856
-6.548609
-9.039016
-9.049097
-12.464580
-9.485007
-8.543898
-8.368945
-9.753843
-10.840159
-8.489105
-8.265864
-7.711440
-7.741256
-8.962071
-12.540287
-10.055141
-12.738640
-10.259227
-12.110469
-9.717258
-12.338577
-10.459893
-7.485977
-7.403058
-12.176649
-11.066983
-8.744954
-7.041820
-6.102676
-8.006197
-10.468538
-5.314984
-7.173515
-6.932643
-6.473211
-8.205394
-9.322548
-6.987896
-4.100866
-4.649452
-3.636755
-8.461478
-4.115021
-5.651082
-7.943058
-6.473976
-6.018543
-3.740834
-4.243769
-4.451949
-4.273104
-5.099235
-2.894962
-2.371430
0.227041
-3.421118
-2.091424
-3.628575
-1.615211
-0.650152
-0.655723
2.286637
