1.318249
0.249400
1.267648
0.365243
-1.079254
3.157214
4.348928
2.797998
0.452595
1.470549
5.079389
3.367735
2.613376
1.367494
2.236042
3.101314
7.805504
3.392895
4.551252
3.813775
3.630959
6.959093
5.869604
4.966848
7.995188
9.427465
7.288851
8.160690
7.618777
9.619779
7.966410
6.905113
6.500648
11.088961
11.185082
6.718316
7.139263
7.528142
8.186425
8.087175
8.790633
8.590849
12.303393
6.896387
10.432885
12.859448
12.482491
8.445583
10.575348
9.761601
7.416078
10.078647
7.840354
9.806307
8.953870
7.898345
7.139824
11.023775
9.637804
12.305279
8.644878
9.802657
7.404454
6.630737
9.837367
7.756540
6.050509
6.582742
10.761384
5.700315
7.015110
8.243490
8.410906
9.618661
8.012192
4.097294
4.201354
4.558736
3.762476
8.685216
3.223939
5.704814
6.104596
3.277036
2.539640
6.623325
3.290567
6.554390
1.094323
4.383852
-0.071700
2.224866
3.152436
-0.150770
0.766513
-0.706341
-1.352942
-1.577387
1.461939
-2.568350
2.262502
-0.414337
-2.213169
-0.904404
-3.226806
-2.270221
-2.926869
-0.287165
-1.253153
-0.422135
-2.348754
-4.642619
-4.810592
-4.642950
-6.220619
-3.495873
-5.040278
-2.525364
-7.193577
-8.178036
-3.752445
-4.909298
-4.370647
-7.970416
-9.852643
-9.836704
-7.597125
-5.455904
-9.568521
-9.077385
-5.712957
-10.745611
-11.407882
-6.448684
-9.943543
-6.369595
-7.266781
-10.464161
-8.588423
-6.853354
-8.261107
-12.135539
-11.446641
-7.632196
-12.022795
-9.968314
-10.258608
-9.615004
-7.815111
-11.496876
-7.191723
-9.378176
-10.079047
-7.191123
-12.007379
-11.184166
-12.212106
-10.256707
-8.377227
-7.823746
-8.895208
-10.306912
-10.088906
-11.803802
-10.886866
-7.195672
-7.516157
-6.915851
-5.569842
-8.239441
-7.348065
-9.189636
-7.904060
-5.657349
-4.311830
-3.846962
-3.826742
-5.145163
-3.825542
-6.575206
-5.907048
-3.535366
-3.661296
-2.264120
-1.813842
-4.140233
-2.850153
-0.834654
-3.911719
-2.727624
-5.028704
0.505993
-2.015243
-0.202988
0.590412
-0.744034
-0.973099
-1.733713
1.253040
-0.671703
