-2.597470
3.192354
3.581367
2.788710
0.397664
4.721895
0.033837
5.146608
5.615733
3.606145
3.751419
6.621031
3.249724
4.320673
3.852188
6.046949
4.424995
3.528800
6.159505
4.784006
5.587309
4.714616
9.433784
7.088524
7.599624
7.989854
8.099797
7.037981
10.232051
8.000265
5.477115
11.161624
8.642543
9.160471
11.508061
6.216746
9.146067
6.303476
10.317800
11.634331
11.759838
9.752573
10.035992
7.100006
9.086574
9.201012
10.591479
11.600120
10.308637
12.945731
9.657559
11.933658
12.829285
8.167500
10.148256
11.415732
8.682355
9.257553
7.506159
12.403399
10.267213
10.295555
6.576597
8.392671
8.996464
9.270924
5.824627
6.048613
8.934652
8.783363
5.164984
6.032139
8.436766
5.315734
5.766646
6.927621
4.811689
5.732518
6.622140
3.119320
5.924191
6.538222
7.135228
2.790008
4.191713
2.406481
6.179299
5.637089
5.703147
4.400032
5.469838
3.564029
2.761512
4.675764
3.131677
3.279044
3.669171
1.658547
0.626579
0.965415
-2.365832
-0.605474
1.756587
-2.330362
-3.413757
-0.260799
-3.774654
-3.906020
-0.144314
-5.060759
-0.412444
-4.083859
-2.178118
-7.216946
-2.966737
-2.131864
-7.901100
-3.288603
-7.865977
-4.402257
-4.109144
-5.932752
-7.385943
-5.211440
-9.905962
-8.804366
-9.611965
-9.143474
-6.638473
-10.234203
-9.887079
-6.874791
-9.758522
-11.349365
-6.397241
-7.739542
-6.774852
-8.814619
-10.737350
-12.258297
-11.930691
-10.854698
-8.376747
-11.958435
-8.478597
-11.161500
-10.853916
-7.437796
-9.815400
-7.687642
-10.966969
-11.263141
-11.825652
-8.679754
-9.171577
-11.043205
-7.636669
-6.894951
-12.303968
-10.805534
-8.104301
-10.966291
-7.335061
-7.782449
-11.177013
-10.207965
-7.911156
-7.835005
-9.760507
-6.901016
-9.732346
-6.597025
-7.106402
-4.593828
-7.544589
-4.472516
-3.683264
-9.052373
-5.725570
-3.474552
-5.407827
-7.248821
-7.230588
-3.642842
-4.245272
-3.668165
-2.879732
-6.060563
-1.931697
-0.563083
-4.486256
0.241386
-4.024976
0.522750
-1.093417
-1.763132
-3.526235
2.111581
-0.993466
2.513047
