-0.369612
0.039989
2.618696
-0.949127
3.570614
-0.395233
1.839545
2.330998
3.939364
5.841959
2.348222
1.600464
4.733343
1.680537
5.918634
5.298514
6.192300
6.149447
6.533283
6.271441
4.906828
4.830181
7.465473
7.577205
8.052177
6.334264
6.174769
10.501594
7.210124
5.767763
6.765071
8.524379
8.718688
8.120940
6.013009
10.509831
12.163673
9.069343
11.376473
12.290557
9.898377
8.460651
8.928593
7.407377
8.120915
11.238016
12.486866
11.681247
7.557308
7.622764
10.680913
9.649739
10.732228
7.657726
10.352899
12.594775
7.512649
7.153837
8.273106
9.784810
12.181789
9.292752
8.575987
9.852742
7.597019
7.820456
11.576440
7.141832
7.156350
7.996384
7.283602
5.491435
10.363501
7.106262
9.097280
9.683532
7.822172
4.694902
8.975487
4.077992
7.209210
5.281356
3.129496
7.641750
4.238697
3.962497
6.179901
6.006123
0.686227
4.111702
4.433251
0.211187
1.436806
0.369837
3.663439
0.180541
0.339814
-1.288259
-0.579843
2.182610
1.949046
-2.605974
-0.837945
-2.914480
0.061836
-2.744547
0.356430
-0.132444
-3.208343
-2.419666
-3.734775
-6.351442
-1.034652
-5.503124
-1.671251
-2.041917
-5.570010
-6.539819
-8.532917
-2.959742
-7.442909
-4.731989
-4.779960
-5.988387
-4.944175
-5.580298
-8.612145
-8.858593
-8.086064
-6.626623
-8.678342
-5.700327
-8.728705
-7.033897
-6.462363
-10.886267
-9.254917
-10.890118
-6.471339
-8.158317
-8.806269
-9.079874
-7.486857
-8.600861
-11.697099
-9.521417
-11.509707
-11.124304
-12.474032
-9.119332
-9.884936
-9.922313
-11.354507
-8.916403
-8.273395
-9.435894
-12.454172
-6.708974
-6.683755
-7.904246
-7.562963
-9.272750
-9.129590
-7.178106
-9.047696
-7.572470
-8.082605
-8.341675
-8.955081
-5.236862
-7.418950
-10.314996
-5.797232
-9.410758
-9.457474
-4.674360
-5.818652
-8.346141
-8.096301
-8.253820
-4.724968
-4.141799
-7.387042
-3.906248
-3.650256
-4.375753
-3.441404
-1.526446
-3.445107
-5.708458
-0.375837
-4.975698
-1.703894
-4.292038
-2.498641
-1.974061
-0.180696
-0.170424
1.095437
0.638341
