-2.234780
1.476097
1.755472
-0.301108
3.678134
3.631881
1.153466
0.801103
4.563525
2.673081
4.942170
5.888718
1.504012
4.479186
4.172360
7.765670
6.459186
7.346324
4.841185
5.184326
6.445864
6.540015
8.711935
8.114933
4.927334
5.100890
9.620134
7.965867
5.617012
9.810441
5.443774
9.407613
8.868034
9.290799
8.860092
8.092622
6.838779
6.945684
9.059651
10.367897
12.359744
12.362353
9.750966
10.285708
12.529208
11.342018
11.342365
7.108774
11.494560
9.883036
11.352382
10.156503
8.654879
12.793539
11.297144
12.008021
6.894795
12.088459
11.975419
7.775149
9.609371
11.757133
6.317927
7.140573
10.506011
11.002286
8.756774
7.104859
9.226562
7.044059
9.677223
7.225186
10.047320
6.614094
8.737632
4.004086
8.536476
8.654498
6.583547
6.668484
8.545577
4.660931
3.028148
4.946373
3.331538
2.135133
4.031846
6.078965
3.671685
1.684866
3.221473
0.905310
2.252152
-1.087478
-0.094544
-1.530909
-1.582927
-0.921406
-2.179888
-2.222256
-2.520682
1.254429
1.468526
0.516949
-1.329391
-0.309627
0.068157
-0.314416
-4.943625
-1.932696
-1.906136
-5.274283
-4.467499
-4.215645
-1.929303
-5.355688
-7.305004
-3.668217
-7.710965
-8.565077
-6.167367
-4.128091
-8.107800
-6.834659
-8.072924
-8.830912
-6.326243
-5.468462
-9.020800
-6.534837
-7.724700
-7.363456
-6.074664
-11.664103
-10.769423
-11.909214
-7.507539
-11.022396
-6.733851
-7.273431
-6.916291
-10.083261
-12.440403
-10.592022
-10.803172
-8.462028
-12.878128
-11.223234
-8.168417
-7.301894
-10.667184
-9.210310
-10.485188
-7.063449
-7.982864
-8.110906
-7.383977
-6.707242
-10.649055
-8.928628
-10.102171
-10.788634
-10.813073
-12.044317
-11.086426
-11.549349
-8.759813
-6.254911
-9.046101
-8.242627
-8.563402
-9.454819
-10.420310
-4.709286
-4.292285
-8.186074
-6.397536
-7.380625
-3.198642
-6.356970
-2.802637
-5.877383
-4.329577
-5.775110
-5.589273
-6.371503
-1.698108
-4.273645
-2.842018
-2.176944
0.102995
-2.124564
-4.205864
-2.944844
-3.989804
-2.232813
1.291808
-0.461913
-0.688429
2.302522
