3.134037
-0.617919
-1.908752
3.838411
1.363922
4.174967
4.550062
1.267603
3.093702
6.054393
3.687134
4.793616
5.941039
5.854764
7.341802
2.984627
7.836534
2.943791
8.317524
5.312923
7.287364
8.764075
5.009885
4.882376
5.100259
9.347425
5.865075
9.013218
7.882521
6.488189
5.921383
6.055245
7.716706
9.768298
11.615114
8.042234
11.816991
11.423263
8.324746
7.478446
10.616573
6.806907
11.808771
11.069778
12.648148
11.544680
10.644349
7.802156
11.657729
10.810961
9.147966
11.704218
8.754399
8.294591
7.939945
8.380653
8.628030
8.447546
12.593781
9.136593
10.282796
9.742869
11.652091
11.988784
9.308538
8.001690
9.886159
5.564564
9.915089
7.088460
7.778202
5.176672
4.901291
5.069626
6.056327
5.672993
7.279935
5.361535
7.979472
8.375617
2.971869
4.199898
7.306453
4.380760
3.610966
4.468397
1.488695
5.370051
4.895663
3.653722
0.529861
0.602054
0.617346
4.145192
2.263798
3.986568
3.647461
0.860835
-1.647787
-1.046313
2.000465
-1.048101
0.338898
-1.847548
-3.795720
0.030310
-0.779772
-2.393438
-0.328143
-1.249622
-3.443636
-4.978848
-5.116034
-6.975313
-2.211051
-6.426416
-4.317725
-4.726325
-7.949215
-6.226298
-4.931265
-7.464409
-5.327001
-6.147670
-7.290937
-8.801403
-5.206167
-4.909999
-7.515433
-9.443687
-8.142875
-10.539052
-9.885260
-11.456710
-8.027499
-9.152622
-6.503348
-9.763696
-12.123800
-11.628704
-7.123342
-7.371262
-8.525604
-8.801941
-10.143263
-11.477630
-7.002337
-11.109662
-10.452110
-12.056131
-8.259362
-10.847041
-12.828920
-10.112801
-8.212553
-8.338983
-7.695438
-7.846059
-10.506472
-9.706565
-6.729664
-9.992805
-9.052172
-9.391671
-10.011361
-6.377536
-7.034383
-8.373010
-9.984531
-10.844742
-9.532241
-10.482232
-7.900601
-7.262152
-7.492480
-8.838810
-7.902019
-4.447059
-4.416486
-7.912320
-4.909214
-2.574867
-2.559970
-3.156024
-6.383163
-1.786203
-2.253849
-5.142507
-3.810616
-2.834920
-4.537207
-1.589735
0.739779
-1.748469
-0.838812
-2.401701
-1.645570
2.261298
-1.199598
0.302767
