-1.253923
3.448632
0.482548
2.385533
1.717191
0.770099
5.125558
0.307141
1.491580
2.848858
0.747155
1.266142
2.983215
4.242355
1.637374
6.664617
4.847506
5.634564
6.918209
5.217103
3.229965
8.437554
8.993813
5.275912
4.212621
6.051246
8.399659
6.336620
5.225435
8.773331
10.087795
11.028130
10.448492
10.883501
11.115479
6.679531
6.267537
10.254910
11.582248
7.622066
12.253467
9.363673
8.916179
8.323703
10.084960
8.962704
10.901768
10.905917
10.260159
9.713236
9.991220
11.871908
11.166907
10.629156
7.350263
9.623029
8.831766
12.492152
8.817989
10.960812
9.555758
9.081156
6.301442
7.406978
10.621285
11.364466
9.964329
9.346098
8.393922
10.276060
10.031499
10.323950
9.978110
7.330025
7.711812
9.276590
5.291961
3.653482
5.670653
7.305453
7.612671
6.094910
5.141029
5.499187
1.668668
1.878757
2.950523
5.517940
6.302967
4.481858
4.485881
1.666143
0.542597
0.377268
3.969245
0.146065
3.699070
1.828781
-1.282296
1.841664
2.522768
-2.616672
-0.783325
0.139426
-0.002842
-4.312771
-0.607499
-0.178216
-2.818341
-1.787490
-0.417576
-0.786874
-2.822764
-5.133463
-5.617730
-6.884951
-3.986936
-5.660711
-6.946790
-3.241846
-6.380478
-4.934528
-9.200280
-9.586861
-9.999557
-4.608024
-7.625775
-4.809722
-7.291005
-8.659170
-8.702818
-10.196595
-6.099411
-6.028703
-9.540077
-10.974751
-8.500279
-11.739693
-12.197489
-10.323660
-9.442210
-11.939687
-11.338207
-12.807110
-8.355713
-9.497248
-8.911053
-10.939590
-9.414103
-10.160439
-12.338187
-11.119261
-11.506217
-10.954870
-11.792697
-11.241122
-10.759525
-11.081485
-11.136731
-7.159298
-10.022601
-7.499742
-7.340902
-7.893646
-8.986353
-9.261871
-6.183221
-7.731466
-9.724714
-5.319034
-6.848753
-8.986545
-4.672643
-6.523343
-4.904315
-3.904539
-7.336361
-5.583644
-4.448574
-2.917828
-7.894570
-5.685159
-2.275289
-7.350945
-3.841286
-3.209090
-3.880881
-3.481603
-3.430646
-1.338573
-0.811763
-4.252810
-2.471464
-4.496422
-1.682051
-1.106270
-1.827644
-1.576157
2.673113
-0.199719
