1.580887
2.976309
0.729818
1.062575
1.175190
-0.672758
3.884477
2.710735
0.310629
5.531732
0.716412
3.483701
4.297276
4.039220
2.468294
4.483831
2.243005
5.598862
6.503257
4.722569
7.113193
6.196780
4.704989
4.355477
6.846493
7.226247
10.306264
8.698678
5.123922
10.645693
10.994737
7.432831
9.303481
5.932682
11.540670
11.348829
9.900107
10.455996
9.643366
12.327215
8.828570
11.002535
10.403915
10.380973
10.178624
9.916638
11.998683
9.753386
8.132948
9.385353
7.376662
7.868234
10.615521
9.856492
11.717937
11.627530
7.538916
9.351447
11.026789
9.799856
8.059806
6.614010
6.249283
10.293602
6.535171
7.010730
10.829781
5.693229
5.595135
5.090884
7.815520
5.052248
8.631202
8.027229
7.308492
6.431999
7.606072
8.021794
6.938904
3.076523
5.401223
2.898511
7.292641
2.753530
5.814382
3.027728
2.362140
4.921503
4.325145
2.562315
4.190097
0.764650
2.840008
0.188760
4.267630
-0.821068
-1.213170
0.311287
2.655063
-0.787536
0.836758
-0.937157
1.049439
0.795254
0.419203
0.238092
-0.180251
0.033253
-2.766283
-1.395044
-5.234854
-3.031943
-4.789859
-4.421781
-4.569191
-3.519343
-2.374169
-5.477158
-6.381451
-4.091882
-8.092148
-6.991138
-8.958302
-8.620856
-9.067984
-5.575826
-7.708462
-6.473949
-9.426902
-7.540563
-8.332704
-10.260649
-8.065947
-7.552605
-11.601213
-7.746567
-10.205804
-9.362852
-11.518177
-10.430876
-10.564483
-10.962941
-7.919743
-10.325173
-11.871819
-10.644669
-8.341079
-8.384528
-12.198472
-12.232951
-8.957203
-11.978369
-8.916177
-8.912545
-12.137232
-8.864060
-10.531617
-8.511455
-9.573546
-6.515997
-8.023980
-7.669902
-7.213019
-6.665232
-9.999148
-11.629618
-7.914723
-8.749117
-6.906059
-9.095210
-7.761371
-7.216016
-8.641573
-4.874414
-4.451428
-6.512818
-5.969102
-5.287941
-8.601124
-4.735474
-7.355233
-7.984232
-7.261677
-4.774307
-2.651699
-2.924926
-5.092503
-4.763911
-6.371011
-4.294866
-2.941282
-5.077915
-3.375975
-4.567111
-1.643287
-2.121479
-2.474539
1.017969
0.573512
1.263864
