3.201537
0.218986
-1.577483
-0.671185
4.326910
2.186963
3.744376
4.399803
0.504593
0.176969
4.541054
1.963846
1.991995
4.390808
5.656052
7.256364
7.332885
7.191234
7.616417
3.673630
8.086345
4.534657
5.705482
6.434624
7.860438
7.722946
4.842880
7.353535
6.274327
9.953118
6.659795
11.172003
8.366465
6.768031
11.015558
7.119513
10.007647
6.447979
9.587858
10.513356
9.139496
11.050932
8.419597
8.378318
7.596492
10.130242
12.792134
12.261561
11.044178
11.049847
12.902804
12.969171
8.491120
11.997401
9.041270
12.010822
11.584176
7.844012
9.023788
10.579895
8.915241
10.220940
7.059822
10.027866
6.653120
6.105985
10.562530
10.316832
7.298747
9.304046
9.560574
6.916013
7.825226
5.082912
6.180504
9.800043
4.738647
7.019683
7.990596
5.864012
5.868920
6.279365
5.548653
2.414584
3.873950
3.303436
3.642597
3.198926
3.748016
1.258274
1.979744
0.145265
5.179965
1.377970
2.725532
1.147531
1.592138
-0.728692
2.539543
-1.741667
1.161321
-0.648622
-2.600651
-2.594424
1.217694
-1.379810
-3.455406
-0.967730
-0.835535
-5.988970
-2.379929
-6.616965
-2.142096
-2.157343
-3.624678
-2.657902
-5.760009
-3.698929
-4.691129
-5.863616
-4.174946
-6.141736
-6.556700
-5.869761
-7.502583
-8.091886
-6.954862
-10.479514
-10.565316
-7.490862
-5.274711
-10.889099
-8.351445
-10.478559
-8.235598
-6.074664
-9.037758
-6.421922
-8.369709
-9.967458
-10.124484
-6.738477
-8.370820
-11.507283
-7.160438
-8.702152
-11.178235
-10.414274
-12.966190
-7.374980
-11.713338
-7.962460
-6.976534
-8.056012
-8.587666
-10.443555
-9.760367
-9.329974
-9.117863
-7.797624
-6.603275
-9.977234
-8.262631
-9.779333
-7.917418
-10.131547
-7.544151
-6.946604
-7.375766
-6.854877
-5.778300
-9.930597
-7.165631
-4.822492
-8.803433
-3.855215
-4.086570
-3.708766
-7.652861
-7.844443
-5.416984
-7.660720
-4.003012
-5.060347
-7.166608
-5.057998
-3.035181
-6.073328
-2.786816
-4.809169
-1.767863
-1.803494
-1.692017
-0.020802
-3.083284
-1.516386
-2.846274
1.176495
2.507398
1.752699
