-2.231432
0.113636
2.022403
-0.616580
1.524081
-1.054956
4.278034
-0.491115
3.078199
1.837562
2.193194
2.830414
5.724022
4.932752
2.910770
2.472469
4.048600
4.454977
6.525288
5.118679
5.485406
6.489158
5.113872
8.494331
4.580780
4.617370
8.307480
6.337293
6.022266
6.625855
10.980282
7.288727
7.194075
11.020137
6.100525
10.806198
9.924951
10.128419
6.645566
8.434800
10.373498
10.903079
8.437295
12.425722
7.288572
9.607070
9.114457
8.498061
10.930697
9.218071
12.464541
7.632362
10.564414
8.386153
10.872545
9.963558
9.509656
7.142945
10.107168
10.762159
10.644891
9.236187
8.804172
8.192702
10.362104
5.855601
8.293386
5.883893
9.836585
6.634762
6.131868
7.430910
9.353976
6.973959
7.655263
5.269032
6.651396
3.827871
5.820531
6.890434
7.309820
7.281261
6.026930
7.342214
1.559701
5.789156
3.536994
0.907542
3.519186
4.670410
1.123145
-0.049917
4.112950
4.151768
-0.016894
-1.009237
1.949264
-2.148182
-2.110668
-1.226947
2.494042
-2.272068
-0.044147
-3.034063
-0.582382
-2.557418
0.198305
-0.339713
-4.948314
-0.216865
-3.219501
-5.458141
-2.862444
-6.591456
-6.844439
-7.111065
-4.076776
-6.434483
-8.041878
-4.060227
-7.202662
-9.150516
-4.500606
-9.432047
-7.576601
-8.447566
-10.034149
-6.204928
-9.224202
-9.334840
-6.577265
-11.005751
-7.876140
-10.887643
-9.361794
-9.082257
-11.383992
-9.372004
-7.044221
-10.562273
-11.355017
-7.974678
-11.656732
-8.006609
-10.892553
-8.234682
-9.747405
-10.969597
-12.885662
-12.980607
-10.305103
-9.579507
-8.693950
-7.446217
-10.657930
-11.565824
-7.281669
-12.496839
-7.739965
-7.973566
-11.567287
-11.803198
-10.107514
-11.105464
-9.862397
-10.004204
-6.125180
-8.055600
-6.339025
-5.826401
-9.553074
-9.327726
-7.439196
-5.037049
-5.776297
-6.000739
-6.952030
-7.126449
-5.514247
-6.371970
-6.112212
-6.362777
-5.883540
-4.701139
-1.959380
-1.873377
-6.213577
-3.168334
-4.320181
-5.028204
-5.634395
-0.014087
-1.817776
-3.097593
-0.448015
-0.826704
-3.759398
-3.496311
1.917932
2.323952
