0.060601
-0.679503
-1.586370
-1.604158
-0.950341
0.436721
4.664286
4.853233
1.310106
1.834727
2.835045
0.782355
2.610846
4.396178
7.092138
4.701711
7.714850
6.953302
5.135581
8.272432
3.562547
6.141402
6.188298
5.215529
6.748641
7.268776
9.153591
7.509328
7.895170
7.243443
8.367860
11.119149
10.746759
6.069025
11.308780
6.200854
11.380012
9.134591
7.811781
7.351167
8.183342
9.597877
10.071841
10.040074
7.250963
12.476105
12.628195
7.014045
8.554401
12.593731
11.858112
8.530113
8.365877
10.690080
9.543503
12.037507
9.974478
7.104830
11.358552
8.381311
10.401908
6.753930
7.512844
8.652003
8.355964
11.324664
9.066415
10.690248
10.137901
5.395069
8.321168
8.476763
7.097587
5.089420
8.647830
8.686743
4.664191
6.589464
5.004442
6.178965
6.210170
3.627592
7.546083
6.902349
3.588683
5.802004
5.175074
4.920093
2.610844
5.537583
4.232807
0.026238
0.408565
-0.346462
0.350886
-0.567481
3.071615
-2.350273
-0.193654
-2.024056
-2.713343
1.557729
-3.439215
-3.906860
-3.307083
-4.704341
-1.619911
-1.866915
0.041565
-1.241986
-3.192563
-2.589504
-5.089229
-1.357619
-4.943396
-2.341777
-7.463093
-3.596699
-7.041830
-7.464705
-9.049623
-6.042209
-7.467400
-9.679234
-5.709319
-7.446889
-5.771950
-5.985784
-10.051477
-7.693073
-5.824708
-8.333820
-6.667228
-7.778896
-8.643027
-6.250441
-11.004700
-11.428125
-6.582005
-8.069235
-8.601691
-7.404454
-7.665279
-8.782024
-7.805470
-10.160846
-11.350331
-7.164773
-12.291017
-10.663299
-7.709095
-9.794520
-12.384166
-10.724711
-12.323565
-10.329942
-9.284700
-11.823132
-11.150539
-8.213073
-11.725878
-7.836954
-8.472135
-10.811971
-6.771560
-9.829310
-6.401904
-6.213776
-7.297342
-10.648337
-8.179774
-9.641476
-7.433049
-5.278049
-9.831566
-8.079185
-5.791607
-6.371523
-8.248158
-3.215533
-6.913213
-3.316459
-3.475520
-3.223883
-3.595545
-5.356615
-4.089599
-1.414208
-3.062903
-3.898669
-4.532472
-0.842061
-2.809448
-2.942426
-2.644583
0.398440
-0.636698
0.343012
-1.276126
1.794725
