2.051655
-1.507182
3.711213
-0.174742
-0.447003
4.028189
2.468337
2.169949
0.030457
5.612613
1.051497
3.993427
4.782705
2.446939
1.576906
3.563069
5.742596
4.014032
7.433445
7.654706
4.009987
4.828032
9.549219
9.535225
7.992307
4.530558
6.718148
5.334135
6.533893
6.537359
10.152624
10.478233
8.926117
7.781944
9.139741
8.114267
7.346308
10.268403
12.395224
11.226612
9.599969
7.965911
10.565516
12.273387
7.211880
9.895741
12.646129
9.904767
11.389905
7.679369
9.800815
11.207830
8.009557
8.987350
9.437286
11.599029
7.040351
10.085639
10.233413
10.684344
8.938026
8.106240
9.036153
9.118940
11.481161
10.808074
8.478155
7.207843
9.528389
9.554640
6.076150
5.740560
9.585330
6.019972
5.839301
8.706314
5.493964
3.549387
4.498733
6.681122
2.900453
6.854937
7.501622
2.070629
7.202567
2.874009
3.564741
5.554716
4.049845
4.724928
2.478677
5.460476
2.795045
-1.015980
1.057370
0.205119
3.324748
1.492555
2.553669
1.446987
-3.040113
0.685789
-2.427233
-2.651395
-1.285757
-0.172582
-3.005008
-0.396984
-5.196449
-5.596738
-0.719867
-2.931176
-2.796922
-3.088254
-5.217920
-2.320300
-5.818670
-3.886851
-4.815810
-8.238902
-8.805289
-5.983792
-6.723171
-9.009156
-5.981309
-5.152647
-8.684161
-7.903788
-5.793062
-6.332146
-8.373947
-6.913239
-9.848577
-11.343058
-10.229468
-11.696141
-7.691295
-6.608761
-9.273920
-10.615596
-11.693061
-7.199359
-11.595025
-11.120617
-9.665425
-10.540573
-10.247429
-9.234107
-9.261692
-7.247075
-11.960378
-7.337228
-7.208309
-12.687389
-10.208889
-7.135545
-8.401429
-8.067718
-8.015418
-12.443131
-11.432985
-11.805935
-8.295705
-11.423367
-8.129383
-9.620975
-7.587130
-7.237575
-11.205431
-8.221425
-7.570182
-6.804972
-7.628633
-5.797793
-6.439828
-9.533523
-5.542873
-7.498070
-7.565009
-2.933911
-6.605759
-7.680753
-6.712841
-6.178919
-2.413061
-1.453808
-4.712893
-0.966345
-3.157078
-2.190883
-0.024706
-1.139984
-0.408308
-2.983036
-3.334557
-2.812625
-0.989744
-2.987157
-2.590435
0.998351
