2.166380
-0.784402
2.798807
-1.503877
3.464579
3.422913
3.226828
0.513170
4.377464
3.298692
1.269068
6.189518
4.461102
2.470081
3.642586
3.133475
4.842619
6.497341
7.870437
6.530457
4.174484
8.332249
6.934067
8.371910
8.369749
4.723766
9.049922
7.169089
5.908860
7.086872
6.277519
11.225737
6.299380
8.890654
11.648549
8.228278
11.441545
6.447763
7.221314
8.402998
8.181441
7.246451
8.063301
12.670429
10.726625
11.941652
9.398154
10.180317
11.030365
12.711670
8.717926
9.130820
9.909526
8.434753
10.321040
9.756956
8.562790
7.341053
9.277229
8.689704
9.496713
6.791105
9.205120
8.868276
8.979659
7.393484
6.974003
6.159980
6.656771
7.887327
6.859474
6.197789
10.436011
4.619535
9.351919
6.331819
8.350404
4.245360
8.257941
6.150045
4.494735
2.561883
7.054502
6.502508
3.077589
3.571235
5.002452
0.859237
6.191299
3.224949
4.407638
3.072707
5.071788
0.180754
3.336676
-0.676320
1.972261
-1.622313
1.294490
1.175826
2.308342
-1.577954
-1.342989
-1.459671
-3.814568
-4.552941
-1.250291
-5.197008
-3.759222
-0.131390
-5.667264
-1.104444
-2.574167
-2.700035
-4.245215
-2.549060
-5.470488
-7.862279
-7.411414
-6.032266
-3.955958
-8.389040
-8.547165
-6.100189
-5.370361
-8.492992
-5.859090
-8.879668
-10.263290
-9.843036
-6.478190
-6.043125
-9.907382
-8.843342
-11.542042
-9.093831
-11.567927
-11.851440
-6.990469
-12.135406
-11.030674
-7.929130
-8.399029
-8.301915
-9.385320
-6.935737
-12.237745
-9.653145
-8.593590
-7.689263
-9.746931
-10.623387
-9.697440
-12.785086
-10.920457
-10.551199
-8.151541
-12.232481
-10.929574
-6.990097
-10.763076
-6.846257
-10.838247
-11.535814
-8.874988
-6.648463
-9.542708
-8.963823
-5.868011
-5.547820
-9.804967
-9.936751
-8.948338
-7.331200
-7.364934
-4.083680
-7.204449
-6.355464
-8.401892
-3.898699
-3.253315
-7.930706
-6.714654
-4.560592
-5.861632
-2.163482
-3.364764
-6.497873
-2.554764
-4.871871
-2.080472
-2.640190
-2.654496
-3.930313
-3.565679
0.824845
-1.064814
-1.822190
-1.936370
0.348183
