2.690163
2.573902
2.955184
1.051250
0.583814
0.140599
0.617604
3.427651
2.454802
1.158029
5.220563
2.442441
3.931989
1.567534
3.034708
3.022924
7.775597
2.748274
4.725421
7.330281
6.399954
4.544741
3.974966
4.577155
9.520237
6.359488
9.290603
5.232237
10.026318
10.773176
10.530579
11.352665
7.212154
8.499103
10.484690
7.985772
8.350323
7.544371
9.624992
9.268362
9.321981
7.202616
11.347411
10.144879
8.431684
8.201150
11.183303
11.018440
11.175774
10.355914
10.092971
10.431628
10.241883
8.423044
7.797432
10.182042
7.865107
11.603553
6.900644
9.425376
7.737079
6.997281
10.369812
11.038477
8.228504
8.705545
6.406073
7.284839
7.065362
10.677881
7.510935
8.187931
7.530119
6.490552
8.614513
6.084363
5.152961
8.866905
3.497534
8.234602
6.258679
3.228485
5.739282
4.434754
3.895731
3.046943
3.353392
6.052396
3.156147
2.671657
0.506791
-0.003907
1.998124
-0.650496
3.572000
2.016061
2.458434
2.287894
-0.850121
0.569052
-0.408955
0.669502
-0.633651
-4.157296
-1.631738
-0.009990
-3.322182
-0.809873
-2.745379
-5.424245
-0.481167
-2.918867
-3.037988
-7.231861
-1.588527
-5.102558
-7.299428
-3.838300
-3.787575
-6.505533
-6.746407
-3.387786
-8.190208
-6.084828
-5.943099
-8.911518
-10.186528
-10.550419
-9.185499
-5.542442
-9.664004
-9.566231
-11.449055
-6.160588
-8.472899
-10.992426
-9.796096
-7.164235
-10.966532
-7.080547
-10.823738
-11.745921
-11.584826
-7.119537
-7.382155
-8.256301
-10.338764
-8.502038
-10.210476
-12.782862
-7.490719
-11.057545
-7.285566
-10.333724
-9.594691
-8.679135
-8.980474
-9.250854
-8.243479
-8.588177
-8.384491
-7.216821
-7.062325
-6.157050
-8.138080
-11.307649
-11.379027
-7.380959
-9.101267
-8.087189
-9.150069
-5.893442
-7.843467
-7.004501
-4.617453
-7.047310
-4.308565
-4.466485
-5.270031
-4.995964
-2.669339
-3.067815
-4.300867
-3.186810
-6.551144
-4.962390
-3.282338
-6.525826
-1.580413
-4.389840
-1.326831
-3.718059
-5.053724
-3.305593
-1.076761
1.378645
-0.941136
0.055627
1.990066
1.292677
