1.917575
1.932715
1.951585
1.902945
-1.341246
4.817901
1.224895
1.041056
3.313650
4.381854
5.140829
3.762910
2.046401
4.165493
4.159033
3.366114
3.476435
2.987758
7.356080
5.892927
4.010566
4.841984
5.615099
5.571957
7.908495
6.075961
9.072966
9.948619
9.547836
10.489472
8.174239
8.618044
9.748335
10.442230
6.058818
8.513720
11.881431
10.350226
8.999004
8.940807
10.622041
10.604134
12.337523
8.704220
9.570412
12.449690
9.668220
12.243878
8.260448
8.089705
9.859982
10.201427
10.523127
8.358828
12.541681
12.279930
7.189449
8.700231
8.716279
9.590431
9.649520
6.970792
7.295122
8.822887
9.446041
5.934271
6.375820
6.798239
10.186280
9.260179
7.352533
9.468505
6.833452
5.105212
5.396517
9.228899
6.213609
6.022374
4.663990
3.830062
5.684285
5.084504
4.640833
6.426877
5.489810
4.944401
3.549328
3.914686
1.914484
1.656648
5.226463
1.149202
-0.158662
0.241217
2.822139
0.102192
-0.290298
2.239167
0.107920
2.676328
-0.899357
-1.435640
-0.019545
1.745758
-2.690239
-3.944240
-2.119232
-2.975305
-4.508660
-0.309030
-3.649696
-2.561658
-2.852923
-6.551993
-1.583335
-3.294480
-5.277643
-6.231497
-3.174890
-6.485000
-8.617018
-4.127967
-6.678785
-5.810639
-7.390267
-9.413292
-4.805066
-5.899174
-9.001446
-8.848136
-7.262226
-8.634397
-6.757152
-10.909159
-8.992871
-10.609561
-8.612087
-8.645261
-9.558894
-11.036429
-7.445748
-6.958303
-9.267164
-8.775665
-9.880006
-10.959344
-9.164782
-12.345353
-7.177896
-7.314112
-11.372398
-10.758523
-11.893708
-10.216236
-11.450995
-10.575144
-9.323173
-8.603305
-11.740800
-7.479932
-8.415784
-8.412849
-8.031303
-6.594601
-6.104744
-11.606195
-6.312301
-6.193360
-6.972598
-8.374387
-8.658432
-5.178537
-5.371500
-6.655196
-4.696394
-6.310611
-4.343959
-6.933717
-8.786569
-6.655687
-6.788895
-4.530193
-3.709315
-2.101612
-5.304887
-2.611086
-1.661847
-0.901334
-3.144201
-6.077347
-2.044155
-4.489158
-4.805357
-4.302031
-1.058267
-1.863695
1.853916
-2.918210
-2.528349
-1.768648
