0.923410
2.041705
0.406069
-0.103451
0.950425
1.470510
1.820618
1.656864
3.752614
1.392380
0.621266
0.868497
1.048020
6.278325
3.692654
7.314970
5.299717
8.217920
5.461636
3.994678
5.383572
9.343049
5.809412
9.530634
5.797190
5.725111
5.112612
6.878164
5.776420
10.836381
9.610957
8.049472
11.591372
9.319674
8.621704
8.752488
8.758433
8.291827
9.782791
7.218374
10.609716
12.280800
7.587943
10.600095
8.280427
12.388255
8.122638
11.458869
8.297779
10.457701
9.701447
7.051126
9.987302
9.439212
12.341040
8.910811
11.109856
7.129486
8.956934
7.032436
8.307170
11.335253
7.319231
10.676194
6.312496
10.337047
10.678625
9.653894
7.758317
8.780738
9.368873
9.143503
10.059012
6.011260
9.020460
6.000172
3.905767
4.403029
5.179065
4.708081
4.685123
8.240640
5.124924
3.724406
4.257764
3.519257
4.662023
4.263864
2.815922
5.101312
5.240491
4.915703
-0.701704
-0.707253
4.533886
-1.570172
3.640978
-0.191896
0.081010
0.735811
0.480832
1.813483
-0.233600
1.189428
-0.602267
-1.276726
-2.779974
-0.316297
-2.945944
-3.386094
-1.890298
-5.328230
-6.313626
-3.145101
-6.381008
-5.356130
-4.953598
-4.587704
-6.142342
-7.746300
-5.300656
-3.636432
-5.932802
-6.007057
-6.822971
-9.183464
-10.274625
-9.715760
-6.638185
-7.336340
-6.586590
-7.885242
-8.881607
-8.671110
-9.996462
-7.124845
-11.868109
-8.471470
-8.861016
-9.383027
-9.015491
-9.498693
-12.146530
-9.145621
-7.561865
-9.961258
-7.545635
-9.484527
-8.943641
-9.799578
-12.734900
-6.980657
-11.610206
-9.240676
-9.279028
-10.277671
-9.155589
-10.282340
-7.490657
-10.330703
-7.425660
-7.952492
-11.291418
-10.656731
-8.945386
-7.618440
-6.189153
-9.201008
-10.704353
-7.134746
-5.337562
-10.542670
-5.922376
-4.796267
-6.104565
-6.739369
-6.536620
-5.985217
-8.663583
-7.742150
-7.684554
-7.964801
-3.937234
-1.998928
-5.259713
-5.146107
-1.668189
-6.494910
-5.188264
-0.704774
-3.453543
-0.505539
-1.268786
-0.264753
-1.146084
1.561503
-1.664829
0.437207
-2.035937
-2.779224
