2.778893
3.244408
-0.738811
0.256937
3.427160
0.260460
2.245644
3.907932
1.584647
4.556140
3.520443
1.901171
4.724450
3.181104
4.654722
3.151157
6.872598
5.266460
8.393770
5.211433
6.161996
9.115458
5.249289
6.023257
8.475672
7.160440
7.535614
4.922502
8.954516
7.948292
5.868655
9.461201
7.721742
8.158523
7.835275
10.152219
8.719196
8.907761
6.622883
7.196663
9.893708
10.066663
8.366610
7.714968
8.494568
7.267473
7.826746
12.764962
10.755127
7.759410
12.079224
7.635753
12.460580
10.234281
8.032963
7.175165
10.576749
9.196307
12.235351
11.401842
6.486494
7.740785
11.545423
7.382753
7.242545
9.345912
10.953347
10.749613
10.987865
6.475424
4.943330
9.652374
9.188788
8.444624
8.327692
9.550213
5.680453
6.415576
7.030785
8.275216
5.959612
7.959815
6.815551
4.472980
7.517878
1.669477
1.565067
4.053117
4.497666
2.651648
3.384462
0.953767
4.420898
2.032671
3.841667
0.438946
-1.167587
-1.514574
1.220219
-0.950970
2.025653
-1.630510
-1.136190
-0.915482
-1.898233
0.134290
-0.434329
-3.992289
-3.536118
-4.435584
-0.946876
-6.043330
-4.520538
-4.717826
-3.941208
-4.335977
-3.908492
-2.859041
-5.378845
-3.277937
-6.683209
-8.499233
-6.640725
-5.734589
-8.573770
-8.892590
-8.004144
-7.251616
-6.960334
-6.806339
-5.747780
-5.548153
-8.883095
-7.692879
-8.673720
-8.353225
-7.908095
-10.280629
-7.637004
-9.714207
-9.262851
-9.942851
-9.385968
-11.180797
-11.191212
-8.018576
-12.928757
-7.085271
-7.723885
-8.078736
-8.341822
-11.040790
-10.450065
-7.782524
-9.991777
-8.328896
-11.130370
-8.013861
-10.160702
-11.724883
-10.446360
-11.578711
-8.955294
-9.142867
-8.605548
-9.691111
-10.183350
-6.400207
-7.142694
-6.895405
-9.045293
-5.139277
-8.014738
-4.787302
-4.667009
-5.233213
-6.715660
-7.927767
-7.761845
-6.130399
-4.334290
-8.237537
-7.216465
-3.205791
-4.012595
-6.247581
-3.457074
-3.813751
-6.337377
-5.334845
-4.911906
-5.195991
-0.672443
-1.351809
1.292839
-3.723051
1.841040
-1.716425
1.137657
-2.378693
