-1.213900
-1.929686
-0.803495
-1.180180
2.238326
3.861820
-0.813294
2.553425
1.314818
5.221506
4.363184
5.735168
5.244012
2.051614
4.556938
5.849682
6.329150
6.254692
7.375447
6.539465
7.426972
5.905294
5.548693
5.087230
6.304094
8.713037
9.874700
10.265757
10.294166
8.607383
7.049368
10.932214
10.096670
8.233587
10.519453
8.039710
12.123556
8.935661
10.815636
12.174082
8.101130
8.941482
10.837534
10.437849
11.635652
7.062893
8.807251
9.376217
10.139842
11.813684
10.768497
7.651361
11.493824
7.347147
7.456748
11.703979
9.647708
7.110016
7.694324
8.969214
9.483874
11.395088
6.818352
8.839510
9.161584
11.578452
6.315964
9.676301
10.060772
10.066946
6.690474
9.927051
7.370770
9.529906
6.106469
5.029170
9.535687
5.580895
6.422368
3.368921
6.566184
6.330329
4.862633
3.649173
5.642884
3.918131
1.938107
3.912139
0.795056
3.204206
3.500279
5.454152
1.018866
0.388979
2.664894
-0.465674
3.407810
-2.029099
3.020142
0.544060
-0.910414
0.468883
-3.481831
0.711322
-3.124113
-0.564227
-1.519862
-3.086403
-4.540609
-5.408348
-3.824829
-5.775642
-5.966134
-6.859678
-4.768383
-3.643881
-7.369588
-4.118977
-6.847853
-2.985540
-3.984723
-9.318069
-7.199847
-6.546061
-4.319948
-9.963233
-9.549928
-8.207672
-6.999772
-7.699020
-7.902114
-10.773461
-11.231851
-8.921471
-8.997494
-9.773669
-9.361813
-6.899729
-9.256630
-10.140954
-11.107063
-9.926585
-8.281866
-7.891927
-6.961988
-12.132924
-7.281255
-8.365904
-12.483838
-8.324216
-9.083498
-7.574493
-9.278001
-12.812951
-8.647444
-11.726637
-8.685700
-7.934168
-11.554054
-11.417690
-9.946151
-9.810099
-10.274781
-8.731015
-9.641899
-9.524769
-9.109812
-10.154584
-10.960776
-6.171179
-8.688931
-7.748902
-5.802492
-7.435521
-7.783714
-5.599877
-3.716221
-9.218767
-5.705027
-5.612102
-6.000565
-4.156569
-4.689976
-7.135481
-2.642744
-2.325778
-3.549772
-2.864730
-4.610556
-3.481967
-4.696021
0.477202
-1.942963
-3.156901
-1.011027
0.536445
-3.547791
-3.089595
2.479744
-0.597711
