-2.588721
-1.179370
-0.246697
0.139808
3.158584
4.588139
1.786933
4.043086
1.694447
5.389071
5.731489
3.235354
5.721667
5.734461
3.116611
6.821896
5.111595
2.576090
3.843943
5.454767
6.535985
4.823507
3.836329
6.690345
10.031405
8.097474
9.251926
10.032575
10.769481
9.053802
11.264624
10.295089
6.363390
8.092172
6.524556
6.439792
7.039458
8.255595
10.297511
7.600059
10.547495
12.608273
10.274597
10.010824
12.497499
8.195790
10.466473
12.337951
9.608262
8.573344
12.962287
8.183781
7.491060
8.851062
12.406464
9.845658
9.657077
8.481403
11.058068
12.454221
9.965154
9.117314
11.372495
7.897288
8.059833
6.642096
10.984312
6.923861
11.151566
9.526466
5.907275
8.952486
7.545261
8.642805
7.340374
4.911515
4.947330
8.679366
4.508649
8.515114
3.315987
3.909796
5.525951
3.288610
3.197475
5.764547
5.772220
5.023474
1.176106
2.651400
3.415740
0.670575
0.618778
-0.325623
-0.811098
1.280435
3.218757
1.202917
3.270322
0.816634
-1.294358
-0.172276
-1.685440
1.249589
-2.500247
0.468371
0.592595
-2.634973
-1.406965
-3.044643
-6.301778
-2.082882
-4.927968
-4.659573
-6.971060
-4.015895
-2.664809
-3.540985
-2.828035
-4.388591
-3.809260
-9.290766
-7.907706
-6.806621
-9.324406
-4.961323
-6.965383
-5.001054
-7.619072
-9.712207
-10.768088
-5.614062
-10.723284
-6.287334
-8.502044
-10.029308
-11.214317
-12.211738
-11.389850
-11.986243
-8.347270
-7.649393
-8.954755
-7.366889
-9.748299
-8.360051
-7.879132
-7.988279
-8.829863
-12.612205
-9.563178
-7.796477
-12.942588
-10.757268
-9.223300
-12.480806
-7.742653
-11.446861
-10.490197
-7.950436
-11.205255
-11.842516
-10.092084
-9.365453
-6.221267
-8.906454
-9.864398
-8.468213
-9.150667
-8.884886
-5.726343
-10.336142
-8.859976
-5.257114
-8.689652
-5.342851
-5.665460
-5.765104
-4.789480
-8.720574
-4.267879
-6.834693
-7.088681
-4.722642
-2.669803
-2.788404
-5.477454
-4.679258
-3.508100
-1.171288
-1.949051
-3.328269
-1.600241
-2.782179
-1.614215
1.098556
-1.465690
-0.655664
-1.776846
2.915938
