-0.627798
2.996963
0.966043
1.626673
3.300412
0.979383
0.502513
4.423892
0.246163
0.583284
2.245676
5.814219
3.817263
3.203216
4.300168
5.862584
5.534785
7.415219
3.075763
4.436952
7.254425
5.969236
5.555477
4.121903
5.933186
6.849423
8.194542
6.163220
9.969850
10.386954
10.840343
8.819082
7.425334
10.383948
8.953386
9.723781
10.297005
6.801198
10.693454
8.300839
8.002085
8.590497
8.451278
8.326255
7.618151
10.930012
8.625964
8.465677
10.407670
7.308086
11.934061
7.201940
8.558644
8.734286
10.850711
10.577417
11.033212
8.340839
12.579446
8.313243
9.416400
7.091699
11.562906
7.475920
6.312606
7.956810
11.541454
6.715427
6.996014
8.117706
8.684960
7.064232
8.580874
5.069887
4.492497
4.117773
6.936686
8.719137
6.643833
6.067128
6.485075
4.803308
3.658662
5.472798
5.336623
5.813429
2.374843
2.413598
0.523566
1.838793
1.914407
3.384681
2.827043
3.410821
3.870526
3.626348
-1.590460
0.783132
-2.415020
1.779676
-1.425121
-2.214861
-2.336458
-3.399029
-3.401232
0.126500
-0.710807
-1.023772
-4.194257
-5.409660
-6.093495
-5.024528
-3.027321
-3.497587
-4.095257
-6.615387
-5.634170
-6.652386
-3.616338
-4.333742
-3.933623
-6.872632
-5.158038
-9.425858
-4.320344
-6.166542
-8.940928
-6.291378
-8.029840
-5.861920
-9.335490
-8.077140
-10.132320
-10.956136
-10.484396
-9.866233
-8.049015
-12.063648
-8.276404
-10.945659
-7.463401
-9.409146
-9.996175
-11.906877
-11.342152
-10.571272
-7.167981
-9.863724
-12.269762
-7.510632
-10.255422
-7.552171
-11.204218
-8.228014
-12.541442
-11.544610
-8.099903
-8.504971
-7.155641
-8.857269
-9.141467
-7.779058
-6.913992
-6.685629
-6.775077
-7.663601
-9.161734
-11.156148
-9.840239
-11.006415
-8.611351
-5.262395
-8.679537
-5.085707
-9.188032
-7.985995
-7.103654
-8.113186
-4.524341
-7.422578
-3.303986
-6.573009
-6.946346
-3.472820
-1.799043
-1.848991
-2.767972
-1.800413
-1.188831
-0.760891
-4.407203
-1.728046
-3.717779
-2.217732
0.132369
0.041644
-2.473283
0.799089
2.132764
2.053395
