0.228992
1.803571
1.881293
-1.118153
-0.854904
0.186310
5.083126
3.747217
3.500824
2.189451
1.398803
6.248213
1.530265
7.007377
2.801098
4.547664
3.542004
4.456464
6.903317
3.320814
6.656761
4.213954
4.931925
7.539469
5.221509
8.501939
9.279083
4.732880
8.516580
7.206894
8.597425
5.591245
7.451526
5.922339
11.327938
6.165510
7.711309
9.835305
11.182598
10.026704
8.519724
7.203188
9.018664
10.204621
9.947520
10.915533
10.966687
10.526343
8.357433
10.907310
7.927092
12.431491
8.683923
12.098877
10.943001
10.346374
12.286458
7.051837
10.068298
8.619005
11.977816
8.815622
7.157675
7.449052
6.067952
8.969516
11.082040
9.947626
8.174040
9.083494
10.093988
6.759474
4.886985
5.268983
5.105368
8.315222
5.764606
5.252492
3.279990
8.842545
2.745054
3.543530
3.028415
3.190077
4.349980
6.171662
6.187743
5.524546
3.266783
0.655020
3.212813
2.956815
3.189088
3.082183
-0.289493
-0.725669
-1.391846
-0.674275
0.154025
1.382830
-3.114939
-0.304064
-0.536809
-2.535037
-1.521143
-2.698237
-1.403979
-2.287612
-4.411608
-2.942462
-0.975179
-2.060704
-3.695821
-6.605462
-4.081983
-2.558590
-4.337357
-8.159883
-8.160334
-2.885498
-7.831949
-9.034358
-5.853130
-4.820767
-6.972943
-4.534330
-9.755012
-10.250146
-4.996336
-10.451860
-5.472415
-9.169952
-9.009035
-6.927847
-9.539840
-6.368975
-7.694977
-11.513729
-7.577601
-7.188525
-11.181756
-10.706282
-9.040019
-8.577817
-11.740862
-12.006382
-10.102718
-9.178884
-12.027444
-12.824304
-9.536926
-12.563309
-11.957914
-12.534855
-6.940812
-10.772324
-9.677879
-10.353634
-10.726410
-11.028122
-11.862592
-10.137801
-9.458967
-8.955286
-9.077986
-8.131000
-8.145959
-7.168856
-9.988867
-5.983216
-7.004123
-8.264891
-9.786982
-4.796307
-5.731826
-9.473345
-8.796287
-3.715903
-5.341965
-5.100554
-3.167395
-3.819512
-3.237718
-6.230230
-2.668425
-3.090829
-1.905639
-4.877385
-1.356985
-4.233032
-4.266803
-2.926900
-0.900564
-0.664646
0.664991
-2.878953
-3.348513
-2.139055
1.364377
-1.391961
