1.221700
-0.910046
0.128251
0.882284
-0.939073
-0.874198
5.120408
2.078438
0.471458
2.514167
5.204847
2.669499
5.110288
5.995921
6.920173
4.245365
7.713063
7.968388
7.633163
5.263483
7.256447
7.624616
7.949578
9.428681
7.118617
4.976920
6.093899
7.307895
8.660309
9.752113
8.152306
7.696396
8.357984
11.364027
10.559055
8.779880
8.259550
7.833288
9.600110
10.451435
9.933452
7.448246
12.154455
9.829687
10.334540
9.215648
10.110712
8.781030
12.718400
7.975020
10.993533
8.443705
9.330272
11.374320
8.599308
8.899722
10.768595
12.427227
10.748900
6.547795
11.915803
11.689770
6.794825
9.531254
11.724744
8.045627
5.658663
8.686598
5.533597
6.904221
9.411318
5.200426
10.137244
8.119436
9.676869
8.350581
8.418329
8.700036
8.642786
3.614913
3.571389
2.895664
2.246463
3.778549
3.467304
5.331634
3.297612
2.512871
3.474214
1.445203
1.028134
5.128551
2.917854
1.715361
-0.416251
0.530251
1.696303
2.815132
0.885815
1.541496
2.659781
0.573319
-0.092131
1.211458
-3.082407
-4.825821
-1.006518
-5.315961
-3.461112
-1.786068
-3.642358
-4.721999
-4.107298
-2.293659
-1.886258
-4.810930
-4.083786
-3.149073
-7.950558
-5.580528
-6.174316
-4.358044
-4.008015
-4.458557
-6.891092
-8.553433
-10.094080
-6.781281
-6.961672
-9.550772
-8.849104
-6.653570
-8.458989
-9.317346
-8.804383
-7.643678
-8.203849
-8.759352
-9.483659
-12.506387
-8.044750
-9.045306
-11.402540
-11.106881
-11.053678
-9.209382
-10.860875
-9.099794
-8.913270
-11.268491
-12.075004
-12.841935
-11.935104
-12.553479
-12.521918
-11.259354
-7.093653
-8.056527
-7.756851
-10.545914
-11.588998
-11.845360
-7.319599
-8.111147
-6.863681
-7.718253
-10.424727
-8.299376
-6.912290
-9.425117
-9.577536
-9.117306
-9.161912
-7.858273
-4.888401
-7.019735
-6.909269
-4.558203
-5.948494
-3.412939
-8.299551
-7.397152
-5.981198
-6.509627
-1.998221
-1.536918
-4.622815
-5.794865
-1.025645
-1.012824
-5.153726
-0.830692
-0.890568
-0.087909
0.532673
1.583121
-1.065533
2.145177
-2.777986
2.489645
