-1.396237
-1.187957
3.645179
3.653541
1.044745
0.129452
1.665430
4.964250
1.568941
2.087728
5.588792
3.305012
2.145490
5.257101
1.756992
2.521408
6.795973
4.884445
6.725550
7.257648
5.619633
7.076935
5.129016
4.025431
6.434625
7.740434
5.660977
8.151430
9.525986
9.590292
5.693538
9.598571
5.942653
11.550284
7.594678
7.095103
10.698593
7.501988
9.982124
10.594365
9.464391
7.253032
10.624486
12.144255
7.172831
12.380663
10.497327
7.124687
8.278081
10.841785
10.122910
9.285458
9.981754
7.843764
12.025162
8.618775
11.418959
11.276105
12.150366
9.558045
7.162090
9.411168
6.234155
7.214961
11.209099
7.842591
11.001447
11.142415
5.537929
7.319451
10.757580
10.230149
9.239564
6.130438
7.482187
5.500960
6.631283
8.279038
4.189563
8.285125
4.191347
2.569393
5.744578
2.966218
4.964161
4.384917
4.997874
1.253584
5.980115
5.614825
5.263282
-0.151826
0.847398
1.938399
1.546745
2.345695
-0.257437
3.077249
-2.261752
-2.693028
0.660535
0.507568
-0.856422
-2.686692
-2.887980
-2.090879
-2.854899
-3.931166
-0.366893
-0.666472
-4.987480
-1.573902
-3.586455
-2.760811
-4.222722
-5.571273
-3.432892
-8.073310
-2.861645
-6.706467
-7.156891
-7.926768
-9.309402
-4.723878
-6.865700
-9.636785
-5.254301
-10.160059
-8.729814
-7.015395
-7.576575
-6.388812
-9.687622
-7.361318
-10.514172
-8.861134
-11.583228
-8.911348
-8.280715
-6.778247
-7.787892
-7.458247
-9.746001
-7.866426
-11.917054
-11.407743
-10.465471
-11.230150
-7.109243
-7.236797
-8.142987
-9.498134
-9.008648
-9.352804
-9.683504
-8.893090
-9.286783
-8.710154
-9.886951
-9.021113
-12.077407
-10.883955
-11.924509
-9.305206
-8.777871
-9.999385
-9.410858
-9.926280
-7.132826
-7.096671
-9.322006
-4.719487
-9.359635
-8.813714
-4.450922
-7.952076
-7.331127
-3.386189
-8.207333
-8.137243
-3.633379
-8.176802
-3.606779
-4.809978
-7.347892
-5.603825
-4.159096
-4.921339
-1.602556
-3.151236
-4.668277
-1.877440
-1.026361
-2.631400
-1.713198
0.665286
-3.156571
-0.575959
-2.462381
1.623798
