-1.422152
0.214224
0.537849
3.480737
3.046315
1.253667
0.180211
2.737895
-0.088561
0.812212
4.192064
3.589964
6.940472
5.211594
7.373856
7.101758
6.317870
2.858415
5.271493
2.880984
7.200804
8.023251
9.084383
5.970968
7.334064
8.208668
5.566324
10.613856
4.917945
6.264787
8.080306
8.784598
7.132043
11.732854
8.589919
6.380000
10.356110
7.723740
8.206940
8.046852
7.125814
10.090368
8.355987
7.015021
10.717404
10.526559
8.102017
11.107739
8.857965
9.558986
9.284172
10.728357
11.662905
10.488909
10.786336
10.359458
7.714084
6.938629
7.425085
8.206564
10.950357
8.787897
7.051447
10.452371
9.927072
9.575883
8.864495
6.955687
5.714208
7.413260
10.629591
4.850171
8.049177
9.595937
7.562488
8.143373
7.912587
5.649131
4.054677
3.822864
5.396201
2.568366
6.449379
6.328773
4.243445
2.978971
1.825449
3.643472
2.578038
4.775430
0.626455
3.965361
2.905051
4.320344
2.871607
-1.041349
3.165138
-1.976348
-2.677811
-1.160003
-0.936186
-1.912399
-0.046757
-2.691948
1.351918
-0.836356
-1.177943
-0.750761
-5.373483
-4.630696
-3.328151
-1.486881
-0.987136
-3.598792
-7.400826
-2.383733
-3.366156
-5.306957
-4.093135
-5.211813
-6.596155
-7.894730
-8.375278
-7.904384
-7.930098
-7.841687
-7.414687
-5.252365
-10.199904
-10.009949
-8.456117
-9.570428
-6.015673
-6.496527
-5.973633
-10.882010
-7.261100
-8.612507
-10.997439
-7.757882
-10.002348
-11.907743
-9.337668
-12.055850
-11.569315
-10.114608
-10.017195
-11.819543
-12.274272
-8.946492
-7.054108
-9.037145
-11.597151
-7.953183
-10.640839
-8.638073
-8.889450
-12.533848
-10.816533
-7.076819
-8.459429
-10.485846
-8.692510
-9.824361
-10.895634
-11.514547
-5.713176
-7.933913
-7.562007
-9.410051
-5.488133
-8.065281
-9.044953
-10.028760
-9.339666
-6.861203
-5.407680
-7.435780
-9.051886
-4.973196
-7.481388
-5.236784
-2.532017
-5.012333
-2.332556
-4.726125
-1.645781
-4.452285
-5.592700
-3.513954
-3.449903
0.408305
0.696019
-3.029044
1.026910
0.543613
1.683364
0.087778
-1.107242
-0.544216
