2.077777
-1.837855
-1.600324
2.577389
1.675145
1.361747
4.179261
1.351188
5.205784
4.538138
4.511703
6.398936
4.330201
5.617716
6.389796
7.482867
6.169783
3.604751
6.129956
7.150886
6.518616
4.883774
6.069759
8.543100
9.429777
4.525279
8.186244
8.743550
7.980286
5.267094
7.968944
10.126083
11.295412
8.617022
8.582443
10.899232
9.885531
8.004387
12.190860
8.345956
9.687518
9.875938
7.956410
12.197197
11.422218
7.318611
10.246261
11.234497
11.859155
7.411280
11.050625
12.456706
9.838097
12.589151
10.025208
7.801449
12.421726
9.882010
12.300833
11.920243
6.707733
11.995690
8.706335
9.924836
8.940690
8.368117
11.542660
8.195628
8.967383
7.502247
8.160967
5.979673
5.428996
7.964856
4.524808
4.349429
6.470758
6.054851
5.705283
8.761658
4.149194
7.675038
7.129893
4.317484
2.252811
5.958495
6.542743
3.258623
3.932943
4.171299
3.275762
1.395669
1.530237
2.068106
1.927063
-1.308606
0.491726
-1.972927
-1.906728
2.149745
-1.981680
1.365186
-0.989766
-3.530408
-2.034281
-4.351862
-3.963110
-0.080506
-3.258134
-6.008768
-6.363729
-1.800553
-6.373077
-4.905199
-6.145324
-6.550898
-6.773369
-4.568833
-4.991535
-2.951500
-9.062437
-6.519587
-5.658563
-4.461574
-9.952493
-8.477246
-8.446106
-7.168518
-8.625077
-9.889629
-7.111721
-8.901704
-10.641789
-7.736801
-9.336409
-8.926440
-11.696850
-6.618632
-8.440180
-8.417539
-9.806557
-10.251001
-6.948352
-7.330333
-8.490149
-8.175023
-8.883299
-11.794411
-8.725039
-12.549489
-11.112951
-8.552894
-8.561176
-10.222901
-8.780792
-12.015498
-12.171376
-6.876032
-9.612240
-6.667232
-7.667782
-7.641025
-9.153664
-11.892324
-7.608888
-9.258948
-11.018631
-7.649939
-10.293844
-5.884044
-7.084482
-7.216595
-7.029230
-6.598691
-7.576242
-8.256705
-8.799122
-8.913018
-7.435018
-3.261442
-7.597169
-7.459781
-6.205147
-6.937008
-5.630008
-2.917492
-3.701134
-2.217185
-3.135460
-0.170205
-1.797698
-2.768441
-3.176146
-1.016209
-1.225655
-0.306044
0.356346
-2.506075
-1.637017
-2.287307
