0.856454
-1.583211
-0.880790
-1.524209
-0.468302
1.607191
4.163384
4.833625
0.065462
3.882362
1.032940
6.487506
2.747878
2.231836
6.289101
6.116757
4.149840
3.059081
7.094781
5.877122
3.267605
5.703006
6.783571
7.707551
5.944995
9.452822
6.001718
10.202209
9.419037
8.542462
7.458119
9.815717
6.402395
10.399490
6.072782
11.737409
10.912490
12.288502
7.224640
6.901341
10.454614
11.349607
8.862648
7.863985
10.908864
8.505909
8.927329
8.324230
12.916884
10.238735
11.502568
8.883413
7.515333
8.465790
12.094226
11.176942
9.121960
12.610988
10.033652
9.568442
7.036861
6.436097
7.341507
11.201403
7.319952
10.534653
11.471892
9.034509
5.999711
10.232904
5.184528
5.269999
6.510830
4.516492
5.749352
7.072933
7.831089
9.306741
4.299699
6.004645
4.318256
6.443913
7.863999
3.525041
3.219116
6.364465
6.703941
3.450186
3.271402
4.567745
3.751621
0.140675
0.167429
4.745001
0.288449
-0.872179
1.166328
2.975220
0.299086
1.452206
-1.927677
-1.905657
1.458615
-0.508323
0.489457
-4.543911
-0.307833
-1.565175
0.013406
-3.320611
-0.775680
-1.724556
-4.018225
-1.526554
-5.146740
-3.170707
-6.369851
-4.242795
-8.047775
-8.633522
-3.972111
-7.844623
-7.068760
-6.483550
-5.361435
-5.353029
-9.361989
-4.912394
-5.121069
-7.467542
-6.966070
-6.558930
-9.872141
-6.160424
-7.977340
-11.905913
-7.651689
-9.688859
-12.204907
-12.165150
-10.002981
-8.989111
-10.687779
-12.161175
-9.297155
-7.111564
-10.231890
-10.482092
-10.168470
-12.061562
-12.820257
-8.005550
-8.227922
-11.566812
-12.552520
-9.343238
-9.313798
-10.729834
-11.795333
-11.949472
-7.049911
-7.756304
-10.827305
-10.281711
-7.108133
-6.162436
-5.658296
-7.917673
-11.005971
-6.344554
-5.211250
-5.014399
-5.640375
-8.920848
-7.086064
-4.733895
-8.471851
-5.121266
-6.897925
-5.246760
-4.048084
-7.883972
-6.945019
-4.017912
-2.327257
-5.111797
-1.413051
-5.713891
-5.185762
-3.275894
-4.364697
-1.375090
-0.697837
-2.833264
-0.352506
-2.588899
0.527955
1.381140
2.383835
-1.463401
