-1.774553
1.514794
-2.042382
2.028648
-0.211944
-1.003409
2.367204
-0.417598
2.041704
1.447296
2.080021
4.696759
6.568834
4.317104
5.081726
2.817664
7.335008
2.541998
8.222770
5.835684
6.026889
5.151223
5.952367
7.901597
6.374977
9.362129
6.923533
9.005215
9.595818
6.614411
8.071565
11.403339
8.369474
5.898188
11.651502
11.199070
10.357958
9.972883
6.852975
7.682949
7.270046
9.223678
7.747955
11.921922
12.746779
9.365382
9.644679
8.693506
11.574860
12.380300
8.480225
8.714199
9.798647
7.979345
11.019996
7.125572
11.222175
10.542801
12.262481
7.372284
8.299192
11.496461
11.721847
7.511196
7.549424
6.974254
10.278245
8.805267
8.834896
6.699642
6.944506
9.394722
6.818318
9.152944
4.223695
6.064726
4.803119
4.418893
9.022619
7.616503
2.669111
2.383373
3.308356
3.575460
3.233457
3.144388
3.838584
5.597551
6.318845
0.896981
3.992286
5.142530
2.542870
0.672798
0.534380
-1.636277
0.188031
1.765107
-2.419956
-2.129469
-0.777714
0.773192
-0.886586
-1.821842
-3.270065
-2.865932
-1.442685
0.014882
-4.126582
-0.115312
-4.770469
-2.210523
-4.419888
-3.284898
-7.024382
-5.824753
-5.310945
-7.531846
-5.528734
-4.720655
-7.312662
-8.676601
-7.911713
-4.983078
-6.989956
-6.226586
-7.215135
-7.887638
-9.149465
-7.660753
-6.668435
-9.110336
-11.434383
-9.180196
-9.182622
-7.423929
-6.569902
-10.010512
-9.973746
-9.367116
-11.500919
-8.289650
-6.786682
-8.588808
-11.136816
-10.004649
-12.313313
-9.526887
-9.743099
-7.763258
-7.548296
-9.895038
-8.334230
-8.272585
-8.140365
-8.501672
-7.036274
-7.101965
-9.440612
-9.875546
-7.878139
-9.021943
-7.190251
-9.912994
-8.583170
-8.923028
-8.570241
-6.627902
-5.287999
-9.429910
-6.612358
-10.676147
-9.136594
-5.151444
-9.216432
-6.452218
-6.117424
-7.399922
-6.951822
-8.016541
-6.189604
-3.342492
-3.659017
-5.147538
-2.162889
-4.777108
-1.672549
-6.422621
-5.648628
-3.239842
-1.731674
0.266619
0.773468
0.118344
-2.797322
0.530567
-3.081108
0.905531
0.671702
-2.507034
