-1.646672
3.287886
-1.773533
2.909896
3.048467
4.611338
0.777886
2.596381
2.163847
2.783702
0.733650
4.585862
2.680988
6.270771
7.173751
4.039668
4.159756
3.468644
8.152467
3.204425
5.244188
8.640861
8.396593
8.594508
4.575788
6.256265
6.343542
7.383613
7.012522
5.353654
7.526357
9.637105
7.130503
5.976696
9.930640
6.947747
6.930633
10.650361
11.133518
10.146074
11.319246
7.656368
7.860795
9.760536
10.719470
8.097654
10.016872
10.812701
11.398704
12.948174
11.180803
10.904280
9.168649
7.089461
12.681555
8.384326
12.476423
8.474636
6.755927
7.874775
11.162051
6.907412
7.985162
6.053716
10.332457
8.224880
5.807889
6.310488
8.661710
7.234841
5.983210
5.621540
6.045771
9.924084
6.030723
9.575554
5.736754
4.777727
6.680950
4.453071
5.621869
7.429871
2.179798
3.501838
4.187218
2.533484
5.099570
3.163792
1.313315
1.658927
3.843418
1.153455
4.524138
3.305242
4.200499
-1.216140
-1.446731
-0.749024
3.246265
-1.887518
-0.009119
-2.509570
1.700715
1.605261
0.694274
-0.087278
-4.444940
-2.479000
-3.334197
-3.103750
-2.133267
-5.624592
-4.270547
-6.305343
-2.146238
-2.215051
-2.168857
-3.971742
-6.459125
-3.009210
-7.916295
-4.009988
-3.885219
-4.645590
-8.901888
-5.667293
-6.565387
-7.502953
-7.302849
-10.232371
-8.557778
-6.073895
-7.675308
-9.346554
-9.966423
-6.466508
-7.162092
-12.251617
-11.933979
-9.772527
-11.389604
-10.846011
-7.763583
-8.328611
-12.567517
-10.879494
-11.140321
-12.846311
-9.276198
-9.389481
-11.870606
-8.201850
-11.919301
-7.039961
-11.784458
-9.716474
-11.671705
-12.545470
-9.169240
-9.556793
-6.467707
-10.370539
-12.021966
-11.263629
-7.897351
-10.846368
-10.384909
-7.380962
-7.015078
-9.004611
-7.559553
-6.664153
-5.360324
-4.964520
-8.918949
-8.327904
-7.567079
-7.221578
-5.534352
-3.262521
-8.248520
-8.292166
-6.564098
-7.132874
-7.288547
-1.823373
-4.478440
-0.998001
-6.205235
-0.334747
-4.755469
-3.208200
-0.898490
-3.206462
-0.508408
-1.070541
1.825628
-0.527764
2.266459
0.424495
