3.163084
-0.186207
1.814548
1.620804
3.812254
-0.064752
1.021031
0.610081
1.819112
4.412836
0.699245
2.195741
1.242731
5.822316
3.137894
2.133740
4.560887
5.118285
6.434582
3.546583
3.916573
4.827355
5.927171
9.442563
6.114520
5.355364
6.894141
6.956911
10.762518
9.324680
10.646003
10.657951
10.796345
6.600222
8.066067
6.911979
9.999604
6.330569
12.010958
11.328561
8.223461
9.265409
7.043518
11.867595
8.431522
7.013698
9.967645
8.696107
8.644022
12.444139
8.461846
7.174705
12.457949
11.710715
6.957967
12.024790
8.323143
10.474565
11.199802
9.029071
9.400051
10.341371
12.129146
12.042579
6.284474
9.512041
8.395291
9.629488
9.832816
6.309030
5.368616
9.014531
5.313156
7.061915
4.318516
4.957937
3.950957
6.977295
7.894841
6.607606
6.526099
2.385524
2.614680
7.681360
4.568696
7.154049
2.798348
4.254789
6.278687
4.458966
1.150965
3.064334
2.029425
4.141757
0.647151
3.831090
1.290584
1.174470
0.214284
0.916276
-0.164569
0.373542
0.074986
-3.069830
-2.763561
-0.128511
-1.349649
-4.874301
-2.747449
-3.490819
-3.872032
-4.477837
-1.938471
-3.054577
-4.588347
-5.569217
-2.785360
-6.018538
-6.430052
-3.482735
-3.838004
-6.022345
-5.592164
-5.311655
-8.512861
-9.616229
-9.840497
-5.811128
-5.627690
-7.088918
-9.593092
-7.586790
-5.725924
-10.033900
-9.879598
-11.895623
-8.100285
-9.569881
-12.076186
-9.777022
-12.326409
-8.852767
-11.532482
-9.167109
-7.518475
-11.256459
-12.479377
-9.921204
-11.234162
-7.606047
-11.478905
-9.015644
-12.169209
-9.005625
-12.638728
-7.609946
-12.188232
-9.554768
-10.197252
-9.190590
-6.599398
-9.728637
-7.793330
-8.627675
-6.406470
-8.016861
-9.455126
-10.047281
-11.042562
-5.563986
-7.496859
-9.120509
-9.971922
-4.467298
-5.824447
-5.110471
-4.758131
-4.931574
-9.053617
-7.365359
-5.119644
-3.127451
-5.899364
-5.096912
-4.276326
-6.909793
-1.485083
-4.591837
-5.089632
-0.124435
-5.283901
-1.458465
-4.988691
-1.439637
1.219843
-3.187152
-1.175044
-0.122626
2.491097
-1.441861
