-0.737825
2.105145
2.787413
3.968099
0.663156
-0.475081
0.941302
3.117985
3.981703
5.464899
3.315285
4.396209
3.199838
3.600582
7.070879
4.701177
5.204788
6.364836
5.644200
4.284161
4.768384
4.971023
8.487808
7.257845
5.930042
9.851981
5.729928
8.054777
10.170839
10.583335
6.020262
10.378267
9.822641
8.427739
10.611114
9.413962
7.944529
12.275080
12.194689
10.091769
10.658034
8.226713
8.572101
8.093346
10.979035
10.652046
7.415720
8.366856
9.510473
11.475102
7.401837
8.340343
10.272295
12.274901
6.967618
12.488510
12.757617
10.431626
7.613355
9.328209
8.434845
10.238159
10.885379
9.110370
9.812201
6.339628
10.261873
7.253555
8.304586
6.671772
5.449121
10.515861
7.978715
8.758844
5.513362
9.536231
7.712537
3.642723
8.838074
3.187097
8.090737
3.793550
6.686910
5.292401
4.795907
4.448060
6.670445
1.985737
2.619996
3.713539
3.937192
3.027582
0.749330
1.443318
3.912289
2.781911
0.227896
-1.778264
-1.892734
0.832209
2.223528
1.274928
-3.338704
-2.028251
-2.285003
0.534240
-4.831317
-1.776607
-2.350081
-2.149283
-2.981249
-6.231643
-2.427782
-4.393764
-2.790489
-5.832039
-4.020470
-6.356962
-5.807190
-7.004345
-4.936810
-6.112262
-9.517614
-7.672864
-8.766829
-6.732923
-5.536634
-7.883954
-8.009021
-6.170496
-9.273745
-10.245177
-8.531559
-8.080124
-8.212557
-11.853452
-11.143455
-8.108668
-11.022443
-10.981741
-10.149578
-7.444681
-7.239824
-10.998092
-12.012573
-12.579047
-10.763229
-12.056819
-12.112206
-11.148871
-9.984550
-12.382806
-12.593862
-11.098668
-9.032746
-11.326606
-10.966058
-8.477796
-11.481365
-7.007738
-10.743158
-9.200345
-9.861065
-11.066180
-9.601708
-11.314800
-9.650630
-8.323199
-7.567103
-9.690018
-7.917492
-8.733000
-5.486367
-9.719835
-5.600455
-8.945008
-3.824769
-4.646315
-7.125158
-8.516340
-7.400824
-2.784094
-2.348081
-2.673860
-3.100984
-1.988805
-3.220257
-1.585300
-3.271533
-4.519531
-3.550815
-2.304219
-0.386305
-3.284667
0.915893
-2.503581
-1.963920
-0.177826
1.338274
0.004738
