1.564467
-1.981169
-0.319000
0.991366
-1.380451
2.307756
2.659097
2.123825
3.061825
3.993937
4.001770
2.946658
1.196934
3.034488
6.906722
3.222507
3.545672
4.294838
3.598475
8.346294
6.975114
6.966828
3.806829
6.168560
5.490585
7.859284
5.429263
6.260128
5.244519
8.377633
9.203206
8.749321
7.582372
8.402976
9.883707
8.600704
8.694296
6.897822
11.133878
8.930368
7.136487
7.062468
12.702525
10.658049
12.413837
12.484336
12.261316
10.278460
10.564557
9.389172
9.430637
11.787506
10.306328
7.001688
10.526544
8.866414
9.592958
10.605235
9.465511
11.821914
12.368119
9.526605
10.184828
8.284131
10.305107
7.298703
6.119147
8.200933
10.506044
7.570215
6.655595
4.727321
5.258590
7.929436
6.852256
5.824693
6.597970
5.837529
3.575579
8.221023
4.700926
4.625916
7.856533
4.141227
1.802036
2.977634
3.517045
2.639078
5.244211
5.865800
2.294784
0.588878
-0.708013
-0.577565
-1.287259
3.670895
-0.940236
-1.042020
-1.283099
1.639200
0.993717
1.399888
1.412872
-2.517576
0.038854
-2.414653
-1.270180
-3.312506
-3.713154
-1.007653
-2.638620
-0.812071
-2.250654
-3.571251
-7.338942
-7.383762
-3.782817
-3.551591
-3.895078
-3.975314
-9.035682
-7.480795
-8.357813
-6.971499
-8.019324
-10.009929
-10.320910
-8.395124
-10.526382
-10.171811
-11.131585
-5.898047
-5.992321
-8.100252
-9.684663
-11.782550
-9.452274
-11.766957
-10.784196
-9.077921
-11.874251
-8.687353
-9.000253
-8.825185
-7.345102
-6.983059
-10.218445
-11.158012
-9.693562
-12.278696
-12.255290
-10.307519
-9.976337
-11.725644
-11.618498
-10.870449
-12.617259
-10.731243
-6.666711
-8.797826
-9.817650
-6.956482
-8.881051
-6.680936
-11.055462
-10.444203
-11.040430
-9.061653
-5.804314
-9.141612
-10.428309
-5.803057
-8.791077
-4.828641
-7.366701
-7.127813
-6.062505
-8.080346
-3.628075
-7.297990
-7.161038
-2.898710
-6.105754
-3.033128
-6.685106
-3.801229
-2.918709
-6.096677
-4.624913
-2.308572
-2.880790
-4.861088
-1.405493
0.400099
-3.913703
-0.470989
-1.556181
-0.822175
0.518459
2.910150
