1.899492
-0.829061
-0.036255
2.178170
0.782792
-1.066420
0.057599
3.988397
1.660433
2.082454
1.988810
1.694464
2.099701
6.298350
4.791568
7.014867
4.563340
6.691287
7.939228
5.311474
3.453946
8.415127
4.503713
4.187576
8.391145
5.182125
6.709762
6.125108
6.147737
7.757803
10.503087
5.922810
9.711592
9.914272
7.935650
8.613182
12.027882
8.873685
9.282068
11.126361
9.096330
12.637796
8.115691
9.300915
9.634707
10.937437
11.992447
7.267935
12.478047
12.775228
7.062835
11.446479
7.544669
9.579723
7.332333
11.972502
11.870639
11.254515
11.673886
11.349188
11.048242
7.779349
8.666032
9.219793
9.073500
7.796452
6.980403
9.999758
7.207093
6.073062
10.556736
9.947884
9.055372
7.301774
9.392237
8.732258
6.616556
7.688410
6.696476
6.191258
6.580711
5.539732
5.550946
4.111964
2.895372
5.593690
6.374504
4.942215
1.281725
2.080788
2.173990
-0.147493
2.068721
1.018755
-0.453371
0.338736
-1.892660
-1.937653
-1.131659
-0.519713
-2.010943
-1.603010
1.010418
-0.111825
-4.255946
0.138039
-0.942669
-3.857575
-5.177425
-5.059496
-5.875568
-2.177194
-1.076078
-5.771338
-2.395603
-7.367037
-4.231033
-6.849060
-7.038830
-7.354307
-7.925493
-6.450578
-4.532457
-9.625264
-8.065242
-7.674027
-9.851546
-9.880848
-10.099065
-10.470884
-5.770552
-5.553321
-8.447804
-9.449441
-6.154201
-10.725133
-11.642038
-11.576517
-10.504060
-9.838893
-8.096035
-12.442566
-11.231542
-7.153417
-6.935876
-11.853392
-9.117461
-10.823817
-12.405038
-7.895809
-11.064410
-10.757725
-7.521466
-8.840010
-12.115790
-6.999549
-8.145821
-12.607305
-9.247154
-7.571445
-10.195034
-11.938656
-7.445809
-10.802487
-8.226944
-6.729233
-8.371017
-10.356535
-6.893126
-10.730475
-5.466121
-9.381093
-9.204546
-6.206444
-5.688411
-6.355103
-6.341176
-6.991444
-8.537601
-5.024771
-4.162886
-4.120928
-7.147467
-4.197678
-2.363566
-2.561271
-3.476723
-5.195558
-3.838514
-1.100525
-2.496260
-5.346480
-0.294155
-4.239235
-3.736313
-0.058309
-1.077802
-1.368692
1.596132
1.550902
