0.605321
-0.250892
3.811165
3.847244
-0.312706
-0.184254
3.512874
3.236011
5.009335
0.700938
4.115339
5.632294
6.592360
3.314225
4.321190
6.349755
3.448246
3.924135
6.754031
6.844638
7.672647
3.810700
5.426913
6.018218
5.764492
10.106657
4.731338
8.845859
4.948693
8.067675
7.451948
9.463089
8.400587
10.911485
7.037257
7.688718
11.684803
9.884107
8.978521
9.415920
8.725835
8.595699
10.063467
8.355947
11.084005
8.680042
8.007452
10.482738
7.569060
11.276183
9.695493
12.369977
8.435138
9.747725
9.170116
12.607287
6.873805
6.702021
8.348696
9.365623
9.873374
6.584670
6.918585
9.044083
6.200087
6.260316
8.999199
8.252987
10.136714
6.083505
9.954277
8.298284
8.564915
9.724865
5.178094
9.810885
4.396735
8.634422
8.725184
6.251904
2.887063
6.077678
2.696571
2.767464
6.078823
2.564854
1.021599
4.401269
4.301915
5.705906
3.915289
4.366171
3.746229
-0.872316
4.554559
1.732483
3.778193
0.340947
-1.516522
0.735101
-0.230767
-0.964367
-2.247450
1.199785
-2.277330
0.530933
-0.405472
-3.173297
-0.362388
-4.524431
-2.113058
-6.206550
-2.900362
-6.245493
-7.425769
-6.877482
-7.315979
-3.888214
-7.014907
-3.594759
-6.945174
-4.459336
-4.708869
-4.035549
-8.119558
-4.585297
-5.938498
-6.544972
-7.247700
-11.047809
-5.494773
-7.220443
-8.646957
-9.944189
-11.812503
-8.392745
-11.483068
-8.090336
-7.901939
-8.360285
-10.137425
-9.658965
-7.577082
-12.730989
-8.347665
-7.935759
-7.538164
-7.306758
-8.320963
-11.940509
-12.228515
-12.624665
-7.024401
-12.603531
-12.499320
-8.094438
-7.926943
-11.233613
-7.565240
-10.625258
-9.981823
-9.987842
-10.933436
-10.567137
-10.469326
-11.756435
-11.316222
-10.875488
-10.776832
-7.078903
-9.966275
-6.049214
-6.813164
-9.001852
-7.983366
-9.791724
-4.413558
-6.227916
-8.386215
-8.064141
-7.851410
-6.966388
-2.724606
-4.829046
-1.712471
-2.501598
-5.584698
-3.628817
-4.089072
-5.195124
-2.334904
-2.048313
-4.485440
-3.066907
-3.326509
-3.473072
-1.679528
2.066960
-3.104980
0.206167
