-2.021898
-1.823583
2.510628
-0.653907
3.524470
4.690490
0.316972
4.349895
2.321886
2.755425
1.984843
3.944488
4.560642
5.859282
5.516713
5.475358
5.620366
3.940725
6.388553
4.742491
4.433639
3.566564
6.595541
4.689845
9.951457
7.229224
6.157520
8.368267
6.889739
8.794844
9.994295
6.628508
6.309586
10.954684
10.682749
11.510774
11.981730
10.221341
9.610018
9.572590
12.088812
11.750165
9.596128
7.031836
12.583813
9.515215
11.152099
8.577508
9.821371
10.924978
8.239292
12.059141
8.346438
9.118107
9.473977
11.363853
9.610101
6.940241
9.109298
6.991714
6.658396
8.645223
8.596793
10.558457
10.783647
6.397512
7.103333
9.651563
7.619321
10.856616
10.148208
8.926410
7.508051
8.245925
6.146439
7.828733
6.399862
4.944635
7.410375
5.651151
5.194320
4.286631
4.222545
6.976380
3.165667
4.844095
3.288882
3.376712
6.369422
3.033031
1.929507
4.510935
2.535536
-0.443863
3.753780
-0.937375
1.926622
2.662637
-0.628859
2.880353
1.835461
-1.078005
0.107827
1.745143
-3.898222
-0.614163
-1.900841
-0.696535
-0.548201
-5.415345
-5.659638
-6.644234
-5.083414
-6.867988
-6.545836
-6.994492
-4.282207
-3.081468
-7.586500
-3.483478
-7.568386
-6.526392
-5.568539
-5.677381
-4.165363
-7.691349
-5.091243
-9.647893
-10.226832
-8.289911
-6.958382
-7.514174
-6.537383
-6.994783
-9.854804
-11.940211
-6.196037
-11.372715
-8.387485
-7.409419
-8.588484
-9.914868
-10.504817
-12.715554
-12.306359
-11.892472
-12.815068
-9.225247
-11.231340
-11.793136
-8.531108
-10.612423
-12.117812
-10.943728
-7.826464
-8.025162
-11.560082
-9.591291
-10.691586
-8.791162
-10.721664
-6.298231
-10.927539
-7.313137
-7.668441
-6.584871
-5.962102
-10.220301
-5.341923
-9.093872
-7.579129
-10.626496
-6.171031
-8.982578
-7.739727
-9.216395
-8.001070
-7.835696
-8.450957
-6.129557
-4.460323
-2.396050
-4.037563
-4.136781
-4.725865
-5.480245
-3.447675
-2.608574
-2.280398
-4.120858
-0.761382
-0.857496
-1.181578
-1.113247
-0.226461
-3.082131
2.004777
1.061668
0.861932
-2.954596
