1.939526
0.284807
1.094356
3.807766
2.233065
2.970219
3.185792
-0.210774
5.231541
1.939648
5.474662
5.087797
4.733527
1.728886
3.199510
3.279663
5.373279
2.480199
3.347104
8.468336
4.144829
8.205188
4.119171
9.299711
6.260197
4.466957
10.023636
7.449933
5.230399
9.809599
10.075453
7.224919
6.632851
8.796028
10.528818
7.536815
8.763321
8.405086
10.030094
8.419358
6.824527
7.437673
7.942544
12.455864
11.684054
9.815931
11.744961
7.486774
9.221345
12.602950
9.790126
7.620199
9.933114
12.150913
11.249448
9.525330
8.540579
10.001655
12.394235
8.050662
9.164164
7.815385
7.996500
6.172894
10.507221
9.221165
11.403808
9.611986
9.300833
5.172081
6.461942
7.552627
7.523512
5.408240
4.933116
5.697107
8.504668
4.864771
3.137001
5.174130
6.920394
2.361468
2.897286
7.143280
5.186902
4.217119
2.838016
6.593337
3.964578
1.406487
-0.123408
0.195047
1.950859
0.098728
0.363809
-1.650628
-1.567155
3.230228
-1.643310
1.793876
1.080010
0.071832
-1.596866
-1.827031
-2.513791
-4.698598
-3.867386
-0.478137
-5.467281
-3.043899
-1.688978
-0.842602
-6.201608
-5.577487
-7.223445
-5.424016
-5.010984
-2.478117
-2.631982
-2.964060
-3.474422
-8.128979
-7.268505
-5.875396
-8.111407
-6.213306
-6.190350
-8.459945
-10.651251
-9.175111
-9.839721
-8.520449
-8.541845
-11.167583
-6.406031
-10.312991
-11.792748
-7.661222
-7.278526
-11.775780
-11.724928
-10.137636
-10.908873
-7.313252
-7.776536
-10.301839
-9.633404
-11.723755
-11.612520
-7.927128
-12.715301
-8.042160
-7.256986
-8.565622
-10.892466
-11.359195
-7.448876
-11.597909
-9.586774
-8.028064
-12.175215
-8.983766
-6.776902
-11.401084
-6.121808
-7.358624
-11.447395
-6.573989
-5.488723
-10.508327
-8.833943
-4.867134
-4.839075
-6.106115
-10.065801
-6.992025
-8.121026
-7.690623
-6.409443
-8.232900
-3.580063
-3.941817
-7.644801
-4.464976
-1.666804
-5.892171
-1.128360
-3.732391
-0.731613
-3.816075
-0.889837
-5.013096
-3.798629
-3.828341
1.377631
1.257810
-1.565990
0.218503
-1.016589
-1.599914
