1.882284
0.777737
0.285116
2.733914
-0.878309
3.033461
2.922434
2.493920
2.747934
0.870158
2.618076
1.925694
6.625255
3.893610
5.275852
7.806639
2.561087
3.546931
4.101722
3.064698
8.272977
5.960147
4.668390
9.798746
5.661294
8.039552
6.918315
8.706852
9.352564
7.601313
5.958842
11.213782
6.450551
5.910487
6.432700
9.551158
9.874380
10.205824
8.418511
7.730865
11.089705
11.147664
9.426156
11.504391
9.281054
8.676561
9.096474
10.407996
9.749428
11.840810
8.060959
11.269393
7.790688
6.976380
7.163614
7.999893
12.284750
8.846709
9.864360
10.809216
8.384874
8.717316
9.628769
6.726063
6.727708
8.909489
7.083290
10.524012
5.934135
8.883014
5.574089
7.940737
8.205970
6.328650
9.726599
7.090765
7.784462
4.951148
3.492755
6.975396
7.062278
3.416041
7.697437
3.473147
6.776801
2.394129
4.823409
0.966576
1.420704
5.214301
0.777070
1.769538
1.239013
2.332539
3.456415
3.403736
1.993994
-0.568320
-0.882500
-2.411987
-1.197895
-2.564545
1.100179
-3.238604
-2.676185
0.590584
0.505836
-1.741059
-2.024458
-5.715880
-3.634687
-3.165997
-2.144823
-3.658935
-5.407634
-7.006406
-6.498297
-3.463074
-4.124071
-6.448908
-5.626188
-4.340817
-6.709036
-6.363190
-6.973233
-7.480744
-4.942927
-6.027446
-9.832393
-9.549999
-6.080883
-10.327594
-7.593817
-10.252046
-10.909061
-11.412628
-10.420602
-6.613016
-7.724211
-8.945730
-10.948104
-10.392128
-12.412937
-8.005155
-9.112714
-9.856344
-9.866162
-9.033859
-11.608991
-10.390684
-7.633509
-7.658903
-8.032227
-9.490465
-12.197982
-11.794282
-10.383725
-8.947421
-10.204844
-10.692891
-11.664910
-7.816942
-8.947148
-9.403216
-6.545419
-10.724197
-7.263909
-6.478281
-6.406034
-10.595269
-10.025182
-5.507711
-4.923311
-6.139174
-4.355936
-6.362391
-6.460607
-3.900296
-4.788016
-7.376781
-8.256629
-6.201670
-5.951340
-6.991867
-4.871970
-6.177978
-2.341033
-4.945224
-5.672612
-1.404380
-2.375313
-3.854338
-1.330527
0.021885
-2.826758
-0.155735
-1.364752
1.602675
1.694084
-2.550936
