1.791859
-1.789258
0.757289
-1.419135
3.539682
4.618031
3.245837
-0.062188
3.676763
3.850582
0.872345
4.602182
5.296260
2.279132
1.812790
2.608051
6.300252
8.088002
7.517565
4.637863
7.529984
9.084367
7.113559
4.474562
7.455397
5.611883
9.991670
9.264326
8.709717
5.294256
6.155412
9.471095
6.170730
10.869221
10.751660
9.517286
11.175660
10.183352
6.484739
9.753014
6.943691
10.674749
7.232389
10.635403
10.549803
7.607922
10.053482
7.260536
7.868683
10.140863
11.758889
8.087584
11.122974
8.233881
9.221248
7.759264
11.607818
8.612040
10.904921
10.914935
10.613302
11.652508
10.614415
11.049350
11.344386
6.042911
9.318948
5.772797
6.938966
8.424777
5.863793
7.260100
4.980130
4.821279
9.527096
8.742299
8.424424
3.541658
6.209919
8.172419
5.472011
4.703464
3.481179
3.789306
5.116943
1.271500
5.293994
2.348856
2.762914
1.655894
2.416637
0.566655
0.487411
4.356006
-1.415442
-0.098800
-1.327525
-0.072308
3.016227
-2.423214
1.257361
-2.445697
-3.356919
-0.911638
-2.862914
0.687615
-3.954940
-4.972803
-3.200161
-0.202007
-0.846329
-5.864606
-6.893942
-7.065937
-3.801867
-2.756009
-5.265824
-6.737099
-5.731728
-4.386612
-4.926109
-6.591258
-8.264994
-4.690046
-6.848214
-5.792087
-8.003969
-4.927199
-8.148473
-7.236575
-10.654169
-10.351252
-8.855780
-8.384854
-9.534545
-9.341481
-7.380968
-8.855732
-12.320048
-8.629304
-8.936606
-11.940837
-8.204232
-8.886461
-11.654952
-10.328429
-8.020055
-11.888788
-11.578676
-12.144806
-9.819800
-8.186321
-11.516670
-9.420360
-7.165381
-9.279522
-6.827265
-11.803997
-6.871043
-12.301285
-10.861714
-7.311422
-6.804477
-6.163114
-9.296044
-6.615467
-10.908988
-5.798455
-10.018588
-10.912097
-5.480726
-8.378019
-5.810063
-4.396156
-7.882450
-8.326316
-7.253445
-3.758050
-6.846329
-5.392535
-7.550690
-7.731951
-7.489839
-6.203721
-4.049217
-1.286542
-5.895226
-6.423667
-4.898600
-3.457350
-0.794646
-3.647147
-2.213318
-2.273501
0.308842
-2.737391
1.267987
-0.357164
-0.743869
2.789502
