-0.943733
-1.429216
0.614462
3.161616
0.562831
1.361607
2.031883
2.752943
1.966139
2.071868
1.411365
1.501327
6.071434
1.814892
5.777393
3.918828
6.393922
6.226935
8.026644
5.280418
4.303412
5.169142
6.476812
4.541642
9.594690
6.809687
8.777558
4.811729
10.765665
9.795547
7.824837
11.350735
6.358460
8.474150
8.674799
10.897603
10.115341
6.702425
11.581662
12.454762
9.039263
7.114333
7.441178
7.927635
7.693270
7.250520
11.571119
10.969174
8.633573
11.782110
11.434564
7.725610
9.744918
8.518392
12.451882
10.111379
8.223353
10.417068
9.032475
10.546630
9.448997
11.621131
10.523297
7.667119
6.538227
10.226171
8.431530
7.806582
6.861293
9.024407
8.545241
6.842895
5.090124
5.738989
7.963871
6.813599
8.304916
7.033175
6.635274
3.482125
4.991018
7.132168
7.243625
7.209966
2.247467
5.564715
4.762836
3.483073
0.756713
4.086281
3.278455
4.953829
0.326550
2.211517
0.097740
4.145317
-0.529668
2.508747
-1.043435
-2.434244
-3.255814
-1.078605
-1.550266
1.436392
-3.042329
-1.086370
-3.520022
0.447501
-5.346010
-0.348018
-2.866641
-6.275128
-6.956173
-3.532327
-3.689122
-3.532817
-6.607410
-3.724125
-3.150295
-8.043653
-3.993971
-7.973359
-7.958832
-5.917080
-5.412233
-9.642098
-5.856569
-10.242470
-9.145224
-10.359525
-5.405930
-8.053853
-6.257259
-8.879709
-10.724269
-7.157999
-8.332351
-9.850814
-11.687009
-8.144835
-8.259725
-10.595514
-7.778256
-7.469496
-10.601097
-10.710595
-9.164322
-7.124413
-10.235277
-11.744893
-7.713610
-8.741666
-10.853268
-9.023331
-11.691293
-9.780904
-12.014959
-10.191614
-11.652513
-12.038755
-11.098756
-10.267946
-9.503219
-7.512465
-6.614137
-5.871075
-8.802336
-6.381177
-9.008875
-8.659071
-8.832281
-5.434348
-9.438357
-5.530132
-9.513266
-8.829722
-7.303526
-6.791383
-7.540939
-8.356807
-6.294496
-6.184594
-7.637528
-5.655757
-6.736689
-2.160570
-3.881795
-1.529827
-1.970752
-3.995641
-5.377311
-0.879571
-1.596201
-1.120215
-1.155925
-2.193530
0.930579
1.850205
1.120670
2.507390
