-1.989559
0.506656
0.389824
3.979743
2.181713
3.324334
3.458010
5.222284
2.499332
3.208902
0.680270
3.994718
3.205056
7.063662
4.783510
3.962331
6.437747
5.205573
7.988929
2.973610
8.216489
4.971928
7.331794
6.561905
9.498815
6.105611
7.199723
8.634150
5.785352
7.523602
6.198021
6.230736
9.428332
10.976476
10.164701
6.175179
9.956258
12.104286
9.392537
9.336013
10.306114
9.165628
12.159569
12.424304
11.903988
9.765984
12.063258
11.276518
8.200876
9.181788
10.422995
11.003540
11.027059
7.631340
8.911514
10.144682
9.701227
10.833533
12.537040
12.293656
11.456744
11.620970
10.273661
6.102317
6.154623
9.109931
10.592702
6.567834
7.660658
6.321767
5.408163
8.028971
5.586026
6.515620
5.325529
4.424187
6.951695
3.472041
6.633934
4.817937
6.610948
8.047006
4.305065
3.900993
5.065511
4.188180
3.700754
1.603988
0.594760
0.606366
3.339983
0.126138
2.471958
2.943245
3.123414
0.486561
-1.399979
-0.783005
0.013133
2.089257
-2.348765
0.825836
-3.612605
-2.515858
0.727928
0.660133
0.160006
-2.271665
-5.352429
-2.624154
-6.135532
-5.211655
-3.648593
-4.193647
-1.726093
-6.545556
-4.389975
-6.678335
-2.786577
-6.189646
-3.425532
-8.378521
-8.410218
-5.866294
-4.519043
-8.947419
-8.093336
-9.425719
-7.541858
-7.039490
-7.116066
-7.542781
-11.542276
-11.175738
-8.298196
-9.810436
-8.145633
-10.273881
-12.365180
-10.828804
-9.714604
-12.679508
-9.729782
-11.481084
-7.876714
-11.057447
-12.068473
-8.534290
-10.834472
-12.481899
-8.974687
-8.300280
-11.540502
-7.545639
-10.144819
-9.980774
-7.991181
-6.974202
-12.437022
-7.588971
-8.538679
-9.551711
-12.027027
-9.506166
-9.173308
-10.734819
-11.013334
-5.871315
-8.910633
-7.992578
-6.030116
-10.070731
-6.854263
-9.197367
-9.650697
-4.997152
-6.486494
-7.710520
-3.299531
-7.745564
-4.254179
-6.202006
-2.215994
-5.631223
-5.615267
-4.146518
-4.722571
-2.168006
-3.324773
-5.638970
-4.756323
-1.044497
-0.941109
-0.602553
1.381077
-3.777583
-2.421893
-1.026551
1.092615
0.117451
