3.053376
-0.630579
-0.645798
1.208692
-0.299884
4.414128
-0.607738
0.906020
1.591532
3.615556
5.223468
3.200936
2.017050
6.479270
6.822122
3.035826
7.775288
7.912244
5.134136
4.414373
4.397510
4.069065
7.746652
5.198333
9.547103
6.254605
6.743544
10.139361
9.955428
8.733113
10.560350
9.499303
8.889161
9.634064
7.344610
8.670888
6.217198
7.292436
11.185066
7.849536
11.547309
8.513691
11.141342
6.862994
9.152859
12.762243
10.714383
8.104261
9.139159
10.181288
7.809255
11.299808
6.961754
7.452029
8.613818
8.295366
9.895437
11.243658
10.398353
12.411178
8.801033
10.220032
10.308117
9.028216
7.914204
9.722704
10.498193
7.265990
10.107360
5.994537
7.168369
5.250654
7.709112
4.940325
6.468881
3.872931
9.210898
6.186061
8.750237
4.918329
5.346251
7.931153
5.264520
4.245982
2.942600
7.236653
6.448480
1.735386
3.783337
0.259249
1.408893
-0.148913
2.407725
3.690018
4.164474
2.929517
0.703224
-1.748107
-0.764441
1.896253
-2.247510
-0.899586
1.890911
-4.235384
-2.950381
-2.914190
-0.059003
-3.079193
-3.124778
-3.465685
-5.628701
-4.693264
-1.288055
-5.732131
-6.587389
-2.652447
-2.361456
-4.143784
-3.872158
-5.834562
-5.184289
-6.090258
-5.324997
-8.899524
-6.342913
-8.805137
-10.476769
-6.427563
-10.073517
-9.466593
-11.152668
-10.424652
-10.472885
-8.989052
-11.859841
-9.291016
-10.086126
-12.203763
-8.332398
-9.789258
-8.484934
-6.942886
-9.991070
-11.401214
-11.681556
-10.717352
-9.900396
-9.757424
-8.423388
-7.665832
-8.912991
-10.145273
-12.683977
-12.530921
-6.967333
-12.099472
-10.586092
-9.836464
-10.084691
-9.395485
-8.302052
-6.756627
-8.441556
-6.078166
-7.065308
-9.992860
-7.620387
-5.813392
-10.364806
-9.037561
-8.223676
-10.446399
-6.030680
-5.399857
-9.111011
-5.372731
-7.831473
-4.051505
-6.468176
-6.733704
-3.975311
-6.805251
-5.532619
-7.134733
-5.318490
-5.126652
-2.149359
-4.587254
-1.024813
-6.056898
-0.222135
-2.767049
-0.284899
-4.343730
0.530242
1.529158
-1.507156
0.184094
-1.733914
1.924661
