-1.847300
2.722210
0.663742
0.562416
1.607993
3.488536
2.664490
1.143308
5.532150
4.794996
5.478552
4.366347
2.847528
5.355077
2.100563
6.377676
6.474121
5.080599
3.122632
5.223505
8.474403
7.026022
6.808607
5.219787
9.266682
7.848657
9.993237
6.302109
7.689668
8.923748
8.300576
10.523235
5.871062
9.068163
9.164372
7.595303
8.814824
9.002293
12.003491
10.349019
11.763660
8.463763
6.834798
10.592706
11.525885
10.017094
7.751006
7.982722
10.992989
10.081460
10.155224
12.196850
12.715726
10.757026
11.764355
12.231979
11.542767
10.452419
7.576064
10.796697
9.875637
8.370334
8.553010
8.534489
8.515265
8.420450
11.242317
8.635470
9.514764
5.149640
10.689980
8.481648
8.388866
5.763742
6.860189
5.382462
7.599098
5.227224
3.394353
3.045775
4.112327
4.699344
7.244604
7.183630
2.930967
5.522248
1.466423
4.385757
4.801346
0.525114
2.796759
1.348809
0.727005
4.074285
-0.334428
3.177426
0.640440
-2.089850
1.814914
1.547347
1.859271
1.985924
-3.468083
1.356184
-2.408838
-0.457146
-2.144918
-4.052462
-2.962997
-1.907545
-1.021365
-2.770009
-5.310067
-6.561379
-3.749946
-4.776175
-3.049676
-4.452513
-6.231370
-3.193511
-8.278723
-7.363660
-4.207902
-8.543376
-6.261503
-9.839635
-5.726403
-6.547058
-9.449806
-6.380083
-7.028265
-9.611737
-5.867253
-7.335364
-8.826974
-11.487696
-10.882074
-9.940470
-7.244484
-11.903096
-7.134334
-7.160635
-10.237143
-8.519771
-8.029684
-9.341255
-12.127384
-11.582115
-7.884623
-8.490862
-12.060749
-9.319726
-11.358291
-7.394708
-9.025292
-9.505815
-7.697983
-10.867576
-8.727419
-6.593837
-8.385232
-9.613371
-9.565124
-6.164300
-9.730495
-10.796297
-11.471341
-5.720361
-7.990702
-9.880131
-7.156960
-6.507461
-4.600299
-9.181078
-5.031515
-9.228249
-5.069185
-5.314033
-7.486457
-8.053228
-6.704313
-4.743831
-4.660177
-6.850940
-5.621878
-6.924821
-1.653289
-4.939948
-2.010161
-2.022838
-2.940655
-0.310732
-3.036787
-2.448203
0.235842
1.024678
-0.421220
-1.691243
-2.186633
1.427502
