3.019705
-0.960809
1.900009
2.549750
-0.817695
1.162005
4.381803
2.092092
4.744790
5.846888
4.930814
6.287607
2.966099
3.044168
3.212995
4.866900
5.121207
4.434022
2.983770
8.358512
6.636636
8.575262
7.928027
7.767118
7.355021
6.059971
4.607505
5.727483
7.267917
7.294773
10.198930
5.500804
11.210654
11.375518
11.087632
7.805720
11.342536
6.881546
9.603346
12.100855
10.456252
11.909371
10.764921
12.678231
9.740974
9.716355
7.793064
8.357871
10.687538
9.739637
10.007910
7.975894
8.614209
10.088818
10.766363
12.265750
8.641605
11.026713
6.829089
8.923094
7.009399
9.259194
8.927453
6.858432
6.547685
7.218196
6.867850
11.049368
10.887771
7.501266
5.096732
6.274071
5.032155
5.223411
4.928832
5.154036
9.547057
7.602117
4.791243
4.062874
8.394806
3.812989
3.234916
2.247879
2.420929
1.632715
3.257465
4.003875
3.777315
4.357739
1.106374
3.098364
0.471284
1.013233
4.101961
3.718391
1.382683
-2.244263
-1.640987
2.606246
2.155998
2.273398
1.956918
-1.319795
0.724002
0.528604
-0.395688
-4.270953
-1.664776
-4.840454
-2.217725
-1.499772
-2.929877
-6.912505
-2.479130
-6.078114
-7.158319
-6.252646
-5.659270
-6.987341
-4.331336
-8.556617
-4.855369
-5.322017
-9.685788
-9.639583
-7.606946
-7.833330
-6.043247
-10.374707
-5.561883
-6.548826
-8.643192
-7.844561
-8.053146
-9.143997
-7.454581
-9.508829
-11.715851
-10.128364
-9.707443
-11.668525
-9.175942
-9.652475
-8.088649
-12.636933
-12.540365
-9.963796
-11.470347
-7.518390
-10.051375
-8.656557
-10.356858
-11.926100
-9.765746
-9.146346
-7.907202
-11.914314
-10.126030
-9.082265
-12.033637
-11.887882
-11.401008
-8.051525
-8.135181
-6.494383
-7.823940
-11.292865
-11.150249
-5.989901
-9.876994
-7.472321
-6.891492
-5.571163
-5.001173
-9.243455
-4.099022
-6.173936
-3.559721
-4.807039
-6.572409
-5.252889
-6.275980
-4.379475
-3.937691
-5.402702
-2.866638
-6.084703
-3.376149
-1.441612
-3.151171
-5.467643
0.624160
0.603708
-1.661476
-0.526377
-0.704051
-1.627067
1.528533
-1.768603
