-2.238360
-0.149408
1.575960
0.223406
1.740945
4.547480
2.802340
4.706726
0.953383
5.740230
3.395703
2.918829
4.858611
4.503125
4.703982
5.888339
3.451469
7.717951
2.638123
4.844587
4.712844
5.697074
9.460765
7.993124
5.783920
9.909433
9.773767
6.521938
5.478851
5.832600
10.642029
7.631641
9.949722
8.853449
11.708181
7.671229
6.851611
10.101831
7.535046
10.210054
11.030550
8.029326
10.001856
10.408860
9.201010
7.794183
11.870079
7.468075
7.426079
11.617280
10.943367
7.230771
8.370137
10.051146
8.526005
10.662227
10.254031
9.929810
10.622390
7.955935
9.805320
7.262668
7.389848
9.229497
11.900546
11.361435
5.850818
7.016312
10.596145
7.894005
9.239224
7.005484
6.250650
7.883533
4.805982
5.733789
7.442093
8.329977
8.630327
3.617574
7.945541
5.617869
5.780031
4.716890
1.887274
1.939275
6.163127
5.142794
4.746793
0.562289
2.033204
0.881278
2.297183
-1.057810
4.369124
0.960765
-1.018985
-1.477527
-1.308662
1.052521
2.351890
-0.978723
-3.887302
-0.840306
-0.188724
1.084591
-4.219768
-1.275698
-5.232582
-1.949247
-3.113915
-5.915371
-4.576028
-2.943573
-6.773265
-4.655389
-2.565417
-8.071955
-3.824677
-8.158598
-6.003772
-4.805909
-6.037403
-7.616348
-6.414694
-8.937160
-7.508357
-9.965756
-8.019561
-5.502702
-8.082354
-6.932469
-6.099085
-9.778391
-8.832373
-9.424421
-10.405156
-11.899369
-12.156145
-9.520410
-10.926122
-10.314875
-7.323817
-6.940994
-7.201455
-9.916035
-12.668269
-9.381142
-10.506193
-7.819284
-11.582287
-8.460976
-7.251398
-9.234380
-11.332418
-8.635130
-11.725530
-11.767619
-7.120775
-9.374977
-10.678151
-11.573611
-11.787628
-7.609679
-6.774361
-7.020820
-7.138751
-9.509099
-9.982996
-8.637179
-10.042074
-6.887276
-9.029114
-7.428716
-4.893406
-5.741473
-8.179782
-8.142107
-3.750193
-4.096937
-3.338874
-6.141104
-3.145645
-7.112118
-4.113604
-2.210374
-6.410467
-5.652243
-2.175919
-4.664827
-5.534962
-3.167147
-2.645005
0.925654
-2.790382
-1.474485
1.781481
-2.770394
1.484340
2.208322
