-0.716890
1.593584
-0.224152
3.113412
2.880788
4.710152
4.561313
5.142287
5.586703
1.217036
3.706285
5.842159
3.987652
5.742529
4.049374
6.216945
7.896616
6.910100
3.718499
4.771453
5.515375
5.166603
6.961416
4.169003
7.575049
5.321590
4.965006
5.758969
7.000189
8.107363
5.864488
6.903979
8.310922
11.310639
7.645908
11.960056
8.747984
7.727949
9.218271
11.545886
9.393415
9.208357
12.206536
10.314422
7.493259
10.230028
12.406770
11.015914
7.044371
10.363034
9.332235
7.455967
9.586273
11.498318
8.250942
12.247460
7.696618
11.514745
12.126317
9.219551
11.217881
9.518603
6.764674
6.891090
9.012789
6.180970
8.700357
7.280430
8.719077
7.082814
5.225309
4.705780
6.996415
8.956774
7.903073
4.355566
8.153185
4.223082
5.619972
4.442593
6.620832
4.505229
2.835819
6.595000
7.522295
6.113519
2.778319
3.883739
1.745982
5.947030
5.764725
4.535048
0.540741
4.304848
0.614974
-0.366212
2.949571
2.624739
-1.565510
-0.218276
2.107169
-3.297306
-1.037263
-1.937228
0.902192
1.026170
-1.333231
-3.617836
-4.066879
-5.430995
-1.763319
-4.121527
-2.262714
-6.669149
-2.811213
-5.288164
-5.926995
-7.230457
-7.654314
-6.832036
-7.651675
-5.429387
-8.166390
-4.826571
-8.848863
-7.295396
-5.470650
-6.510636
-5.502106
-9.388393
-5.554077
-8.155854
-9.634839
-10.657887
-10.674224
-6.103914
-9.841862
-6.993610
-9.098718
-12.338846
-8.851111
-7.918909
-11.923286
-11.314072
-12.796993
-11.626366
-10.335864
-8.489870
-7.727564
-9.622484
-8.620331
-8.431116
-12.829066
-9.046570
-11.214570
-8.059330
-8.065697
-9.712934
-10.645317
-9.562872
-7.404664
-10.789290
-7.294376
-9.776489
-6.628259
-5.865881
-6.158030
-9.213996
-7.875492
-6.742692
-6.184612
-9.101551
-8.951175
-6.081065
-9.415784
-7.931086
-5.849890
-7.415654
-4.409352
-8.404530
-4.152463
-7.519940
-5.224122
-7.396867
-3.968206
-3.131048
-1.325815
-1.247788
-2.183987
-5.515827
-0.962814
-5.411833
-3.618559
-3.107699
-2.775618
0.732275
-0.618905
-0.805826
-0.388283
-1.378156
