2.282073
-1.363633
-0.891072
1.717544
2.928747
1.907243
3.704093
2.359246
3.815904
4.711004
2.141073
0.958081
6.070468
6.439528
5.903439
7.148047
7.909121
6.692922
7.374828
3.680089
5.241627
5.942629
8.801360
9.217902
4.956815
8.860763
10.197338
4.787996
7.050407
9.881064
7.552209
9.254653
8.633577
7.159174
6.878670
7.609862
8.276236
7.664733
11.186348
12.442457
9.859564
9.767028
11.439272
9.271303
8.032801
9.731332
7.666451
11.207332
9.093880
7.134545
12.983347
9.052699
9.023170
10.132840
11.972188
7.250558
9.437983
9.463431
7.500868
11.738356
11.595798
10.651847
12.162764
11.597345
9.054796
8.025966
5.968818
10.598905
5.537744
10.818450
7.745445
5.018284
6.235048
7.770537
5.348981
8.467182
7.807981
5.613239
4.041811
4.355841
6.012671
2.453648
4.542288
3.295097
2.603945
1.427203
1.201629
0.749020
4.064557
4.352114
1.219826
-0.475524
1.111087
2.053412
3.038105
1.176763
0.986838
-1.157352
0.026224
1.069556
-2.696149
0.972678
1.902550
-1.168005
-4.188438
0.694460
-3.709395
-5.242186
-0.968267
-3.502376
-4.311134
-4.467479
-4.055697
-5.176615
-1.544980
-5.772737
-2.545135
-3.775860
-2.942587
-5.364081
-3.821567
-9.327995
-5.063537
-9.704669
-5.438607
-6.058400
-5.313287
-8.340910
-7.024434
-8.495787
-7.268161
-6.435327
-11.098128
-11.079875
-8.714780
-6.761225
-8.737851
-8.507171
-6.515670
-11.439328
-9.774802
-8.610233
-9.319503
-10.678816
-7.510316
-9.151999
-11.387582
-11.837602
-9.807976
-12.674270
-9.031313
-10.417143
-12.525239
-7.816124
-9.044301
-11.894275
-8.288336
-10.281957
-12.204914
-6.906289
-11.734241
-9.025330
-8.256482
-8.304649
-7.098435
-7.545679
-10.165922
-10.041871
-9.120858
-5.745177
-8.648847
-10.614711
-10.405575
-9.973799
-4.948082
-7.472396
-7.835287
-8.725893
-7.340941
-4.612867
-7.109664
-3.430696
-3.728250
-2.395480
-5.415285
-6.699886
-2.113807
-4.649689
-6.159187
-3.787228
-2.845193
-1.219980
-0.646537
-0.688917
-1.108464
-2.987722
1.876967
-0.902800
-0.350653
2.298978
