2.412939
2.379434
2.201678
3.797580
0.471203
2.760542
4.949522
5.203964
1.299636
1.390480
3.503818
4.290250
3.287441
2.692680
5.201458
1.900284
3.253901
2.882662
7.113705
8.625487
8.988279
6.703159
5.441445
7.054819
4.844179
7.302779
6.147223
5.793351
10.615222
9.786526
6.705667
10.311660
9.786920
7.940926
9.016826
6.524233
11.433164
7.012509
11.961851
8.785055
7.188795
7.047884
8.588466
12.678252
9.322891
7.725581
10.373175
9.866934
10.666858
8.403490
7.584979
9.144943
7.387039
7.299842
8.316554
12.006147
10.590023
11.971667
11.212726
7.082877
11.144564
8.473670
8.823791
6.309250
6.896489
9.011435
9.349179
8.919948
9.205617
9.131771
4.950419
8.059751
4.716769
8.894645
5.822532
5.956398
8.329828
7.022489
4.895876
8.577503
2.901339
5.545220
6.521637
6.971529
5.041055
5.105598
1.305573
2.699109
1.148114
4.473365
4.237105
2.994329
-0.793134
-0.909853
1.747003
0.003739
2.101572
2.735553
2.422397
-1.243574
-0.162680
-3.159692
0.412192
1.661060
-4.301490
-2.549245
-3.898059
-0.180064
-4.206272
-1.119349
-1.323518
-4.870692
-4.859659
-6.722212
-3.415017
-5.983389
-7.017809
-8.208029
-7.843187
-3.128599
-8.017079
-8.701899
-5.029954
-7.410348
-6.892220
-7.802942
-10.320456
-10.628963
-9.488241
-5.175318
-7.303743
-10.461777
-9.691982
-9.172170
-8.585823
-6.780125
-8.637960
-9.513712
-9.179791
-9.053010
-8.898286
-11.430400
-9.010057
-9.165265
-9.764742
-9.193621
-11.445097
-8.136936
-11.139524
-8.952165
-7.322114
-11.526047
-8.716763
-12.726586
-12.370236
-8.497194
-11.754431
-9.818943
-12.233637
-10.343613
-6.893481
-7.186729
-8.904425
-11.650185
-11.174937
-11.484500
-9.912148
-8.639081
-10.301936
-9.261584
-6.961825
-6.101682
-4.557320
-7.563843
-8.980393
-4.278761
-7.682483
-6.400872
-8.138324
-7.894550
-7.989449
-5.535140
-3.965469
-6.670797
-5.790177
-5.774752
-2.329912
-1.643485
-4.311914
-0.291432
-1.456137
0.186618
-1.797704
-0.870348
0.181237
-1.163512
-1.305116
-0.147287
-1.352359
-0.648070
