2.970587
1.656349
-1.199599
3.213831
1.759663
3.715499
0.066141
1.574310
1.695580
2.651070
0.623832
3.565953
5.913056
5.774520
6.241770
6.265259
7.479490
3.798943
6.130562
8.517312
6.655893
7.515961
7.289814
5.831726
8.293471
7.638496
8.049655
8.983259
8.025071
6.525169
7.917437
6.946524
7.219365
8.297991
8.194921
6.717769
6.789117
8.438058
9.942206
12.183814
11.420272
10.519473
7.869475
10.053238
12.772170
10.044374
11.681028
8.645286
8.793434
11.925274
11.960216
10.713553
10.057824
10.551405
9.552365
7.333275
8.886689
7.960246
9.264446
10.622869
9.865438
8.179478
6.842520
9.769206
7.843977
10.472741
7.654226
10.344097
5.568678
8.571476
7.362642
9.964536
9.163780
7.999999
9.493850
6.613529
6.804668
9.152890
8.709268
7.635245
2.891348
6.428966
6.831565
6.806228
3.229715
6.115929
3.059297
6.054142
1.165071
4.812305
4.401968
0.994681
-0.051864
1.201945
3.130371
2.976100
1.471604
-1.081591
1.269464
1.032656
-2.307613
-0.495033
-3.897918
1.680453
-1.470886
-1.092689
-0.316359
-4.034909
-2.358484
-2.084658
-4.165986
-3.439435
-5.168471
-6.285247
-7.493861
-2.607523
-4.546228
-7.019492
-6.001619
-6.854805
-3.917827
-4.707998
-5.258827
-7.210564
-6.381821
-10.060556
-4.713752
-4.981861
-5.116115
-8.129932
-10.915677
-11.102690
-7.529218
-7.899258
-11.582912
-10.308539
-11.442661
-6.948971
-10.454269
-6.897577
-11.101364
-8.452452
-6.826595
-7.177636
-7.908129
-10.843921
-10.653398
-8.578809
-11.641087
-11.854308
-10.360719
-12.830297
-10.957070
-10.675236
-12.260542
-9.189663
-9.751392
-12.208708
-7.605671
-10.940359
-11.988236
-6.384945
-7.959601
-11.784733
-6.287781
-9.978466
-5.997985
-10.124255
-7.034478
-8.186471
-5.585751
-6.141997
-4.913755
-10.102393
-8.144504
-6.494721
-7.785079
-8.739999
-8.099591
-8.446628
-3.657095
-3.258508
-7.288303
-2.477248
-4.948596
-7.148385
-1.103961
-1.626157
-0.668905
-3.221642
-0.516786
0.080288
-1.467915
0.777195
-2.024596
0.991516
0.390512
-0.149289
0.831562
0.669051
