-1.334716
1.459603
2.587145
0.670299
1.120593
2.774914
-0.267140
4.163001
5.719623
3.210652
0.644354
2.684707
5.032698
2.091753
2.420390
5.704544
5.362740
8.048167
2.830123
7.482592
8.432550
8.256143
8.189642
5.430766
6.186505
9.666630
6.081762
9.598087
7.952855
6.931620
10.048955
9.486671
10.552484
8.917113
11.521788
10.389161
8.843204
6.547118
10.918306
8.399059
8.603409
8.200340
8.575606
9.886290
11.264730
12.324125
11.458866
7.432891
10.993969
12.033986
7.099367
10.075163
10.752701
11.290859
7.644518
12.256827
10.700270
11.952009
8.956329
11.403512
7.470529
10.352253
9.723342
6.915868
8.614861
7.474054
8.333138
11.233652
6.353150
10.411410
10.305226
6.733061
10.050471
10.177492
6.452758
9.825311
6.620552
7.334369
3.137682
4.271545
4.720278
7.855139
5.963792
7.379398
2.812082
4.957138
6.524699
1.195527
4.776759
3.002234
2.579024
2.187573
-0.495824
3.846564
4.255483
1.995484
3.850926
1.985617
0.866297
-1.611934
-1.885239
2.227246
-1.771664
-3.034981
-1.902317
-2.935479
-0.898223
-3.714895
-3.361997
-2.360991
-2.090474
-5.242815
-1.143818
-3.810675
-2.108588
-3.947085
-3.333359
-5.781887
-8.154065
-5.906595
-3.402929
-7.185947
-7.225678
-5.627733
-9.098755
-5.593561
-8.875672
-5.049632
-8.509266
-9.784833
-6.528663
-10.933128
-7.408901
-6.488118
-9.026073
-10.860360
-6.240543
-12.023547
-7.011916
-7.662739
-8.328288
-10.749450
-8.942632
-8.785858
-9.098515
-10.886378
-9.373540
-12.742496
-9.805850
-10.708394
-10.597024
-12.399912
-12.710558
-10.549059
-10.302058
-7.737145
-10.501990
-10.788182
-10.176098
-8.405253
-9.692299
-8.313744
-9.374867
-6.157241
-10.706658
-10.996517
-11.398806
-5.536551
-6.511396
-7.413587
-7.701241
-9.054808
-5.956387
-8.268747
-8.555054
-9.041748
-8.572194
-3.455342
-6.022960
-5.797154
-7.638356
-5.735782
-7.898864
-7.683486
-7.205465
-5.819814
-1.366077
-3.090819
-3.265069
-3.550607
-4.437517
-1.138873
0.351684
-1.284657
-1.689886
-0.657927
0.936947
1.545270
1.008948
-2.514843
