0.282904
2.388646
1.281912
2.512730
1.428235
1.378261
-0.575982
-0.480309
0.066504
4.321733
4.785273
6.606819
5.645354
4.795082
6.293697
3.112073
6.885592
3.607624
5.896957
6.377971
4.146388
7.799945
6.237812
4.079963
6.059249
6.715025
8.217755
8.737663
9.545498
10.339980
6.482848
5.881816
8.346978
8.510932
7.838708
9.655792
10.073534
10.167262
11.049601
9.331994
7.063195
9.836327
12.742171
12.493263
12.735258
10.934891
12.122822
8.231164
10.348616
8.276604
12.511987
7.039126
9.257236
7.996044
8.053785
11.291671
9.751597
9.025680
8.765656
11.696888
10.237145
10.537747
6.252236
10.736442
6.467208
6.851684
6.853684
6.692324
10.485673
6.905378
5.145490
7.818742
6.522520
8.210685
9.326974
6.873214
8.948182
5.824860
6.403455
3.184744
6.982919
7.983800
3.842207
3.626324
6.328414
6.599724
5.864880
6.376223
1.345752
2.991576
-0.172513
2.531677
1.225451
0.072896
3.674992
3.194098
-1.498751
0.547395
0.597363
2.190754
-0.852836
0.156180
-0.611125
0.732813
-1.408897
-3.948957
-1.380043
-5.001454
-1.255070
-0.339144
-1.960287
-2.840437
-2.691536
-5.090321
-5.242508
-3.300199
-6.500029
-5.601469
-2.933902
-4.761560
-5.766392
-4.815101
-6.313965
-7.878149
-4.764920
-4.630837
-6.155052
-10.142268
-10.174331
-10.318597
-8.191952
-5.774602
-10.533996
-10.644698
-9.457735
-10.271880
-8.232371
-9.606737
-10.396356
-9.613925
-11.537416
-7.394185
-12.480490
-10.528631
-8.387412
-7.396096
-12.367296
-12.094311
-11.752922
-12.270460
-10.571359
-10.430256
-8.518885
-7.265625
-9.484298
-8.305703
-9.287602
-11.715868
-8.583997
-9.959510
-11.934776
-7.379407
-10.880143
-11.174829
-6.729281
-11.607007
-9.106053
-8.879256
-7.954891
-6.963733
-6.035428
-7.604513
-10.257123
-9.135784
-4.453749
-8.495306
-6.528389
-4.653387
-6.299300
-7.336477
-5.691763
-3.345718
-5.976469
-4.351024
-3.946564
-6.936361
-2.004247
-5.537157
-1.442720
-3.029292
-1.746014
-3.452192
0.593575
-3.345322
-2.950237
0.200654
0.852320
-2.238778
2.384069
0.079898
