2.211189
3.283929
3.890297
2.585674
-1.216422
3.266219
3.664337
4.052544
1.288341
2.235107
3.371796
4.429994
2.764730
3.561662
6.843155
2.291413
5.892304
2.950980
6.414124
7.578737
8.392254
6.253034
6.934049
9.414115
5.975974
8.087081
8.649388
6.108243
6.075430
5.887711
6.926167
6.932385
8.535346
10.494884
7.171943
8.241349
11.377788
6.496362
12.108111
10.914185
9.239093
9.686549
10.035085
10.156761
9.320171
9.459288
7.104949
11.540612
10.224066
11.247527
10.854760
8.447877
11.202810
10.208856
9.977788
7.046586
10.326661
11.352731
7.466817
9.348958
11.757238
11.620612
8.970619
7.990620
7.808310
9.244421
7.819052
6.378799
10.322367
6.299456
7.627476
10.241296
5.966943
9.846656
7.291125
6.770347
8.831843
9.273830
6.679025
7.067252
2.760623
5.130146
5.400737
3.635182
6.048454
2.781022
4.808018
5.620106
2.762590
0.885315
1.030585
3.977414
0.188260
1.184629
-1.104686
3.071581
0.009958
1.624257
-2.653019
1.082070
-2.801554
0.588895
-3.878900
-3.764147
0.653103
-4.687752
-2.362497
-4.379919
-4.074752
-4.346366
-6.039736
-5.347127
-3.493558
-6.169944
-6.300378
-3.470364
-5.794549
-7.326647
-6.155444
-6.828940
-4.978535
-7.084011
-4.788664
-8.336252
-8.960973
-4.853292
-9.639864
-10.068286
-7.658483
-6.380638
-6.470712
-6.148553
-10.883794
-10.552439
-9.543139
-9.733180
-8.558586
-9.414259
-11.490780
-9.852075
-7.885722
-8.980324
-11.967642
-6.880279
-11.592945
-12.006878
-11.920023
-9.458510
-11.248719
-7.564423
-7.971550
-9.037134
-8.861303
-11.034150
-7.610662
-10.151984
-12.369540
-7.416674
-11.365260
-11.606220
-7.525077
-10.175156
-7.250126
-9.307754
-10.675415
-8.968651
-11.345326
-9.908704
-6.883062
-10.404648
-5.185297
-4.776071
-9.917395
-8.000166
-7.652079
-7.178252
-7.571720
-7.186355
-4.331851
-5.245623
-7.611561
-6.882125
-3.993234
-2.141631
-6.905962
-3.233973
-1.979707
-5.613974
-6.166440
-0.990506
-0.757941
-5.199195
0.723644
0.104673
0.186501
-1.112656
-2.861195
-1.277300
-0.951948
1.333310
