-1.143287
-0.741934
-0.723076
2.207355
1.540334
0.068966
1.835985
2.563180
3.877615
5.090141
3.232460
2.380524
2.995571
6.305483
4.645628
2.017014
6.777567
7.442090
6.232271
5.724745
5.106842
7.363813
4.018714
4.446599
8.856914
8.403809
5.601317
7.299212
10.700553
11.071372
5.573601
11.212306
5.968780
10.675124
9.650865
9.786237
7.415620
9.605552
11.141193
11.153435
8.794992
12.133467
11.154192
11.197279
9.966512
10.749806
9.295508
12.887401
8.435076
10.578517
9.569425
8.318608
7.909959
11.984277
12.326814
9.756259
9.796199
12.041226
7.851845
7.378910
6.460102
6.938660
10.375743
8.376112
10.529394
6.070164
7.443223
5.944027
10.960629
9.909741
10.583236
9.173214
9.381649
9.456043
5.364923
4.160600
7.495526
8.990314
8.313438
6.725191
6.745514
5.043939
7.946214
7.708476
4.594191
4.522447
4.629090
4.807045
5.135827
6.041299
5.457061
5.165850
4.584193
3.051759
2.127806
-0.316068
1.080840
0.885723
2.166472
-2.871041
0.136841
1.380337
-1.507887
0.738884
-1.029614
-2.826326
-4.857815
-3.149613
-0.576606
-1.661717
-3.562272
-2.346165
-3.765106
-2.443069
-2.850393
-4.504256
-6.673825
-7.601770
-2.949214
-6.177998
-8.276851
-8.213704
-3.866317
-8.816030
-8.297099
-8.491738
-5.799064
-6.366535
-10.787769
-6.282237
-5.283715
-10.666933
-11.224401
-11.089853
-8.623215
-10.594904
-8.287016
-10.858895
-8.596617
-12.308290
-12.388199
-12.283160
-9.794413
-10.035703
-10.572968
-8.437798
-8.129578
-7.028549
-10.917296
-12.726760
-11.543370
-10.427015
-9.392976
-7.553469
-9.591793
-9.714988
-7.640624
-11.485933
-9.217734
-8.757424
-7.878468
-9.410798
-11.231842
-7.248372
-11.557297
-9.070478
-7.512079
-9.933819
-10.342771
-9.107483
-8.830865
-7.936251
-4.556526
-9.629765
-6.928019
-4.461850
-7.119887
-6.869471
-7.478601
-2.984457
-3.894059
-7.486497
-2.625460
-6.718516
-6.515826
-6.095487
-1.218584
-5.194036
-6.299488
-5.318760
-0.727146
-4.323793
0.419896
-4.612926
0.228881
1.161873
1.953066
-1.545777
-2.838990
2.599582
