-1.433485
0.378129
-1.310668
-0.750547
-0.386949
0.923845
0.395369
5.062593
1.898097
1.488978
2.717613
4.112642
3.591563
4.797998
3.283826
3.586491
4.734521
3.455941
7.592494
5.953681
3.867286
4.819516
9.041964
9.714378
7.101056
10.024383
9.652029
8.436929
6.799031
9.480426
8.246387
6.514520
10.409008
10.915777
9.156670
8.294271
8.744724
7.480488
9.641091
12.342816
9.030821
12.541413
11.825010
12.091046
12.436260
7.758827
8.061657
9.550156
12.059187
12.713137
8.699799
8.691467
12.348039
10.130415
9.668445
12.579723
7.699240
12.159724
9.504010
10.648708
8.529403
7.090558
6.182451
8.179489
10.144483
5.798869
7.506593
7.268993
8.190407
8.581158
5.270940
8.964695
5.934619
5.364468
8.291355
6.117385
4.216582
6.713313
4.127713
8.376403
6.238820
5.480488
6.433230
2.579112
4.814342
4.094611
6.390456
1.730397
6.334251
5.393482
3.526379
3.346786
-0.510794
4.776315
2.881648
2.032944
2.746933
-1.045958
-0.224886
-1.281366
-1.420737
-2.502068
0.439863
-4.131990
-3.761752
0.653532
-1.747114
-2.487550
-2.709433
-5.379272
-3.504946
-3.171560
-2.479142
-1.512062
-2.354430
-7.324285
-2.980649
-3.914593
-5.876504
-3.006138
-3.820802
-5.651132
-8.220534
-9.008874
-4.296870
-5.693856
-4.991142
-7.363846
-5.210208
-5.991041
-8.951031
-6.537550
-9.632014
-6.507552
-10.106910
-9.289481
-8.684095
-8.179326
-8.809019
-10.765084
-8.940512
-7.863858
-11.363763
-9.996521
-11.263258
-9.787293
-12.757075
-8.895841
-11.240476
-8.881986
-11.109484
-9.575721
-11.716680
-12.846844
-11.852489
-7.046248
-10.357606
-9.161132
-7.004083
-12.038234
-8.945900
-7.799743
-8.193431
-8.373312
-6.434266
-7.812295
-7.584632
-10.120489
-7.927781
-10.872737
-9.830356
-8.629388
-8.884834
-8.451455
-6.936923
-4.523256
-6.778255
-8.676721
-4.580573
-3.647739
-7.494258
-2.962016
-3.340336
-5.123068
-5.780568
-2.525615
-3.084450
-5.227186
-3.697743
-3.257136
-1.760627
-1.738035
-4.964693
-0.078543
-1.355329
-0.152206
-1.181377
1.184465
0.454316
2.288623
