-1.593346
-0.700949
-0.919496
2.875203
1.951785
2.624743
4.203658
2.222220
3.812618
3.467382
6.385986
4.614364
2.489147
3.655041
2.867269
4.911716
5.678857
3.464662
6.806780
4.728272
5.470023
5.343860
3.790043
5.156424
7.121103
8.987229
8.213499
6.324724
5.850654
9.201718
7.254056
9.356337
8.129524
9.771678
11.404935
11.831119
10.133664
11.094354
12.353029
9.636942
12.330173
8.157589
9.730506
7.366033
12.423959
11.496688
10.512948
8.550482
11.648549
11.297849
7.128829
7.943933
10.140435
10.887898
7.863459
8.516107
9.082354
10.918980
6.885572
8.894107
7.406775
10.165243
9.456612
9.532550
6.713044
11.112347
8.388100
9.648128
7.609874
8.645538
4.997690
7.052741
7.351044
4.739698
8.250346
7.323945
7.397720
4.015808
3.474203
3.069556
4.432281
3.907389
4.729837
4.605669
6.457997
6.208492
4.995801
2.876556
4.433964
2.007977
0.289893
0.360057
3.329468
2.542857
3.986516
1.334551
1.032344
2.196064
-0.133251
-1.836226
0.953767
-0.217506
0.398480
-3.298930
-1.911832
-4.040871
-1.996456
-1.528469
-1.782957
-5.415440
-2.350525
-3.547304
-6.523681
-3.999552
-2.898952
-3.956658
-7.413728
-3.292812
-3.877816
-7.630528
-6.240559
-4.119956
-5.140473
-4.541838
-5.736670
-6.259754
-10.273737
-10.143460
-9.848033
-5.625678
-6.390933
-8.834559
-11.085560
-8.354624
-6.475706
-10.283138
-6.378648
-10.820783
-12.282020
-11.805222
-9.889674
-7.978203
-12.400503
-9.032708
-11.596037
-12.845272
-12.234622
-8.796220
-9.798239
-8.996058
-9.045650
-11.237325
-11.705715
-6.975971
-8.377128
-12.759491
-6.986767
-8.793805
-11.353748
-8.062791
-10.013492
-6.945103
-9.530963
-7.350910
-8.574134
-10.559232
-10.594706
-10.589815
-11.159299
-9.073195
-6.280960
-8.162606
-8.864454
-9.665016
-6.599351
-7.567041
-9.010981
-8.308928
-7.720297
-7.108353
-4.507911
-5.741180
-3.489947
-2.716070
-2.578247
-6.319670
-5.503830
-4.537159
-5.535141
-5.098383
-4.093023
-4.896176
-0.436923
-1.082097
0.225644
1.024278
1.208714
-1.329822
1.920365
-0.902270
