0.976150
1.104036
0.531158
4.141168
-0.393198
2.586565
4.014702
3.179553
-0.055808
3.505217
0.854169
1.375517
3.372333
6.831299
3.291246
6.994881
3.660123
5.054999
2.984399
5.107405
7.937008
3.402718
8.858278
7.832220
6.328459
5.993275
10.276807
7.811957
10.583536
5.597769
5.670581
10.838551
8.777744
9.697299
6.110853
7.544603
7.535306
7.249483
10.453781
11.641296
11.363254
7.463261
7.030371
8.235455
11.167401
10.515440
12.398018
8.433811
9.754611
7.842521
11.925645
9.306203
9.950230
7.439588
9.695995
9.807559
8.011072
9.546711
11.414854
9.992631
11.494929
10.522495
11.108913
10.179911
6.619861
7.242897
5.961938
8.044129
8.225362
8.579930
7.653261
6.078209
5.967204
10.117632
9.946911
5.614913
6.304745
7.975026
4.054438
3.427761
6.540908
3.822930
5.383880
6.695427
3.106319
6.588358
3.031471
5.209459
4.674381
2.526327
2.793495
1.056944
5.087831
3.656559
1.611982
2.710310
2.949043
-0.599307
-2.449542
-0.154383
-0.305665
-1.311166
1.413025
-2.387877
0.578819
-3.917420
-0.771405
-0.495082
-5.565918
-5.767249
-1.860250
-4.402399
-4.496885
-5.255965
-2.770810
-5.409297
-3.903402
-3.236067
-5.857896
-8.287992
-7.588150
-5.630437
-8.945323
-8.949044
-4.375591
-5.256050
-5.271108
-8.277511
-7.843951
-7.427016
-6.242496
-7.803728
-7.372211
-10.181998
-9.951607
-6.784752
-9.500752
-11.935946
-6.624943
-10.774973
-9.013528
-10.654245
-10.937196
-9.697836
-7.801609
-12.913715
-8.124396
-8.130922
-11.829343
-11.857886
-10.959123
-8.352183
-7.701948
-8.133814
-11.286728
-7.339826
-9.740442
-10.002656
-7.811004
-10.447608
-9.519480
-10.266116
-7.532602
-6.977040
-11.724259
-7.057566
-9.402839
-9.870085
-9.754923
-8.414569
-6.606616
-6.639187
-6.583281
-5.410534
-7.339763
-9.713098
-8.869641
-5.981425
-5.970008
-5.043922
-7.886843
-5.729816
-5.787022
-2.134168
-4.610366
-3.335564
-1.572046
-2.140491
-5.878176
-1.646474
-1.423030
-5.048202
-1.761599
0.765637
-3.824850
0.029585
0.571744
2.098302
2.604056
-2.588510
