-2.099447
-1.705139
-0.993060
3.161168
3.194619
3.796795
3.866485
5.451503
2.113439
1.736067
3.704757
1.415833
1.724589
2.741273
4.785800
7.489728
2.187788
4.287319
6.944307
4.466968
6.530806
6.709187
5.714799
4.317736
9.981734
4.687116
10.211636
8.921167
7.254082
9.933353
8.118581
10.182241
8.448470
11.177225
7.450527
10.190358
10.497073
10.078908
11.882746
11.714422
12.516296
7.899933
8.268948
7.851302
12.342450
11.647905
7.700604
11.530843
8.046360
12.004589
7.311086
12.106200
8.961084
10.545196
9.432656
9.430836
12.262007
7.200422
11.482513
10.540095
9.634378
9.248712
7.200118
9.898936
10.217468
7.238505
11.180909
9.936466
6.109580
6.070961
6.695326
9.544605
6.710052
6.293280
6.876094
7.184054
7.417546
3.616078
6.216251
8.250549
6.326511
6.413108
7.335437
5.212895
5.815707
3.778998
4.966055
2.364331
6.375746
1.776142
1.913658
0.334132
4.442485
1.885587
1.656111
0.970510
-0.699068
2.159060
-0.790952
1.218952
-1.390251
0.646508
-1.849048
1.673940
-1.339667
-2.060074
-4.993626
-2.648787
-4.873711
-6.088231
-0.610631
-3.363106
-6.767922
-4.053189
-5.992701
-3.115730
-5.431915
-6.222231
-7.825078
-3.821643
-7.387792
-3.806528
-9.445592
-3.957649
-6.083865
-5.728987
-5.187000
-5.782219
-8.981140
-6.026096
-9.171652
-8.286173
-9.722332
-6.918154
-11.748818
-11.938794
-6.541280
-11.549117
-7.300639
-11.483569
-7.302864
-12.675030
-12.347868
-8.960103
-11.492508
-9.366617
-8.022905
-11.961056
-8.270541
-8.252354
-12.888795
-12.821682
-12.010556
-11.269040
-12.060456
-9.582649
-7.566674
-8.784018
-11.353241
-11.700358
-9.338222
-11.468908
-7.294272
-11.896411
-11.356592
-9.598511
-7.388044
-6.027588
-6.125097
-8.512288
-7.313443
-8.441815
-9.005867
-10.020740
-5.145001
-5.976729
-9.377338
-4.129816
-7.972451
-7.272656
-4.203907
-3.399887
-5.135588
-4.086556
-4.155851
-3.288067
-6.108638
-2.545075
-0.725035
-4.362681
-4.053296
-1.407459
-3.862411
-2.558490
-3.201599
1.057521
-2.039727
-1.732862
-2.715259
0.370817
