-1.197736
2.694910
0.485524
1.431356
2.983780
-0.549072
1.193506
2.062588
1.388952
1.824346
0.471230
4.241478
2.795644
2.728784
2.325517
5.244622
5.531917
7.632406
8.268769
5.684176
7.991101
7.713256
8.330223
8.277428
9.039057
9.740134
5.922755
5.216827
7.718809
10.871275
8.490102
8.800359
10.716143
11.060637
10.342225
11.376128
11.300539
6.549995
12.319745
7.076313
11.849830
12.103979
8.149525
12.734061
8.725677
11.577842
8.453284
7.852149
12.335576
9.350862
8.849268
8.528144
9.132292
7.238353
8.261827
12.273931
8.557547
12.470351
9.600585
12.479510
11.518661
10.011106
11.526134
6.675720
10.183933
7.365540
7.103772
8.722883
5.298642
11.071074
5.249061
5.745425
6.099291
4.576189
9.659710
5.275749
6.234185
8.405294
3.168245
4.454300
7.540990
2.817938
4.763215
6.907504
5.102591
6.407055
2.233957
2.198145
1.291572
0.567905
0.190807
0.364032
2.071864
4.766128
1.977595
2.883324
1.267861
2.963165
2.113723
-2.593954
1.822416
-2.415286
0.316561
-3.316088
-4.546559
-1.769374
-2.121653
0.007902
-1.841551
-4.588478
-4.723687
-4.467204
-5.371559
-3.167067
-6.202661
-6.794945
-7.327370
-8.090848
-3.941359
-5.711021
-4.932046
-6.586615
-6.746637
-6.231786
-9.384345
-8.984135
-8.175198
-6.166243
-7.978173
-8.680156
-7.432981
-11.147969
-11.606002
-8.082606
-7.128612
-8.242862
-11.346295
-11.874079
-7.597815
-11.342998
-7.488517
-7.716953
-7.823900
-7.806595
-11.811857
-8.144234
-8.381585
-12.309661
-7.240386
-7.484192
-7.980556
-12.135655
-8.261048
-9.903722
-9.217434
-12.481373
-11.997881
-8.387134
-8.605536
-7.996748
-9.220831
-10.907315
-10.909945
-7.694684
-8.002912
-10.274513
-9.005844
-5.948650
-7.770870
-5.333199
-10.179960
-8.021351
-5.706385
-9.179904
-6.258122
-4.280113
-3.857604
-6.768801
-8.666127
-5.215875
-7.981989
-4.369338
-3.583680
-5.841675
-6.660284
-2.585019
-3.913566
-3.597888
-4.173952
-0.684883
-0.149394
-4.259217
-1.060516
-4.325602
1.169357
-3.345087
-0.753736
-3.396035
2.491597
1.325383
