-1.762111
-2.100411
-1.602382
-0.851387
2.268750
2.247464
3.672606
4.907917
4.787549
0.941354
4.441056
4.168937
6.756381
4.284676
1.928543
5.054618
2.317799
2.540659
7.206043
5.660740
7.498487
9.274186
5.919787
4.685893
7.808453
9.607191
5.400721
10.391464
9.831620
5.873811
7.662771
10.656161
9.699357
7.172324
6.478160
10.547792
8.505048
8.893596
7.955427
10.913751
7.757327
12.308397
7.576082
7.958833
6.958394
10.989849
7.496912
9.416431
8.222696
11.867802
12.232839
9.846058
10.459949
12.387833
8.540451
8.970187
9.290692
9.413049
12.039241
9.177561
7.493065
7.749260
10.662151
6.881774
6.302374
8.104187
7.092855
9.729981
9.538755
10.071349
10.192425
9.429028
10.377010
5.270118
4.148231
4.508056
7.485547
4.290686
4.164271
3.905586
2.960299
7.600411
3.976270
4.556585
5.067597
1.598404
2.753487
3.786733
6.336268
2.084821
2.986980
0.998430
4.318080
3.337398
4.303963
0.463689
-1.452387
-0.732739
1.276037
-0.584172
-3.178994
0.585565
-0.859951
1.362537
0.914333
-0.152549
-3.954829
-1.103290
-1.363646
-1.263262
-2.372030
-0.992950
-4.238070
-2.150366
-3.838007
-4.758508
-5.197119
-2.599471
-7.665222
-7.551765
-4.017961
-5.061763
-5.962604
-6.999540
-6.387756
-7.419100
-5.909688
-7.642751
-9.562181
-10.509479
-11.049505
-10.474444
-7.207113
-9.597426
-10.942418
-10.032446
-6.718925
-9.877094
-10.031382
-10.613326
-9.115404
-8.092378
-11.780354
-8.359598
-10.887668
-7.584036
-10.818781
-10.721213
-7.933891
-8.738379
-8.646468
-9.880925
-7.999202
-10.804760
-7.998682
-8.810141
-11.972168
-12.437891
-9.061090
-8.539212
-11.887681
-9.149728
-7.106601
-11.755598
-10.838566
-10.085622
-10.316615
-7.054036
-5.949664
-9.311928
-8.295817
-6.157135
-9.004168
-4.973008
-8.656548
-8.766646
-6.812545
-7.575182
-8.168650
-4.891881
-7.726882
-2.764152
-4.558026
-4.307467
-7.225188
-4.112317
-3.157354
-2.196361
-5.379367
-2.670861
-0.935481
-5.451158
-1.799755
-4.309240
-1.816423
0.994951
0.897021
-1.906339
-3.244113
-2.595803
