1.236885
0.443317
1.225082
-0.654851
3.596385
2.278730
3.686405
4.329512
3.332880
1.167438
1.043989
2.870172
2.222122
4.031021
6.118984
2.219446
5.917080
3.824781
8.206675
3.613556
8.532582
6.669571
7.689947
8.542538
8.564555
9.836090
5.517998
6.278451
6.248711
6.633143
6.174550
9.046268
7.483342
8.546159
10.422591
8.169961
9.954049
6.833268
8.552455
8.909981
7.621307
7.478713
12.451067
12.312610
9.299645
9.891054
12.808340
11.752317
9.757360
8.466676
7.248876
10.061104
11.764856
7.733129
10.601294
7.733176
6.970799
6.707730
12.214365
11.925341
10.409387
7.788951
10.488525
7.813077
7.380243
7.475228
10.995882
8.501292
9.304462
10.094794
6.205550
6.408230
6.799695
9.925931
9.584951
8.902430
3.665409
3.741264
7.945384
3.304790
7.488572
3.856775
2.712181
6.405664
5.857370
3.038005
5.352372
1.390521
4.554819
2.092191
5.162242
0.389461
5.099835
2.303444
-1.274970
-0.602889
1.824094
-0.801021
1.351423
-1.274226
1.064688
0.929354
-2.529292
0.581155
-0.430742
-2.062559
-4.750995
-1.940436
-2.881855
-2.324571
-3.710367
-6.601502
-5.259685
-3.182189
-4.003168
-5.822682
-5.989416
-4.751607
-6.980936
-4.452967
-7.314754
-6.631343
-7.767282
-6.693611
-4.646505
-5.727383
-8.842553
-9.802746
-10.073783
-8.104830
-8.248387
-9.650546
-5.841169
-7.911560
-9.348813
-9.627649
-9.266311
-10.620356
-11.982071
-10.850805
-9.817919
-12.424514
-9.965408
-8.809508
-10.368575
-12.106178
-12.950823
-10.860229
-12.175092
-7.793337
-7.214354
-11.738076
-10.637583
-7.237821
-8.536299
-7.586709
-11.893395
-11.870250
-9.420035
-9.277143
-8.649352
-9.525604
-6.751453
-10.325941
-8.140424
-6.982178
-11.508123
-5.728387
-11.102910
-8.119997
-7.253083
-10.611881
-10.261058
-7.061436
-5.686082
-3.851807
-5.209713
-5.774753
-6.764166
-6.606916
-4.447393
-4.076061
-2.793855
-6.771917
-4.931732
-5.529657
-5.909829
-4.785742
-4.114613
-2.904375
-1.356928
-1.962555
-1.390727
-3.269571
-4.384729
-0.854601
0.590907
1.033087
-0.649711
-1.254886
