0.947018
2.910741
0.395376
1.495457
0.293978
1.737902
3.033513
1.173360
5.530773
4.193675
1.281008
2.915277
2.802387
1.577672
5.746715
3.089064
3.868213
6.037711
3.056175
5.090155
6.909502
8.282629
9.424591
8.783733
7.914837
8.697803
9.512179
9.770004
8.203664
6.694262
10.042332
10.907499
10.744788
8.350208
10.531475
10.380721
11.758257
10.359502
8.493087
6.925703
12.065849
8.753936
11.915547
7.414431
10.928083
7.186361
10.622237
12.273263
7.141777
8.013714
8.899685
11.965836
7.093203
7.634201
11.231052
9.729576
12.601941
7.900208
9.346533
9.753285
6.473591
9.488261
6.833545
11.185030
10.786681
6.285106
10.700475
7.038670
5.538763
11.008680
6.820580
6.959639
8.476879
8.822824
8.881788
5.345794
5.867307
4.384587
8.421229
4.609844
5.025535
4.423315
5.795582
3.071741
3.555986
5.582150
1.050295
1.881401
3.282405
3.281624
5.324939
4.126645
0.317985
-1.042024
0.334393
1.900000
1.983790
-2.023688
-2.374853
1.953254
1.104200
-1.918920
1.405137
-1.763103
-1.735110
-0.467825
0.015275
-2.812229
-1.149294
-3.327710
-4.756708
-0.738260
-1.909472
-4.207430
-6.314488
-4.236026
-6.107316
-3.819334
-8.109177
-3.305198
-8.943191
-4.443850
-7.639409
-7.603921
-9.841835
-6.718317
-10.213322
-5.421871
-10.843214
-6.938670
-6.955149
-9.811919
-11.123665
-6.133713
-6.909363
-6.710319
-11.007646
-7.007782
-8.367495
-9.746263
-9.570476
-9.751924
-8.724524
-8.938477
-9.588557
-9.593660
-11.807879
-10.245746
-10.192200
-8.581508
-8.613721
-12.325841
-11.574724
-9.375084
-10.185021
-12.386411
-11.704957
-9.066939
-7.605298
-7.111927
-8.628886
-10.554590
-10.778028
-7.585993
-8.822149
-6.413834
-9.553385
-8.590127
-6.147656
-7.478891
-9.126278
-10.594746
-9.370286
-8.789215
-7.344824
-7.630604
-7.090247
-7.569551
-4.520600
-6.265334
-7.195992
-6.275675
-4.629077
-2.124032
-2.575911
-2.087909
-2.688130
-0.842598
-1.412093
-2.869215
-3.801138
-4.400766
-5.027662
-0.976754
0.899455
-0.871191
0.142286
-0.272652
1.193469
2.031567
