3.015520
1.041131
-0.022863
2.312895
-0.983092
3.081450
1.657406
2.771939
5.562808
3.313003
0.538490
6.563064
6.306967
7.167778
4.775880
2.593210
4.857302
4.809307
7.837932
3.079803
4.025322
4.362039
8.970894
4.594342
5.115802
6.292014
6.573828
10.580984
5.435040
5.222509
9.693539
6.583569
8.164428
6.013166
9.387485
7.507620
6.210304
8.900775
6.858670
9.264296
8.550684
7.154794
7.079560
7.503835
12.875182
7.309158
8.147360
10.118723
12.283429
10.572972
10.688657
8.407998
10.851022
12.845919
10.352413
8.591692
12.174118
7.594477
11.913321
9.772231
11.040811
9.807054
9.730875
9.879143
9.542516
10.634947
7.377030
5.760832
7.748568
6.094697
5.451008
8.771253
6.474039
4.954804
5.406419
5.410847
8.022925
8.485669
5.810844
3.688146
6.396556
7.949358
5.862378
5.944169
7.527295
2.378585
6.770523
5.213810
4.166290
5.391395
4.611039
2.901902
4.933143
3.485608
2.600783
0.474764
3.516277
3.273342
2.086497
2.448645
-1.677887
-2.061142
0.896423
1.308685
0.752427
-3.577997
-1.482554
-4.394026
-0.698764
-0.597522
-1.828310
-4.653466
-3.312751
-6.413873
-4.878689
-2.290484
-3.439237
-6.548871
-6.738331
-8.698784
-8.341425
-6.312891
-4.407624
-8.392490
-6.554142
-6.293871
-6.807111
-6.198542
-9.547478
-10.016693
-9.093746
-10.961701
-9.680390
-9.866025
-7.027251
-9.308850
-10.033764
-7.781085
-8.114345
-10.434944
-7.215874
-12.573194
-9.558275
-12.008562
-9.485373
-12.636668
-9.897604
-9.136256
-11.279049
-9.918200
-9.597113
-9.992303
-11.086956
-11.974706
-10.286259
-7.919699
-11.799972
-9.220926
-10.529601
-9.199520
-7.033761
-9.598689
-7.598567
-7.459625
-7.636093
-7.210250
-7.284962
-6.267101
-7.115614
-5.330160
-7.825192
-8.142926
-6.852232
-6.839087
-8.269360
-6.382516
-7.435673
-7.946304
-3.808828
-6.592972
-8.034545
-6.977598
-6.885828
-4.146160
-3.360611
-3.464451
-1.599929
-4.964925
-5.003891
-1.961898
-1.768528
-3.968179
-3.892359
-0.332956
-2.262570
0.771993
1.835708
0.710095
-1.739636
-1.460630
