2.697744
-0.351109
2.127968
-0.077032
0.131543
-0.578974
-0.379091
3.791182
1.158272
0.357542
5.184121
0.926045
3.791110
3.710278
5.287144
3.269341
5.921952
5.678405
8.179910
3.994520
3.243209
6.232861
5.412515
8.877795
7.169802
8.434170
7.176323
5.898662
6.284901
5.789261
7.294813
5.570015
9.068977
11.658146
6.348426
9.966154
12.127988
10.893696
7.602231
10.733396
9.664536
10.887786
9.484787
7.005229
11.863177
10.690944
7.686383
8.983484
8.302026
8.431407
10.504188
10.510184
8.559340
9.688688
8.977236
12.196650
8.306641
12.381991
10.268785
7.680438
9.386838
7.013315
9.456812
6.263482
6.159976
9.789652
9.790204
9.462965
8.952561
9.116412
9.903642
10.480759
4.834681
5.907112
7.265113
6.205957
9.558791
3.447807
6.399957
5.533361
7.991522
3.602201
2.645953
4.860768
4.745393
5.736368
2.999418
4.292183
1.293272
2.313956
0.616510
2.896967
3.841618
1.643136
-1.167730
1.884645
0.632247
-1.996135
2.211769
1.890157
-2.843057
-1.687217
0.823663
1.298852
-0.483458
0.922752
-0.218623
-4.119862
-2.773462
-2.843265
-4.900396
-2.103343
-1.479874
-6.039990
-3.182182
-3.279086
-5.309927
-3.025868
-2.643438
-7.386453
-6.218654
-7.032133
-7.647678
-7.536170
-9.367894
-5.151736
-10.161919
-7.712430
-5.596318
-10.527709
-7.796836
-8.476566
-10.887818
-10.569507
-8.539521
-11.475635
-8.146807
-6.607721
-7.453147
-6.515768
-10.930091
-10.004423
-11.486981
-8.113942
-11.603190
-9.285493
-9.943117
-9.157553
-11.405880
-8.398059
-7.702577
-11.590341
-12.234695
-6.987174
-10.828716
-11.648788
-9.908171
-7.522941
-9.582648
-8.548052
-7.975567
-11.854086
-10.010600
-6.944416
-7.453267
-6.679165
-6.095030
-8.617190
-6.609078
-6.412345
-5.583912
-5.455138
-6.843934
-7.812383
-9.582087
-8.045117
-9.546278
-6.138153
-6.104149
-8.364037
-5.245172
-2.572339
-4.555782
-2.782312
-6.713959
-2.148532
-6.083301
-6.467056
-3.064993
-2.912120
-0.145238
-4.409383
-0.778253
-4.045780
0.785881
1.238400
-1.357031
-0.006548
1.720617
-0.951629
