0.583475
-1.239669
1.976705
0.198041
0.783164
-0.116492
1.556939
4.343369
3.135960
4.793158
3.136863
6.437559
5.963612
1.885323
7.123634
3.082285
6.672193
3.127708
4.003970
7.601327
6.397166
5.390660
8.709336
5.114347
8.613595
6.189300
10.224572
5.410657
7.395222
7.374798
6.143335
9.603021
8.187843
7.521527
9.298613
9.263602
10.043624
8.939596
11.339041
8.108656
12.359574
7.795635
7.219059
8.459447
10.805052
10.742933
12.639055
11.111739
11.247201
12.293886
8.347238
11.072714
11.564425
10.905584
10.290462
10.323837
7.938187
7.870735
10.375253
12.018436
6.526301
7.507690
10.883084
11.587962
9.452343
10.859393
7.210082
9.891046
8.315427
9.944059
5.552142
6.226031
7.811516
8.026813
7.923700
9.822011
7.114095
4.434056
8.274948
4.572006
2.954407
2.798325
6.660914
6.882700
5.013461
6.283903
6.882361
5.303041
2.179697
2.786214
4.319195
1.017096
2.994263
-0.019606
2.734677
1.006750
3.422687
-1.275856
-0.594112
0.228583
0.734873
-1.802541
-3.050719
-2.897865
-1.677728
-1.432666
0.186186
-4.616471
-1.355034
-1.833728
-2.463922
-6.553319
-1.162452
-3.102379
-2.375681
-7.203951
-5.890299
-4.355013
-3.700385
-5.989077
-9.116813
-9.305930
-9.542845
-9.452427
-9.116021
-7.939605
-8.651688
-9.477190
-5.784262
-8.607428
-7.040169
-8.557493
-9.724782
-5.854359
-8.462646
-10.593576
-7.484516
-11.784928
-11.078825
-7.531912
-10.061338
-11.334192
-8.757534
-7.954565
-11.046597
-10.406463
-8.741802
-12.297676
-9.276952
-8.692349
-9.730891
-8.691388
-8.271652
-10.995515
-9.209597
-9.841389
-11.435158
-10.059328
-10.997606
-6.973536
-10.662740
-10.374197
-10.175236
-11.400792
-7.805302
-5.882966
-7.114172
-10.047703
-8.001187
-8.151080
-10.887692
-8.950890
-9.794163
-7.688173
-4.670900
-6.218647
-4.454844
-4.833938
-3.930570
-7.420753
-4.587536
-7.723436
-4.522254
-6.696707
-3.607446
-4.393864
-2.724483
-5.600516
-1.742757
-0.394420
-1.076500
0.169374
-0.997987
-2.564500
-3.779960
-1.149801
-1.350626
2.194891
2.616775
1.832904
