1.452964
-0.316223
0.157748
1.878531
3.717311
0.615131
3.647973
3.873678
4.402858
4.698358
6.304140
5.399008
3.108089
3.003393
1.543109
6.965141
7.507026
4.713642
2.669415
5.785577
5.844614
4.651722
3.749062
7.543405
5.296399
9.705312
8.179644
8.871987
6.503642
10.223388
7.938739
9.259240
10.183997
9.825987
6.153262
11.299752
8.487637
7.431870
6.643957
8.136493
8.597897
7.617800
11.169796
11.339273
7.594489
9.909580
9.377317
8.977564
10.457199
8.883934
9.944759
10.197076
8.676439
12.651685
9.334807
8.904003
8.480145
8.677429
11.290611
11.888262
10.651779
11.107403
6.471393
7.096661
9.850301
6.564352
8.404383
9.219272
10.983444
5.697409
7.323823
9.057546
7.028757
8.400614
4.426380
7.875727
5.707285
4.471884
6.580273
6.106703
2.772494
5.358314
3.853276
2.271971
4.496338
6.838687
6.407431
1.804759
6.004126
2.024161
2.830526
1.302319
3.298736
1.380842
0.452237
-1.098175
1.537827
0.051203
-1.380705
2.594956
-1.291610
0.345296
1.698091
1.574863
-1.813585
0.407848
-3.069390
-3.701087
-1.376726
-4.198034
-2.935530
-1.873828
-4.829216
-5.314716
-6.237968
-3.628329
-5.854579
-3.662492
-4.468545
-6.111950
-3.988476
-9.070316
-7.832386
-8.749356
-9.730134
-8.682687
-4.823439
-6.473853
-6.514150
-7.952705
-8.192692
-5.655737
-9.873489
-10.062012
-8.647212
-10.006470
-8.075181
-11.466201
-10.527741
-8.053433
-11.979165
-7.460787
-12.426364
-9.597796
-7.310163
-10.618845
-11.295293
-8.896182
-7.491184
-7.849419
-9.927209
-12.819005
-12.580710
-10.057813
-9.137299
-11.386872
-11.614413
-11.863925
-9.863904
-10.298384
-6.951839
-8.811187
-10.568573
-10.621130
-9.668874
-7.478980
-11.042600
-6.075446
-10.232174
-5.706626
-9.176146
-6.078578
-5.696125
-7.750882
-7.494350
-6.750981
-3.826688
-8.283238
-5.686297
-5.250464
-5.348865
-7.917274
-6.221007
-6.999849
-6.180007
-1.903386
-6.333361
-1.008863
-5.384068
-5.393316
-2.747122
-4.062714
-2.893059
-3.631068
-4.209048
-4.023990
-0.028185
0.588220
-0.341758
0.666609
