-1.659261
-0.038701
-1.718520
3.527278
1.246875
0.302575
1.985016
4.680632
2.092495
4.176014
4.638296
4.767695
6.261228
7.130899
5.551886
5.542267
5.967492
8.335852
2.838837
3.429860
5.064291
5.986611
6.773001
8.350366
9.011276
4.694438
7.387247
4.936170
8.870754
10.135764
7.157227
9.336146
9.820142
9.732522
10.688722
9.652434
7.716576
6.839758
11.679213
12.158308
10.225041
7.011608
8.119637
6.995060
7.278213
11.690342
10.975855
8.949503
7.224882
8.943734
8.666779
12.869339
8.019819
7.853000
9.131670
11.693263
12.549465
10.198321
10.126240
9.165624
10.211650
6.801904
8.476618
10.283759
11.383044
9.560304
9.456021
10.891473
6.690772
8.122232
10.731846
10.358059
7.560488
6.894776
7.376798
8.169357
6.462719
6.480047
7.872544
4.175674
6.703947
5.766525
5.466135
7.337965
1.922572
3.451120
4.192002
6.059107
1.128778
0.462783
3.498030
4.256001
4.092233
0.844777
2.811454
-0.703264
0.408776
0.544485
2.930134
-0.204696
-2.971748
-1.963972
-3.670604
-3.956116
-4.045423
-1.666483
-3.630506
-1.596730
-1.857496
-1.530379
-2.522033
-1.847977
-2.289353
-3.758407
-1.884139
-4.056381
-2.562875
-2.794671
-4.128657
-7.656059
-3.598460
-8.714841
-8.652838
-4.705595
-6.950015
-8.771133
-10.165675
-8.430135
-8.078949
-7.245567
-7.467659
-5.848714
-8.937085
-8.297706
-5.983976
-11.199479
-6.291172
-7.411944
-11.157573
-11.955771
-12.515542
-11.768965
-8.985296
-7.953769
-7.917941
-12.404971
-11.158671
-9.678235
-7.077561
-11.284207
-8.898646
-7.961133
-12.196146
-10.888087
-11.367096
-10.392146
-11.124385
-12.337526
-11.888608
-8.734194
-9.683002
-10.807376
-6.317826
-6.766367
-8.054496
-9.448440
-7.388085
-7.751163
-7.026234
-7.927811
-10.473580
-5.339748
-6.677457
-6.113650
-4.438201
-9.834183
-6.354085
-5.325982
-4.415292
-6.557402
-8.563537
-6.471190
-7.977460
-7.522169
-2.148254
-4.514223
-1.537413
-3.328425
-5.475759
-2.456230
-0.641381
-4.721010
-2.311421
-0.633180
0.702689
-1.699720
-0.784428
-2.636390
-2.604641
-2.243342
