1.338046
-1.156217
-2.050561
-1.394443
-1.010691
2.573595
2.028163
3.010653
5.512217
5.009924
0.399776
4.363034
6.753348
1.730958
4.344406
2.257537
3.801089
4.303635
5.231956
8.080876
6.969669
4.189805
3.838466
5.416740
9.496158
5.321174
7.179654
9.565344
5.524593
10.403677
9.186796
10.136060
6.780348
10.676026
8.473308
10.140804
11.843887
10.825982
9.745776
11.382699
12.194316
9.035996
11.842592
7.750109
11.249399
6.923556
8.700688
12.054124
11.399563
8.794598
12.734182
9.029019
9.942130
12.436061
11.018623
8.243139
9.203030
11.398845
9.229595
10.372020
11.824398
9.720266
10.228121
6.476434
10.049537
9.200671
8.229796
6.554418
11.140416
8.111959
8.175048
6.583830
10.120194
4.640361
4.285157
5.921542
5.102647
6.786201
4.335259
4.098639
4.211414
8.231597
4.170493
3.585725
6.863003
1.995124
2.809254
5.336252
3.615817
5.369125
0.150721
0.745609
4.915412
0.991654
0.200175
-0.966667
2.876181
2.729063
0.591470
-0.347727
-2.536374
0.439488
-2.218384
-1.819317
-4.335422
-4.320955
-3.360480
-2.107390
-0.226427
-5.672634
-2.446903
-1.488897
-5.798085
-1.931272
-6.265606
-5.055616
-3.060193
-6.768300
-4.661751
-4.929119
-4.374019
-4.487988
-5.662682
-3.897432
-7.215146
-6.620928
-4.686938
-6.578057
-5.102657
-7.828497
-10.746411
-11.023853
-8.380968
-7.232010
-8.560890
-7.620421
-8.455494
-7.889416
-11.847138
-7.004507
-7.121588
-9.871069
-7.553815
-7.290292
-12.736968
-8.341221
-8.897595
-12.261663
-11.316316
-7.549138
-11.935712
-10.929920
-7.355361
-10.623475
-7.364235
-8.571404
-9.485135
-7.179618
-11.702066
-8.255655
-11.751130
-11.445030
-11.792920
-8.428386
-8.328250
-10.992717
-11.033289
-10.289928
-8.699302
-8.693370
-5.114818
-5.123557
-6.241212
-7.443945
-8.873705
-4.718675
-6.298601
-4.332700
-6.952428
-4.466991
-3.819217
-8.230695
-5.925821
-3.149815
-4.660050
-3.670629
-5.481552
-3.406520
-0.747720
-1.416804
-2.306804
-2.166634
0.131630
-0.175246
-0.940667
-2.627425
1.770443
-0.550243
-2.593917
2.322433
