-1.862027
1.319993
3.068302
2.651290
0.502417
2.483588
3.026836
0.284641
4.865115
5.384415
1.991604
2.008064
5.980057
2.287698
6.971713
1.977881
6.150252
7.941869
7.431574
6.135220
8.180283
7.679356
5.294697
6.194566
5.849518
5.176201
4.698354
9.347618
8.382543
9.370884
9.411608
7.889423
6.228820
6.950381
6.301219
11.925826
11.199777
8.763250
11.884317
9.110831
7.170698
10.280912
11.335442
12.127404
10.550780
10.010831
8.716242
8.494482
11.566375
10.835334
9.080731
10.063211
10.598861
12.206597
12.606423
7.846285
8.620300
7.284005
12.054087
7.881685
7.592424
6.641753
9.331465
7.868132
6.860455
9.464201
11.384982
7.017817
8.661628
5.933962
5.348099
10.649418
10.152082
8.013521
7.285795
8.588322
4.193821
6.297529
3.221839
4.075796
5.329538
6.982380
4.423976
2.920601
3.121110
3.325254
4.056163
2.597769
1.067185
0.194302
5.484007
-0.439303
-0.219600
2.786197
3.663863
3.569380
1.067240
1.730812
-0.363490
2.437078
-2.018381
-3.054325
-3.194713
-2.490960
-0.636067
-3.902708
-2.006531
-5.440450
-5.088638
-3.869727
-4.705719
-2.399243
-5.638563
-6.666513
-6.101082
-4.684277
-3.003748
-2.783901
-3.895850
-8.251000
-4.189706
-6.015598
-7.154127
-4.657765
-9.489402
-8.271932
-5.988734
-8.025936
-5.587223
-10.447984
-7.372798
-5.790797
-11.221308
-8.359974
-11.629347
-11.443656
-10.638055
-8.617169
-7.376952
-10.399895
-12.404593
-11.618456
-11.782405
-9.281299
-10.939231
-10.886510
-11.232822
-12.716104
-7.987851
-9.094339
-11.446003
-11.841989
-10.967058
-10.180894
-7.510183
-10.255499
-8.559464
-9.783520
-8.333832
-7.019605
-6.842002
-9.947385
-12.028234
-11.593823
-9.030703
-9.425277
-9.893247
-9.471168
-8.906411
-6.027084
-6.730044
-7.880639
-7.092587
-5.274826
-5.129001
-7.723605
-8.299007
-3.498041
-6.956507
-6.848057
-8.366730
-6.986920
-2.291149
-5.772219
-4.861380
-5.116695
-6.212067
-4.959240
-3.275461
-1.155051
-1.709726
-0.724447
-0.897762
-3.865617
-4.443591
-1.334084
-2.447226
1.333801
-2.801104
0.398933
