3.108186
1.940714
-1.129102
1.158328
3.489943
2.679864
1.601528
2.988788
3.039679
3.930714
6.363394
0.950641
6.410378
4.241256
7.180303
4.564557
3.422106
5.538279
6.540478
4.897712
8.671984
9.033318
9.192909
3.857160
8.431192
10.191029
5.311789
5.325756
4.956002
8.295266
6.007971
10.009736
11.334714
10.978977
9.303165
8.460777
11.240178
10.279994
11.263141
11.770981
10.505339
9.330596
11.184254
10.706077
10.400377
12.019211
8.480823
12.867996
10.829198
10.381630
10.551395
7.234658
8.985820
11.738531
12.136591
7.819902
11.994529
9.225219
8.943906
9.150180
10.666869
11.745813
7.689365
9.824483
11.624714
9.213420
11.134606
6.294370
9.916867
8.589940
7.603819
5.934326
7.922872
10.089832
4.770142
5.584229
6.109454
3.509554
6.660226
4.349729
8.208216
5.131271
4.831036
7.334428
4.789273
6.838464
5.267360
5.747171
3.871541
5.298711
1.379693
3.441003
4.813646
-0.186833
-1.093733
-1.650799
-0.189144
0.931467
2.353757
1.902821
-1.392075
-0.573345
-1.130514
-3.556312
-0.502235
0.517307
0.159947
-4.612923
-4.890804
-4.594165
-2.371996
-5.898443
-2.722757
-6.042243
-7.408314
-5.865268
-4.370851
-3.386994
-8.298925
-3.728096
-5.711297
-4.040804
-6.293785
-4.516406
-7.925132
-5.926551
-6.283709
-8.610893
-5.120618
-10.113815
-7.200678
-9.424850
-11.472966
-10.864814
-7.607203
-11.174918
-11.225957
-8.590043
-11.077673
-10.563086
-7.449344
-7.215222
-9.590634
-10.846449
-9.979413
-9.397109
-8.804317
-9.023126
-10.647352
-10.524878
-10.870978
-7.763126
-11.153047
-9.607525
-11.920539
-10.013052
-11.437130
-10.106191
-10.747223
-9.384708
-11.570750
-7.929344
-9.216068
-11.065018
-6.906107
-9.605520
-11.548177
-10.030760
-8.408620
-10.609308
-8.218094
-6.737553
-8.104712
-8.299353
-7.924897
-5.315614
-4.608543
-7.822799
-8.677132
-5.169137
-4.440193
-7.023065
-4.427035
-4.975766
-1.884329
-3.100294
-3.696666
-5.920891
-5.794676
-1.162241
-0.549484
-0.638417
-4.618016
-2.340952
-0.762412
1.713950
-3.938106
1.414666
-0.857435
-1.936008
