-0.904751
-0.799291
1.251751
2.067495
1.980838
2.449317
1.514444
0.037894
4.185722
1.621839
1.529762
3.283075
4.603276
1.538967
3.052188
1.990597
4.924898
7.531396
7.948509
4.735261
5.304801
4.500817
7.654816
9.716715
6.392543
4.635529
10.025427
8.234997
8.789229
5.629296
10.891065
10.737444
9.390204
6.430936
6.160144
7.845675
8.432873
7.559263
10.652275
9.811780
11.528287
10.358356
8.345890
8.167557
7.053037
11.973882
7.184982
9.240416
12.153249
8.646049
10.760802
8.764714
8.507735
12.067348
11.868032
7.667708
12.331784
7.279613
11.194667
11.194310
11.554505
11.116765
11.181643
7.008019
8.871980
10.433620
8.745183
7.415127
6.997404
8.662153
7.256646
5.633782
9.700089
6.383339
5.352015
5.682054
6.119136
4.983770
5.330174
8.553624
5.119670
6.668093
5.052646
7.621596
6.547970
6.948377
4.245061
5.045848
5.024610
0.906411
4.116353
1.704295
3.827676
2.861766
3.021113
2.955848
-1.403651
-1.276531
1.012455
0.344682
1.905033
-2.204401
-0.765419
-0.672630
0.921682
-4.038899
-1.772070
-0.275125
-0.402437
-1.879134
-4.553403
-1.498997
-5.997770
-1.440834
-2.976157
-5.931324
-4.271107
-4.247171
-5.477421
-7.850447
-6.240976
-5.620487
-6.120732
-6.451243
-6.938912
-8.462108
-8.033801
-7.980174
-10.631706
-7.400485
-6.933878
-11.183214
-8.498284
-8.142549
-6.118334
-10.839526
-11.953857
-11.243932
-11.191126
-7.469618
-10.116085
-10.412242
-6.899947
-8.702420
-9.663305
-8.390585
-9.819395
-12.933008
-11.345851
-11.873793
-7.957552
-11.327997
-10.316912
-7.464044
-7.130972
-10.134597
-7.573876
-9.657720
-8.644302
-7.323359
-9.758297
-8.955546
-8.062375
-6.134640
-8.505498
-11.611972
-6.251312
-8.208634
-8.239212
-6.841802
-9.423679
-8.320416
-4.962644
-8.454092
-6.804714
-7.735740
-8.368554
-5.377303
-7.139380
-3.537095
-5.492546
-4.676533
-3.219235
-7.525132
-3.268549
-1.349477
-6.812227
-0.782163
-5.967225
-6.084002
-1.554657
-4.885676
-4.066518
-4.661981
-4.005315
1.280971
1.550873
0.259030
-0.912814
2.226731
