-0.760317
2.367515
0.635600
-0.897374
2.471721
-0.281988
-0.072446
4.640332
3.951317
1.085788
4.042937
4.225816
4.996721
2.047973
4.500816
4.088957
6.149485
3.987380
6.378179
4.080410
8.548365
7.783059
8.027181
8.739823
6.361845
7.422375
7.465474
5.407730
8.034388
5.220747
6.428701
11.085516
8.427792
6.661413
11.658857
8.271317
10.602231
8.543319
11.945098
7.922768
7.673471
7.168685
7.312464
10.512446
8.423842
8.011299
12.584298
7.385812
7.598477
10.346516
11.545724
10.329965
12.569097
11.284839
6.979403
8.782304
10.718013
10.784494
6.721138
8.399152
8.500816
9.193225
8.102424
7.414824
7.392557
7.035030
7.193143
6.196351
10.637244
8.918290
10.702121
10.477598
6.451056
5.578323
7.632936
7.821507
7.058009
5.182120
5.618653
8.556952
7.918415
6.271587
5.243453
6.427099
4.840559
3.309466
6.345124
5.831600
5.902556
3.941633
3.229088
1.612483
-0.036754
-0.820221
3.880536
-0.083125
-0.383178
0.721470
1.757987
-0.326245
-0.878044
-2.989849
-3.447394
-0.722380
0.506038
-1.063689
-0.405555
-4.451419
-4.307188
-4.342400
-1.906844
-3.026823
-5.242953
-5.957891
-4.552336
-3.358657
-4.876322
-2.444143
-6.216077
-7.565695
-6.072473
-6.600344
-8.468871
-9.044534
-9.503158
-9.511969
-5.034915
-8.026175
-6.545553
-10.849433
-9.221412
-11.069440
-9.236105
-11.300908
-6.666322
-11.695957
-11.312158
-10.774458
-10.823002
-9.616955
-11.923636
-9.229753
-8.179046
-11.989016
-7.854722
-8.832047
-12.589928
-10.189219
-9.321265
-9.776064
-10.579349
-7.791314
-8.240066
-10.290118
-11.460251
-7.134504
-8.717853
-12.531822
-12.279087
-7.610510
-8.482582
-11.980939
-10.668786
-6.372618
-11.866190
-6.091358
-10.515320
-6.471614
-9.805655
-7.687834
-8.263778
-7.206951
-7.655087
-6.123645
-6.018289
-5.915862
-3.832357
-3.591683
-5.347825
-8.329012
-6.313670
-7.425816
-4.668103
-7.775742
-3.751877
-4.016480
-2.704065
-2.220298
-4.026710
-4.588401
-0.788330
-1.203929
-1.205824
-0.325859
0.254018
0.269715
1.967487
-1.852490
-2.613543
-0.136876
