-2.280408
-0.828934
3.870857
-0.898986
4.114605
-0.037152
-0.181147
3.635623
3.708809
2.375402
5.087245
5.705967
4.772926
3.667591
6.362594
4.834689
4.662805
4.283058
4.244641
5.150449
4.771744
6.843508
6.643439
7.321430
7.517765
6.486996
10.058456
8.180802
7.696563
10.995014
6.098910
10.164813
10.863790
6.353986
8.611269
7.377256
8.947224
11.591068
9.875299
11.420522
9.804045
10.917221
11.472805
7.643875
11.317796
11.603075
12.638938
11.724163
12.191915
10.759254
11.872867
12.444294
9.477851
8.446489
12.686170
12.805903
10.430737
8.754923
9.874082
8.276454
9.036465
11.678767
11.594644
9.324037
8.409695
9.329134
11.226864
6.092500
6.999809
10.178303
7.110006
8.797618
8.462965
6.364425
8.272039
4.478363
7.788248
8.474568
6.788399
4.443075
6.202175
3.646838
2.853442
1.968208
2.141859
4.657473
6.380857
6.476999
0.593799
5.639823
1.455271
4.530699
0.044090
4.731840
1.122123
3.857028
2.249956
-0.181531
-1.593178
-2.306852
-2.560783
2.081529
-3.675890
-1.920275
0.570995
-1.254638
-2.300037
-3.925516
-0.019747
-6.046564
-3.223142
-4.170564
-2.059176
-3.283171
-2.848151
-6.126106
-4.922538
-8.053121
-6.311962
-8.365859
-7.818142
-4.836271
-8.161866
-7.205065
-5.499940
-5.409631
-10.229181
-8.496884
-6.419542
-9.127214
-11.173229
-8.470674
-9.047033
-6.335485
-11.093654
-9.816545
-9.696703
-9.793302
-8.038441
-8.161551
-10.685722
-11.226874
-10.942643
-11.355425
-8.791126
-8.657368
-12.930205
-10.012356
-7.630553
-7.094100
-11.298107
-8.925475
-8.479260
-7.828457
-8.662341
-10.835436
-9.499906
-10.478197
-11.584739
-6.837042
-6.536167
-7.055715
-10.663694
-7.387952
-8.235274
-10.998535
-10.644324
-8.648712
-9.538551
-8.889850
-7.425185
-8.957474
-9.596184
-6.010651
-7.065051
-3.897328
-7.469620
-4.612786
-5.998562
-8.187198
-5.500828
-4.277243
-3.727936
-6.581549
-4.957877
-4.226243
-5.649322
-3.961410
-5.419263
-2.310595
-4.434778
-1.285210
-3.790588
-0.397743
-2.508084
-0.216756
2.003176
-0.533806
-2.869236
-2.882543
