1.683395
0.883312
1.725629
-0.132210
2.115217
4.071644
4.734702
5.193616
0.190138
5.766998
3.367179
1.089410
1.893329
3.034232
2.552399
6.228704
7.368597
7.466808
6.653010
7.668830
3.731952
6.510251
3.965248
8.727347
6.145180
9.263231
8.850891
6.728895
6.170334
7.129211
8.026556
8.615763
8.014655
10.274600
6.071699
8.296167
7.297634
8.529656
8.393894
6.621636
10.714321
10.719859
11.757386
9.441201
10.691332
10.911838
9.090255
8.891477
11.133704
7.157884
12.634591
10.739525
7.766228
12.552224
9.684032
12.422099
12.598649
8.392001
9.835789
6.586018
7.351714
8.407646
10.816307
7.969476
9.230935
8.043801
10.108678
11.353720
7.953506
5.537935
5.504179
6.722486
6.254363
9.791536
7.099641
7.320814
3.923222
4.974841
7.826331
6.106019
8.259407
5.583926
4.568109
7.602073
5.134651
6.905388
5.537522
1.346467
2.098175
1.365751
2.278510
2.496926
4.228654
3.551451
2.066270
1.367227
-0.264435
1.768815
1.081562
1.658470
1.893855
-3.469227
-0.247985
-3.063581
0.624239
0.695384
-0.097901
-5.254061
-2.626592
-3.907233
-5.966612
-5.191700
-6.617092
-5.869737
-1.927266
-2.977239
-7.862004
-2.549395
-3.040553
-8.602317
-7.151950
-5.075115
-9.424371
-8.388413
-8.231854
-5.285693
-7.370139
-10.012220
-10.065736
-8.662923
-10.314924
-5.776560
-10.828383
-10.396396
-11.749588
-6.703536
-7.852145
-11.073478
-10.365291
-8.932826
-8.928024
-12.291347
-11.699727
-11.782175
-7.738035
-9.443916
-11.744635
-8.927699
-12.398254
-12.975327
-9.624855
-10.841444
-10.363750
-11.276709
-9.842043
-11.245114
-12.724223
-7.135774
-9.635980
-11.184190
-7.098492
-11.575757
-8.985590
-11.026313
-6.116537
-6.092312
-8.657440
-10.439726
-7.005476
-6.549546
-8.022322
-5.686083
-5.478631
-6.867734
-5.372561
-6.990986
-4.947134
-3.998268
-3.390546
-8.090042
-4.862347
-3.860742
-6.945141
-5.154997
-5.787919
-4.641665
-2.891800
-5.163274
-1.154529
-2.872950
-0.315586
-2.691411
-2.942622
-0.712880
-0.022846
1.197382
-3.567278
1.072837
-2.306888
1.997095
