-1.150121
3.114671
-1.676562
1.767294
-1.101988
-0.225381
2.566040
4.619911
3.440493
4.138637
1.626227
2.075012
3.079942
4.235076
3.315698
6.921590
4.343602
5.816792
4.407329
2.899745
5.789240
4.534970
3.830788
7.670181
8.611368
8.745948
8.193419
5.503848
7.027359
5.162347
10.063394
10.347930
10.312977
6.350729
8.678970
6.337096
8.177547
9.369717
9.172837
8.047883
9.781806
8.457458
8.907240
8.664970
8.591771
9.376808
7.127572
7.346668
9.925052
11.728579
10.930342
12.036290
7.757092
11.873528
7.278877
11.137327
12.439469
12.490749
10.347242
9.247407
7.353319
10.235781
9.820388
9.790530
7.818838
9.313178
8.448873
10.749282
7.383448
5.500542
9.583535
9.711946
9.174404
5.551085
9.496919
3.873987
8.506467
7.001737
5.246245
5.670973
5.239993
3.825940
3.824219
6.873213
3.929905
6.692976
6.606043
2.930919
3.637200
3.067099
2.087652
1.731626
4.058353
3.211247
3.578052
3.355309
0.744109
3.217280
2.886777
-1.006990
1.243275
0.088558
-1.239073
-0.917120
-1.214243
0.132344
-3.932308
-3.259599
-4.640371
-3.378515
-5.064898
-1.172949
-6.348797
-6.156176
-4.222143
-5.484274
-6.166452
-4.506448
-2.797619
-4.851167
-7.957688
-4.391894
-3.794123
-9.576311
-9.503108
-5.834319
-8.845121
-7.682098
-9.411065
-8.295288
-9.739994
-9.546919
-8.636160
-11.164575
-8.990547
-9.733523
-9.945522
-8.055567
-8.030784
-9.606584
-7.100263
-9.718663
-9.116042
-12.345023
-10.348430
-10.313412
-7.071526
-7.610477
-10.636436
-12.928192
-7.699745
-8.214026
-7.443404
-12.406249
-12.258063
-7.303192
-11.289166
-10.473947
-8.095402
-6.716533
-8.097185
-6.681903
-10.146609
-10.160974
-10.958866
-10.676546
-7.731560
-11.121001
-9.608993
-7.406454
-9.877480
-5.574705
-10.426720
-4.978591
-9.212421
-6.014596
-6.050118
-8.136898
-4.129675
-8.509213
-7.280465
-8.017925
-5.495899
-5.477171
-6.651933
-5.786804
-5.283394
-2.037241
-1.553498
-4.625860
-1.839059
-1.230216
-0.897607
0.588813
-1.882614
-0.706403
-3.002073
-0.021585
-2.513543
-1.436070
