2.919903
-0.256082
2.251334
0.948355
2.656335
3.939158
1.300616
1.017858
1.529410
3.506099
2.306984
1.350590
2.324489
3.273452
2.390142
3.266002
2.386539
7.147061
3.989304
8.151009
6.339310
8.663938
7.309811
4.881440
4.331991
9.153213
6.117667
8.453112
7.435894
10.212182
8.441149
7.173098
5.929142
8.588135
8.823929
6.363898
7.523592
10.277002
7.646017
9.603034
9.379925
10.707275
8.285116
9.047270
9.407362
10.641105
8.346090
12.151350
8.705269
7.085399
9.079357
11.556723
12.312677
7.788753
10.193500
8.617348
8.506212
8.303732
9.005344
12.303158
8.637351
11.491805
10.753092
11.961113
10.133997
11.628592
7.706050
6.272190
6.866937
7.325792
6.961743
10.511977
6.808267
4.753866
7.659705
4.214942
6.956900
7.333324
5.248413
8.556487
7.412604
3.234913
3.694999
6.505694
5.392976
3.396549
1.489372
4.765424
2.509427
4.015962
2.748692
0.252277
3.794409
0.020708
2.644867
4.060148
1.627839
1.896931
-2.409659
-2.700980
-2.475138
-2.646519
-2.898027
-2.571757
-1.206889
-2.315921
-1.089691
-3.472056
-5.301924
-5.828192
-6.040033
-1.315664
-2.010158
-4.526680
-6.259440
-1.943807
-2.852971
-3.466471
-3.938789
-3.754033
-5.336292
-8.367238
-8.188703
-9.503416
-6.086800
-10.044010
-5.670309
-6.052630
-10.374885
-6.693454
-9.881131
-9.765153
-7.344356
-7.781760
-8.860178
-10.416396
-11.104872
-10.624038
-9.811590
-10.634980
-10.595284
-10.723664
-7.277623
-11.185112
-10.317426
-9.876004
-10.497916
-8.826364
-8.250734
-12.916787
-9.667576
-12.637604
-9.541948
-7.115544
-7.822297
-7.613438
-10.783699
-11.717523
-8.531958
-8.848060
-9.125877
-11.285162
-8.343777
-8.473039
-9.985030
-7.906172
-7.432118
-11.001116
-10.064807
-9.407298
-10.674138
-9.519697
-7.455804
-6.164732
-5.758258
-7.643164
-5.836205
-4.658098
-4.440886
-5.534881
-5.209297
-2.818071
-4.104302
-2.172521
-4.802686
-6.310065
-4.319688
-6.169008
-3.054899
-4.471563
-4.515061
-2.383446
-0.168367
-0.568995
-1.704907
-2.710622
0.266642
0.433310
-1.730768
-2.281987
