1.973126
2.928925
1.605770
0.363447
1.425642
4.105762
4.589186
0.043862
5.578036
0.651529
5.514969
1.126738
2.483249
5.089474
4.604078
6.141605
4.087171
2.481971
5.300913
8.495695
4.045027
6.220356
8.608193
7.639741
4.802698
7.782597
5.384673
6.545321
10.222896
5.745362
7.590463
6.150058
10.171865
7.104933
10.917926
9.922880
12.048028
9.763065
10.480534
7.254416
8.366016
7.251623
12.442489
12.628800
8.032623
9.989091
8.976261
11.062288
7.559416
9.368026
12.627560
9.322129
11.832844
8.646636
10.220081
9.157054
12.731014
6.700714
9.683580
8.268259
6.721258
12.012715
11.434845
7.263997
6.412902
5.764989
9.235486
8.017872
10.588834
8.141960
7.591358
5.889456
10.488603
5.205463
4.799349
5.869131
7.515805
4.259190
4.334240
4.073138
5.135130
7.246026
6.644945
4.321650
4.584742
4.232546
3.953279
4.283401
2.582297
1.099161
2.403780
2.680253
0.211610
2.311572
0.971855
3.596492
0.010351
1.886922
-0.829458
2.590839
-3.168524
1.814173
-0.342639
-2.008167
-1.424193
-2.998341
-1.849138
-1.415135
-5.721990
-0.588138
-3.764664
-6.565143
-2.243024
-3.828254
-1.972926
-6.135454
-5.613369
-7.985169
-2.959813
-6.473065
-5.915739
-8.586810
-6.811548
-5.291262
-6.756782
-7.140751
-9.008747
-8.686121
-9.531011
-8.409818
-7.049754
-8.788678
-8.703224
-10.529075
-8.093492
-6.267777
-7.808805
-6.337458
-11.993921
-9.546878
-6.677822
-7.724589
-8.149164
-12.080392
-11.702933
-8.113373
-11.236914
-9.880704
-8.777768
-9.609610
-10.121382
-8.454588
-9.407005
-7.580446
-9.722328
-9.021877
-9.420329
-7.859260
-9.480344
-8.999001
-7.811052
-6.313030
-11.814592
-11.314234
-10.701968
-10.685238
-8.807367
-7.769136
-10.727340
-6.908420
-6.846618
-7.009314
-7.033470
-5.024428
-6.880585
-9.204866
-8.188145
-4.890470
-4.311909
-7.079268
-7.572778
-2.387811
-4.723249
-7.642308
-7.309244
-2.046116
-3.469805
-0.795406
-5.584539
-4.680253
-0.354154
-2.404988
-3.498446
-1.952116
0.245448
-4.233054
-0.716957
-1.664048
-0.002688
0.134789
