3.036146
-2.328059
2.801770
1.885299
0.689900
2.596741
2.518819
3.029209
3.184104
2.831794
1.885516
4.416209
5.863618
7.044503
7.157445
6.623944
5.879384
5.048606
6.759199
3.168779
6.580506
5.112544
5.512057
8.229965
8.198565
8.651724
7.580333
7.695389
9.967008
9.832122
10.831463
10.738659
11.111728
9.377301
9.453944
9.091428
10.875320
10.149018
10.553388
11.826153
8.124428
7.451544
8.899968
10.375900
12.188312
11.708414
12.380044
9.248922
11.810589
7.380670
7.532384
7.189729
8.930609
9.701601
7.603316
12.311191
11.818666
6.918457
11.308222
8.243628
10.909724
7.638338
9.742478
7.108460
6.383113
6.953995
9.627714
10.577611
8.168111
6.434347
7.585098
8.513127
7.819506
8.723219
5.690351
7.601798
7.694476
4.150284
7.964988
4.296968
8.444019
4.481593
2.880805
5.947955
2.580108
4.228958
4.026431
5.430091
4.112722
5.439844
3.709653
3.616221
2.619040
0.132570
3.663350
-1.643419
0.756363
-0.086402
-0.680047
0.709502
-1.425532
-0.100397
-2.885791
-1.215222
-3.493471
-2.462936
-2.671791
0.168738
-0.146716
-1.453854
-5.156969
-2.108238
-1.831225
-5.588728
-2.801630
-4.956372
-6.364800
-6.351032
-4.205575
-6.324748
-3.809069
-7.070339
-6.864597
-6.869099
-9.161497
-7.914842
-7.294807
-8.060873
-5.144653
-9.183446
-6.835473
-10.081005
-9.404943
-7.539224
-8.746060
-7.223111
-9.134887
-7.630030
-11.754329
-12.492087
-11.427756
-8.795232
-10.119454
-11.689746
-10.407220
-12.681403
-8.275600
-8.263202
-12.736097
-7.928697
-9.772533
-11.541093
-10.483522
-12.035151
-8.143075
-7.262715
-10.582061
-11.800659
-11.106848
-8.911696
-8.127783
-11.143278
-9.314587
-9.897136
-9.145746
-10.362936
-8.787369
-6.397429
-10.826500
-8.364187
-6.271568
-8.589767
-9.391893
-5.095692
-6.939247
-5.777273
-7.886447
-7.887380
-7.360277
-4.276166
-4.660829
-8.213288
-6.859744
-7.265582
-3.932914
-4.200250
-6.705354
-1.042824
-6.386095
-2.505265
-2.267309
-1.113765
-3.793418
-3.347089
0.522250
-1.470175
-2.308534
0.272062
0.691645
2.166062
