-1.762751
-0.258201
0.707604
1.954633
0.994167
3.448689
4.867236
-0.435469
0.597281
1.703468
4.503837
2.102703
6.776097
5.358686
5.278458
2.555635
6.809784
4.425729
6.681315
5.662005
6.728915
5.378375
8.883881
7.722272
9.301991
6.109394
7.666339
10.226355
6.287132
7.929143
10.651796
10.904342
8.350164
8.720666
7.962891
9.448039
7.829261
11.952930
7.673334
8.625835
10.680562
9.625511
8.099361
12.153910
11.022518
11.886424
10.650078
12.902120
7.523150
8.012598
10.962347
11.801454
7.924602
9.638647
6.937786
11.490681
9.556074
9.594884
8.367621
6.893658
9.120209
7.483585
8.784077
8.032894
7.696835
6.911357
5.931800
8.609496
10.727128
5.142333
6.957588
7.590894
9.785661
5.597824
4.258035
6.354469
8.264836
4.171971
9.081222
3.574981
8.432680
8.183458
5.387255
5.256764
4.867857
5.961471
3.229280
2.838384
1.259782
5.054489
5.711666
2.830113
2.542564
2.325580
4.475836
1.388751
1.036051
3.515386
1.162406
1.229811
1.693838
-2.630307
1.345280
-3.606231
0.593041
-1.978806
-2.292825
0.111869
-1.426727
-2.188391
-1.681105
-4.992577
-3.796094
-7.163121
-2.993303
-2.482326
-7.016894
-5.557676
-3.743518
-4.736643
-6.662702
-8.415735
-5.252189
-8.540940
-7.160595
-5.176546
-7.134745
-9.881192
-8.276319
-10.285087
-8.130282
-7.021017
-11.559391
-10.757367
-5.938295
-11.493315
-7.166704
-10.444463
-7.049778
-11.049829
-11.254384
-8.511988
-6.846764
-8.261025
-9.398363
-6.997069
-12.508294
-7.322977
-7.676450
-12.200570
-10.975548
-11.031980
-8.155226
-7.555882
-11.489141
-7.165596
-11.514007
-12.204738
-8.095625
-10.361913
-12.282771
-6.717303
-8.320993
-9.881153
-6.714027
-9.273792
-11.122103
-5.804194
-6.868892
-5.301464
-5.143374
-9.467864
-9.285702
-4.854477
-6.161594
-7.903297
-9.231018
-4.269207
-3.571421
-4.214080
-4.934871
-7.960658
-6.288866
-3.394723
-5.218283
-6.656626
-4.835435
-1.542230
-5.556372
-2.141199
-2.340218
-4.324705
-2.555185
-0.787404
1.373822
-0.865202
-0.095767
1.197985
2.393329
-1.964607
