2.313091
-1.780796
-0.265910
0.540949
-0.925033
4.791783
3.865681
1.962773
2.903902
3.836287
5.979387
4.148700
2.322584
1.657950
4.777476
3.729191
3.369798
2.901892
5.945025
3.794650
5.411169
5.884043
6.831946
8.646191
5.205135
10.002600
10.011107
7.202136
10.413479
7.239712
7.166051
8.844371
5.874801
9.572899
7.820666
9.619363
8.783603
10.654493
8.362470
11.527939
9.156190
8.694958
10.563483
9.180696
12.852457
9.469090
11.824224
11.696049
7.521095
11.093687
7.338069
7.572755
12.193164
8.069341
9.633866
11.280613
9.296884
12.050624
7.115952
9.216726
12.322119
6.307941
7.321764
7.161042
9.243485
9.577226
9.196206
11.112378
8.244556
6.287499
5.717355
9.382032
8.366013
9.792434
8.098992
5.369495
7.251759
5.447667
4.566289
8.529669
4.022406
6.022544
6.632732
6.148791
6.774017
6.710593
3.417195
5.554109
0.942514
0.335540
2.350755
4.048159
2.973056
0.121254
0.130706
1.221901
1.155953
0.666730
3.245140
-1.273544
-0.677635
2.135927
1.421245
-0.784210
-4.111164
-3.135489
-2.448414
-1.779660
-2.182004
-1.576211
-1.075647
-5.426607
-2.766072
-5.836053
-2.214852
-4.366415
-5.553032
-8.155592
-3.453625
-7.403548
-7.529705
-6.805202
-4.219442
-9.456288
-6.985562
-10.205412
-8.913822
-6.098074
-5.878597
-10.461233
-9.121090
-7.218924
-10.131050
-8.030116
-9.376310
-8.972367
-8.338075
-9.944552
-8.489177
-9.886959
-10.334774
-11.949612
-8.072669
-12.598529
-7.796877
-8.657850
-9.982269
-10.245233
-9.019947
-8.125620
-11.628244
-8.171017
-7.881551
-10.995595
-10.882914
-9.764948
-8.235222
-8.516300
-8.864259
-8.000669
-6.876661
-7.996602
-7.370803
-11.781892
-6.133810
-8.321189
-5.975689
-6.242670
-10.922114
-7.082232
-10.139110
-6.807086
-9.626138
-6.675539
-5.132923
-8.981658
-4.938709
-5.748155
-7.618354
-6.386631
-5.891024
-5.274574
-4.229320
-6.104271
-3.764963
-3.958079
-6.803333
-1.381543
-5.988082
-5.531033
-2.686401
-1.392984
-1.486259
-1.023526
0.195705
-0.098463
-2.757940
2.340480
-3.297155
-2.541244
