3.028903
1.887488
-1.169040
4.004391
-1.165150
-0.466733
2.143261
1.548983
4.601887
3.533476
0.693253
3.867736
1.782533
5.357029
4.167419
7.402167
4.511564
5.376853
8.050237
5.963864
5.592136
4.894943
9.329772
9.493374
5.692614
5.071014
7.595425
7.890489
8.577697
6.193903
8.371388
10.959832
9.694002
10.871055
10.857184
9.652303
6.694832
6.687425
9.582185
8.067342
10.006116
7.226350
7.775207
7.803996
10.830280
9.628408
7.374818
11.154937
12.512184
9.915540
12.365131
11.479376
7.007651
7.666915
12.423573
7.817090
12.255893
10.668500
6.900156
7.999315
10.833069
12.118152
9.542754
6.383505
10.129194
6.304253
6.345748
8.234484
8.990689
8.443479
8.205995
8.580922
8.816036
4.853137
9.302121
8.173147
9.444404
3.401820
8.677851
4.223625
7.768012
3.737266
3.846059
6.810715
5.700004
2.649702
4.306248
4.070569
3.922885
2.692058
5.538211
5.024561
1.244087
3.224939
0.583754
-1.100966
1.561523
2.369654
0.756343
-0.239949
-2.383606
-1.239463
-3.458002
-4.123349
-2.726106
1.112715
-2.357767
-2.635399
-5.417025
-0.161425
-0.951815
-4.360677
-3.239294
-6.835553
-1.957285
-2.000593
-6.038293
-7.506834
-2.833024
-5.846649
-7.110000
-5.058269
-7.783136
-6.989485
-8.673180
-8.619868
-6.185935
-5.326613
-7.202100
-10.442854
-10.240842
-9.231651
-6.504472
-6.339583
-8.366724
-10.347576
-9.662504
-6.530632
-10.332616
-10.694284
-12.073352
-10.681912
-11.350654
-11.294844
-9.708098
-7.070685
-8.304966
-9.335103
-12.737805
-7.222993
-7.301803
-11.379414
-8.794308
-12.733146
-7.658968
-10.181085
-10.224274
-7.222230
-10.909692
-6.520598
-10.639281
-10.439743
-8.596322
-10.984029
-9.809027
-8.196693
-10.060818
-8.512845
-7.904553
-9.492923
-8.542451
-6.790431
-6.222497
-8.900527
-10.024181
-8.606884
-7.550112
-6.491086
-4.906258
-3.209179
-4.730171
-4.887568
-4.010467
-4.481466
-5.814592
-5.413922
-4.824378
-4.333841
-3.570505
-2.445550
-4.595628
-1.792701
-2.232698
-4.230017
0.418204
1.241782
-1.809664
-1.917303
2.018752
1.390719
