0.621800
-0.353086
2.710899
2.798934
2.043627
2.105698
3.819676
4.829416
4.559465
5.350049
3.260782
1.080628
5.681660
6.173023
4.107267
1.978037
3.123107
4.369702
7.989758
7.933627
3.181570
4.572900
6.875910
6.510044
8.611386
9.626721
6.345487
6.683940
7.492800
9.942563
6.701447
8.297926
7.340998
9.885155
7.129056
7.016540
10.737824
11.224281
8.179004
9.532621
9.243154
8.896980
9.537006
11.625831
9.938156
9.426355
8.928057
12.863518
10.077111
11.184567
9.257123
8.178577
8.136158
12.753132
12.180837
11.983424
9.788078
11.074604
9.790715
11.533674
8.250788
10.862643
7.200681
9.192164
6.119713
6.653838
6.864225
8.493178
10.678938
10.378584
7.899531
9.718080
7.508842
4.899039
4.974725
9.431833
4.156490
5.697947
9.088083
4.032885
2.913676
3.459445
6.590524
7.234580
2.778570
3.768080
6.883027
3.856795
1.480217
5.160449
2.773919
0.302237
1.854781
0.692611
1.529274
1.838819
0.384616
3.032932
-0.648080
-1.962585
2.260369
-2.621429
0.249160
-1.261045
1.260012
-0.744231
-4.239662
-2.216391
-1.641719
-2.184920
-5.529893
-2.388086
-5.251529
-3.467763
-5.898247
-2.629506
-7.792355
-3.755760
-6.295608
-8.538367
-7.826678
-5.494915
-6.280579
-6.748338
-8.198734
-5.671997
-8.022484
-10.387039
-8.775088
-6.652257
-9.852617
-7.322267
-8.652071
-7.958574
-10.792269
-7.261276
-11.606780
-11.063752
-10.995232
-9.750322
-7.251247
-12.501657
-8.857510
-12.238541
-9.414409
-10.484755
-11.581319
-11.921505
-10.862271
-9.103905
-8.102353
-10.484704
-8.572212
-9.126069
-12.366028
-9.580187
-7.937180
-8.367463
-10.741476
-10.489210
-11.798098
-6.403679
-8.239005
-6.730564
-11.410372
-6.381921
-6.432150
-9.379297
-5.646083
-10.592879
-10.203693
-10.500707
-9.964756
-9.946457
-5.262023
-7.012335
-7.535682
-4.370256
-5.823957
-6.221035
-3.950426
-6.568345
-3.303377
-2.794026
-3.214789
-7.008631
-3.168275
-6.509910
-5.345622
-2.022128
-1.969770
0.280708
-5.054717
-2.661169
-2.495872
-0.468477
-2.945185
0.001027
1.815698
2.233353
