0.647105
1.139656
-1.078690
0.188638
-0.755472
-0.854191
3.989211
1.768389
1.553818
5.182123
3.120507
1.868711
3.842481
3.265812
1.746583
7.680300
5.975467
5.644107
5.291146
3.155744
5.368339
8.857880
5.738867
6.685516
6.242279
9.271625
6.731053
7.078127
7.283818
9.460393
9.531706
7.952339
11.253434
9.867884
9.253125
7.738419
8.040656
11.775256
11.589893
9.593496
11.366196
10.369610
11.581646
8.379687
7.898927
11.886062
8.864389
8.934579
9.007697
10.090038
8.664749
7.322682
11.625256
7.130091
12.041002
8.779806
11.605442
6.904084
9.242389
11.239923
11.724390
10.328975
11.769886
9.557931
9.029241
10.463822
8.858727
5.692628
8.379430
5.821972
8.632043
7.733997
6.560506
9.223806
5.250134
5.287740
5.999231
4.966964
9.113380
6.743255
6.479137
2.863238
7.022241
2.719131
3.285978
5.195342
5.995317
3.096248
2.329448
1.041410
4.445006
4.386380
4.321384
1.164294
0.901017
2.008780
0.109185
-0.902245
1.227457
-1.540524
-0.002856
-2.212877
-1.846667
1.713612
-3.662668
-0.747648
-4.291013
-3.288781
-4.381186
-0.622372
-3.586892
-5.430707
-4.863304
-2.805342
-2.826937
-6.317700
-5.483447
-5.094118
-6.862532
-5.264308
-7.363363
-8.369530
-5.057092
-7.964248
-8.785029
-5.606964
-8.310531
-8.260057
-7.184003
-5.849706
-5.484879
-9.419925
-9.974107
-6.675614
-9.170497
-6.145619
-12.165509
-11.896584
-12.201240
-7.141986
-7.529588
-10.167294
-8.670588
-9.979334
-11.305518
-12.228081
-7.461962
-10.311576
-11.514961
-8.821703
-12.266970
-12.941437
-10.796802
-7.586651
-7.132144
-7.029512
-11.870875
-10.094219
-7.600980
-12.064270
-9.824458
-6.737725
-11.656428
-7.277829
-8.294492
-6.245798
-8.807332
-8.994528
-8.369554
-8.244369
-8.365896
-7.967234
-7.731911
-6.044409
-5.110322
-4.859158
-6.408719
-4.408655
-8.614408
-8.035191
-5.456378
-6.241634
-5.387615
-6.002764
-2.234718
-2.766531
-4.003838
-5.134674
-0.663334
-4.130599
0.199706
-1.664646
-2.529688
-2.694413
-2.655504
0.514308
1.739529
-1.031037
0.894880
2.297851
