-1.247068
1.598333
-1.107652
0.144940
-1.048983
0.362473
1.803056
3.693152
5.242742
0.487626
2.531630
2.298398
6.371816
2.009327
5.996472
7.632400
2.461166
6.100387
6.045396
3.186041
8.185615
7.791110
8.448879
7.215048
9.494652
7.627091
8.318189
7.458243
6.176009
11.073961
6.821466
6.791730
11.207942
7.734858
11.181789
8.010788
8.879761
9.313995
9.650497
9.576641
6.999725
10.288157
10.452170
9.128180
10.146064
9.399680
7.005483
10.796567
11.403856
11.746496
9.766606
8.609687
8.329462
12.224884
10.787567
6.975632
9.060352
11.966785
8.913715
11.643637
11.489352
8.809800
9.123284
11.580309
11.357576
8.280705
9.701645
6.433963
5.271426
8.620603
9.699175
9.770609
5.105594
7.050799
8.274223
6.290533
4.716997
7.458362
5.986969
8.110597
4.346584
5.962415
4.615944
6.511948
4.856641
1.368777
2.961979
5.197738
4.455536
2.811003
0.088852
4.285361
3.965117
3.309272
3.249174
-1.257973
2.884457
0.893158
-0.497412
0.784549
-1.130585
-3.142616
-3.642002
-0.313353
1.053433
0.693285
-2.745176
-0.796906
-2.612777
-0.352515
-2.011881
-1.152324
-2.273351
-3.841702
-6.779659
-4.602223
-5.080247
-7.183154
-7.314460
-5.167421
-4.557247
-8.696964
-5.459980
-9.486569
-5.720987
-8.782677
-10.309330
-6.998154
-7.787723
-11.017815
-6.183619
-9.210200
-10.010059
-6.989541
-8.961709
-7.413038
-9.340957
-12.010636
-9.150896
-12.115408
-10.455234
-11.645378
-11.945565
-9.996699
-8.874342
-11.502455
-11.789958
-8.846102
-9.495568
-8.337229
-10.680719
-12.952082
-12.308410
-12.365167
-8.309611
-8.062834
-9.842764
-10.624389
-8.155542
-11.822898
-10.223221
-7.283230
-6.384248
-9.564656
-8.712134
-11.572001
-11.575073
-7.193730
-10.220637
-7.129747
-6.474729
-9.343652
-8.596636
-8.558937
-7.621156
-9.310361
-7.451283
-4.438835
-8.271286
-8.017971
-3.865204
-3.449609
-2.935816
-3.815420
-2.616156
-2.605156
-5.490092
-3.799189
-3.142872
-4.116406
-3.703079
-1.840516
0.295543
-3.999414
-0.753779
1.003790
-0.705615
0.911188
-0.432144
0.302542
