0.942377
-0.573211
1.765942
3.035602
3.704906
4.703312
0.904478
3.514097
2.735994
3.684548
5.663192
3.265445
2.166846
1.388590
4.309420
5.172375
3.642637
5.970044
7.546247
7.284456
8.639715
5.761952
8.613455
8.956175
4.854535
9.498820
8.147185
9.095798
6.734964
6.214445
9.513983
10.665312
10.203630
6.171685
9.491673
11.609447
11.843310
10.336642
11.290618
11.807189
11.068782
6.873994
11.597824
8.289458
11.286486
8.898507
9.121817
8.773684
11.818596
9.083791
7.160677
10.273919
7.766262
10.412358
7.446497
11.953981
10.650315
9.139860
12.540540
9.304974
11.755259
7.611702
6.942516
7.838710
10.354242
8.814304
9.921902
8.891630
10.203309
7.689508
8.338788
8.167180
7.945117
10.196831
7.319156
7.635170
8.604989
8.834708
6.220848
7.079818
6.387024
3.289603
6.209479
6.853709
2.037905
4.122894
2.070012
1.730472
6.072299
3.761693
1.713476
2.102293
1.134948
4.795095
2.183907
0.269123
3.448495
2.142297
-2.575777
1.205803
-0.769184
-3.166202
-3.855458
0.889254
-2.045950
-2.955234
-4.146120
-2.813178
-4.483610
-1.648250
-4.343977
-1.188512
-1.048784
-6.122399
-2.537106
-7.452933
-7.134670
-3.121898
-3.191441
-3.569932
-3.539527
-5.412122
-8.790315
-5.911019
-4.977537
-8.548659
-10.104090
-7.125585
-10.838776
-6.123957
-9.974798
-7.939865
-8.013109
-7.449653
-11.192197
-8.803787
-11.926831
-9.624736
-8.790414
-8.032153
-6.777982
-11.789616
-7.161710
-7.255799
-7.309240
-7.381531
-9.121542
-10.707970
-10.347295
-12.231617
-11.510706
-9.855034
-11.988859
-8.723466
-7.191037
-11.030747
-12.617421
-12.557259
-11.508136
-8.640394
-10.409816
-10.625200
-7.047286
-7.757877
-9.141048
-6.802892
-7.859342
-8.217527
-10.675307
-10.983454
-8.823022
-6.226437
-10.083265
-7.988658
-4.204710
-7.827238
-8.939188
-7.569236
-8.121050
-6.496131
-4.891636
-3.110555
-3.484186
-2.960555
-5.895500
-4.535303
-3.169023
-3.376644
-3.044995
-1.814124
-0.100614
-4.152954
-3.754800
-2.940328
-1.548661
0.046035
-3.500893
0.834548
-0.452475
-0.437565
