-0.325200
2.459786
0.351993
0.572756
3.253177
0.071680
4.312956
0.541929
2.026199
4.653077
1.908448
3.172448
6.809472
1.546638
4.870585
6.953729
6.264319
4.424688
8.559647
6.703500
6.792363
9.066148
7.222854
5.260798
4.561573
7.344687
6.878463
9.802018
10.504020
5.102985
10.801879
11.152933
10.602153
11.182997
7.712456
6.543215
9.782550
6.981542
9.688238
10.396061
10.417767
9.266803
9.421303
7.351677
9.384639
7.816454
11.428602
7.051994
12.207013
12.137532
12.265552
11.870160
8.895699
10.294511
11.245225
11.448366
9.772542
12.015374
8.628863
8.153295
7.200950
8.826028
8.791046
8.352697
9.423141
8.960686
6.733112
11.194290
9.840960
9.190875
5.939215
6.104114
6.587709
4.940522
4.106443
5.803668
5.498021
8.179164
7.433100
3.022796
4.491091
2.407994
7.206676
5.553605
2.558112
3.154014
1.038313
3.692224
2.510621
4.230513
3.153284
0.229022
5.119811
4.487690
2.694668
-0.395424
0.199950
-0.095938
-2.228169
2.617044
0.339761
-0.049918
-1.810381
0.036042
0.777595
0.890706
-0.195506
-4.945629
-3.731663
-1.984520
-0.911525
-3.596892
-4.065872
-6.510303
-5.201602
-3.580974
-7.583217
-6.889052
-4.999130
-8.290455
-3.498469
-4.576958
-9.105764
-5.696266
-5.649518
-9.043591
-4.571158
-8.041113
-10.584933
-9.251665
-6.436616
-9.785574
-7.042924
-10.458506
-11.331128
-10.255162
-12.135505
-11.137286
-10.887280
-9.551216
-8.085573
-7.276284
-8.357638
-7.154762
-12.784764
-10.227104
-9.106689
-9.818062
-12.768524
-7.012432
-11.911994
-12.874711
-11.331229
-10.519482
-8.029501
-8.251177
-12.025538
-7.875681
-12.186535
-8.463410
-9.431035
-9.845214
-10.473010
-10.891034
-7.671224
-8.659416
-8.672977
-10.511053
-6.611757
-5.778397
-8.279764
-9.893945
-5.387164
-8.630547
-5.682728
-9.212259
-4.487490
-5.939881
-3.190450
-5.409732
-5.740947
-4.592845
-4.058045
-4.948168
-1.715588
-4.932999
-5.338581
-5.259935
-5.889141
-0.257704
-3.643444
-3.630982
-2.707093
-4.460105
-3.007844
0.911889
-0.211870
1.200804
-1.418823
1.846848
