2.316056
2.193490
-1.005386
3.690349
4.143697
4.368725
-0.034504
4.138690
5.099963
2.253033
3.324531
2.169832
5.620130
6.642345
3.867124
3.919476
5.550708
5.197271
6.258379
3.736270
7.888558
3.436690
3.985877
7.253642
5.483845
7.435484
8.744500
5.840398
8.253904
10.511015
9.189800
5.596952
10.567079
8.552846
10.379276
9.956641
6.824354
10.932829
7.633477
7.587534
8.493152
11.809690
9.027149
7.668861
10.439988
11.394870
9.492334
10.930951
9.796373
11.332256
8.084840
8.415659
8.561079
10.441980
12.736154
12.276496
9.318107
9.475235
11.875518
8.186402
10.275309
8.138610
11.891859
7.352869
6.653850
7.379621
10.792706
7.007950
5.519275
8.473053
9.557874
10.361186
5.658389
4.700239
8.010309
9.379678
7.307065
3.551790
9.024658
3.303892
6.463639
8.214108
5.484373
3.787111
4.473372
2.177789
5.227439
4.985974
4.190188
5.279153
1.018018
5.260924
1.508159
-0.237452
0.654187
-1.096014
3.282201
2.223080
-0.370853
2.808620
1.108932
-0.964423
-3.410092
-0.487147
0.936066
-3.486878
-0.821792
-4.044485
-4.459311
-3.283918
-1.819555
-3.499456
-6.729124
-4.804726
-4.821671
-4.241067
-6.088829
-3.782005
-8.086177
-5.781921
-4.084837
-4.387871
-7.809411
-4.206582
-5.268323
-10.087180
-8.976442
-4.999009
-6.704451
-10.264776
-10.697928
-11.204700
-10.621805
-7.215589
-8.057608
-7.788913
-8.971634
-7.881963
-7.745184
-12.127277
-9.073041
-7.395438
-9.967166
-9.909912
-12.752781
-10.714923
-12.146204
-8.152068
-12.004403
-7.136916
-10.544434
-9.198800
-8.516030
-11.342731
-7.308555
-9.540217
-8.339893
-8.067421
-7.343751
-7.043792
-6.667279
-10.192094
-10.933304
-10.801666
-11.677174
-6.014727
-10.419702
-7.344891
-9.818032
-6.785602
-8.910662
-7.526183
-7.909022
-7.331983
-6.872228
-6.288138
-9.147828
-7.492486
-8.162849
-7.236218
-4.911413
-7.205219
-3.023321
-6.736685
-7.430915
-4.952788
-1.958593
-4.370400
-4.720322
-0.436523
-0.827976
-0.876339
-4.744341
-1.482849
-2.191108
0.068364
-1.729239
0.081769
-0.972558
-1.895889
