2.595148
2.961825
0.059920
1.074696
2.270728
1.446913
1.707985
-0.385939
4.811319
3.637187
4.973910
2.370684
4.261322
6.403557
6.575360
3.663876
6.470993
5.322755
5.103409
7.382470
5.198005
7.439805
7.411726
6.986600
9.619993
6.069272
8.099620
8.023182
5.823011
10.676370
6.688272
6.588245
11.405826
7.008230
10.500082
9.147598
8.585519
9.708571
12.399875
7.980054
11.021592
10.558234
10.888730
10.477684
10.400816
8.371996
7.038731
11.894232
9.641026
8.251259
10.380415
11.302403
11.439537
7.673497
12.117601
7.548083
6.895638
11.814473
9.567439
7.913757
11.384198
11.798595
11.267199
10.244947
8.282055
8.813818
9.437790
10.229844
9.711189
9.590975
6.170200
7.979751
9.364524
6.468421
5.047690
8.796350
6.664900
9.372435
7.304169
3.090859
7.955784
3.353660
3.996949
2.493138
6.480925
5.308963
2.435458
4.635415
6.038617
5.888320
2.964933
4.701356
3.086013
4.075998
-0.078897
-1.060005
2.520135
-0.025307
0.120547
1.050571
2.509387
-1.182559
0.920222
-1.626399
-2.054578
-0.586572
0.661354
-1.300917
-2.884169
-3.531322
-4.348797
-6.051539
-6.736972
-3.391248
-1.702463
-6.812079
-7.682667
-2.575558
-6.024956
-8.721483
-4.809978
-6.146381
-6.958316
-9.741928
-9.869690
-10.170066
-6.654596
-7.305772
-9.596112
-8.372396
-6.779507
-10.976961
-10.388862
-8.247414
-11.261829
-10.152522
-9.919528
-6.449440
-10.188618
-7.116201
-12.316700
-8.317146
-7.382423
-9.437100
-10.139914
-9.330442
-9.736912
-11.848074
-9.627869
-7.708509
-7.154964
-8.227963
-11.953634
-12.539792
-10.440658
-6.962519
-8.526611
-7.090937
-6.726354
-10.779370
-10.474504
-7.147542
-7.993619
-7.813697
-9.002023
-7.086642
-11.580933
-9.046916
-6.048884
-6.525717
-8.085925
-7.285945
-4.772062
-5.925184
-7.672242
-6.484552
-5.677789
-8.242959
-7.398251
-5.199063
-7.288064
-5.867554
-6.855007
-2.426193
-3.995439
-2.915942
-3.156189
-4.053699
-1.371322
-0.792637
-2.816965
-0.643031
0.289379
-0.357580
-3.137662
-1.838437
-3.761826
-1.047891
1.148195
1.857722
