-1.618168
-1.972052
3.897094
2.064237
-0.873676
1.164415
-0.102909
2.391774
0.130436
2.895584
3.268136
5.695530
3.546710
3.680190
4.624331
7.163938
6.690093
5.387346
3.042697
4.062138
4.028363
5.735407
8.705518
6.613176
5.666910
6.307333
6.231023
7.649618
7.250047
5.624624
11.174880
10.371600
5.800666
8.314155
6.848278
7.077239
11.338319
9.382229
10.427584
11.825916
9.782968
10.092259
10.539792
9.817410
11.312067
11.406032
12.153768
12.556299
10.871358
9.759067
7.980896
11.335698
7.696677
12.319785
9.857736
10.902089
7.844439
11.231405
10.620282
6.986587
10.016485
8.200863
11.366490
12.038429
9.601819
10.910654
8.837452
7.293181
9.923191
5.322587
6.236773
9.787474
8.635052
6.437667
8.623834
8.756840
5.998040
5.931275
6.289177
3.886140
6.837859
7.231471
3.091135
3.655308
1.625760
6.452885
6.804339
2.664905
6.106615
1.607796
2.951640
2.023161
3.556225
4.506287
3.254908
3.574459
2.202713
-2.330370
-0.855314
0.512157
2.109250
-2.411882
-2.050741
-3.527594
0.163495
-1.040130
-4.942112
-0.679549
-2.254372
-3.128786
-3.128153
-2.644031
-4.938034
-3.242370
-5.628814
-4.821729
-4.664382
-5.914007
-3.959780
-3.475518
-7.997434
-9.206572
-8.506296
-8.046845
-4.726302
-9.403959
-8.926117
-7.372033
-10.787711
-10.552807
-8.523952
-9.783781
-9.212887
-8.897265
-9.063655
-10.995586
-6.811058
-9.767937
-10.016907
-6.759918
-11.857704
-11.709997
-10.667945
-11.796954
-10.149175
-10.759992
-10.656569
-8.217793
-7.593018
-8.178573
-12.438284
-10.679827
-8.756307
-12.756961
-11.784449
-11.918120
-12.246790
-10.262314
-8.486007
-9.100532
-8.041777
-9.685027
-6.507126
-8.906413
-8.930273
-10.971726
-8.278799
-10.706680
-9.842543
-5.789286
-5.556682
-10.186455
-6.988041
-7.701835
-9.847955
-7.706431
-4.588956
-7.334445
-8.601800
-7.802560
-3.411924
-3.366328
-2.854211
-3.382061
-7.117943
-1.608126
-5.866027
-3.556076
-6.240558
-3.111132
-3.636162
-5.210901
-1.979585
-0.974015
0.391083
-3.382073
-3.188074
2.107630
2.635155
1.357654
