2.342292
0.744896
-0.223541
3.912191
-1.412793
3.718094
4.953699
1.807442
5.079329
3.248517
4.938671
5.993583
5.116875
1.332632
5.369751
2.362008
6.714775
6.121168
8.481062
8.521272
7.025941
4.543824
7.468901
8.607131
6.635070
7.986936
9.386691
10.549164
7.349606
7.490694
7.725481
10.728737
10.588430
9.588076
7.837868
6.100600
8.959509
8.737573
7.371647
9.165198
11.823235
11.740958
10.400553
12.205403
7.970999
9.358850
11.240433
10.195786
7.394960
7.260690
11.471755
9.383528
9.479632
11.446988
12.507826
12.646419
10.702540
10.842904
12.521943
9.606922
8.499621
10.433792
9.156885
6.655935
10.436881
10.355110
11.123831
7.991154
10.866110
8.227723
6.846667
6.680186
6.906613
5.417126
7.298899
6.796751
9.109413
7.534568
3.413866
7.409012
7.912068
6.163523
7.801895
4.281789
5.512669
1.674803
2.562949
2.239355
0.707038
0.973620
2.794755
-0.211214
3.520963
3.060217
2.719825
3.876378
1.024069
2.853607
2.961540
-0.235084
-2.608235
0.321105
-3.751625
0.183770
1.035676
0.195356
-0.004073
-2.822746
-0.335435
-5.765562
-3.058268
-3.963107
-4.751582
-2.537441
-3.169584
-2.565828
-3.909649
-2.381712
-4.239456
-7.339775
-5.838012
-5.724177
-4.729285
-6.029182
-5.147117
-5.956426
-8.747849
-7.893939
-10.073516
-9.406653
-11.153657
-10.748545
-9.742495
-10.049899
-7.666240
-10.126373
-11.202238
-9.200091
-7.996599
-7.567971
-11.359781
-12.582477
-10.818750
-11.033976
-11.667057
-12.856944
-8.460355
-11.353798
-12.806651
-9.312045
-7.426855
-12.914553
-8.270002
-9.486916
-6.904576
-12.758296
-7.419485
-8.183249
-6.734594
-7.504753
-9.670568
-8.000523
-9.370929
-9.385931
-6.807647
-6.474318
-9.211151
-9.886176
-5.698290
-5.137481
-6.307905
-7.319366
-5.356563
-4.488418
-4.278942
-6.297645
-5.934130
-6.916703
-3.987833
-5.573308
-8.193020
-7.166159
-5.988477
-2.935856
-5.061274
-4.754747
-4.118891
-1.761415
-3.585498
-3.359595
-5.100606
-1.417720
-4.032335
-1.175567
0.336796
-1.489230
-3.730275
0.456774
-1.769956
1.965700
