2.737701
2.082238
0.674482
3.632733
-0.425500
4.819999
3.969683
-0.235276
3.116872
5.465163
2.644038
3.726519
1.360639
1.285951
3.725286
5.315716
6.887034
6.910589
7.282658
6.073154
6.378365
7.986981
5.967631
5.444648
9.497771
6.897825
4.552641
7.306491
8.669765
10.344663
10.649314
8.099708
11.297704
7.714144
10.527647
7.087926
7.567296
7.324781
8.051773
6.920355
7.572076
7.779899
12.500878
12.571615
9.167184
11.071325
8.315660
10.336673
10.544093
11.478882
9.195822
12.748663
10.054606
8.953112
10.282727
8.142138
10.127534
12.211519
10.287989
12.119506
9.993483
11.269266
11.276473
12.023953
10.161730
9.882757
8.839594
6.318914
8.792763
5.744321
6.173041
9.247356
8.393525
9.841343
5.842057
3.847112
7.725660
7.041165
6.404503
8.326708
2.928870
3.357769
7.343200
7.121501
7.143468
4.004932
3.101684
4.774506
5.700238
2.540143
3.408386
1.174699
0.014151
4.057317
2.837488
4.020730
-0.376703
3.349164
3.273399
-2.285020
0.849834
-1.462204
-3.519537
1.667565
0.643393
-2.985544
-4.755973
-5.308259
-4.803220
-1.540819
-5.167111
-3.385684
-6.285998
-2.911134
-2.738761
-4.326013
-4.840994
-3.287789
-6.806231
-6.320015
-6.583995
-4.678369
-9.086752
-9.298767
-9.399481
-6.559283
-10.485693
-6.366767
-6.750129
-10.026562
-6.514859
-6.613215
-9.540932
-6.830566
-7.554301
-9.040615
-9.588885
-8.085647
-9.885947
-8.515958
-10.635317
-10.984757
-10.214430
-10.985096
-12.799115
-10.369538
-8.418679
-9.838589
-7.820837
-11.567614
-9.640945
-8.030167
-12.707989
-11.049321
-8.493239
-10.090435
-7.744622
-9.512761
-9.694782
-12.278558
-11.383526
-8.449332
-10.907761
-9.987273
-10.747876
-7.971841
-6.064056
-6.318796
-10.067267
-10.363370
-5.616423
-9.403419
-6.911709
-5.434084
-6.744653
-7.396080
-6.887582
-4.157478
-8.698588
-3.002198
-5.332111
-2.678247
-7.693506
-5.993425
-5.975409
-6.875158
-1.842169
-5.853521
-5.324906
-5.644801
-1.753676
-5.044553
0.550333
0.947432
-2.068591
0.673969
-0.782099
1.054901
-1.142440
1.879302
