0.753339
-0.836499
-1.113293
0.614183
2.977511
3.994909
2.987297
3.764680
2.006118
1.493185
3.492211
5.763245
5.678589
4.287807
4.970198
1.881510
6.904337
5.701885
5.853321
8.016011
7.636756
7.980740
8.481352
5.916226
5.921157
8.375472
9.965518
4.734207
8.818704
8.682500
11.240047
7.694300
9.600064
6.913542
6.753712
11.092471
11.383871
11.729387
9.827843
8.113391
12.545031
10.141382
7.165015
6.977217
8.893542
10.815765
7.164851
11.551022
11.765547
11.155477
7.101619
9.419011
7.547344
12.292357
9.749740
8.885553
11.145343
9.552936
7.069306
7.958023
8.381580
7.311740
11.360019
9.957043
6.263069
7.227661
7.282522
9.912040
6.010515
7.546347
5.920383
10.246331
6.600629
5.337891
7.294751
4.918207
9.046839
6.208165
6.189941
8.756298
5.189044
3.328796
3.067291
4.224244
2.094282
6.158178
1.036888
3.314458
0.538898
5.404314
5.573373
2.357527
0.973951
2.779592
-0.929336
0.978798
3.459755
2.743213
-2.153756
-2.222379
-2.911862
-1.134790
-3.573316
-3.929058
-2.708930
-3.750946
-1.027043
-0.951778
-0.871791
-3.875061
-2.428548
-2.516581
-5.140496
-2.470569
-3.939095
-2.670232
-4.236613
-4.390874
-6.726932
-6.607366
-3.918787
-5.175047
-4.408564
-7.207024
-6.046729
-5.730322
-6.369755
-5.688948
-5.979956
-7.520072
-9.125999
-6.806873
-6.426833
-8.968608
-11.203775
-9.763941
-10.954012
-8.979304
-11.162318
-7.757862
-11.593996
-9.092499
-11.538341
-9.808067
-7.845557
-9.652998
-9.883475
-10.020878
-9.413184
-9.537157
-11.644922
-7.718267
-12.465447
-9.434112
-7.318955
-9.984637
-8.712102
-9.384155
-8.031963
-9.492651
-8.084995
-8.513548
-11.963162
-11.595445
-11.492327
-8.341651
-8.500991
-11.011240
-10.495215
-10.338200
-4.989992
-9.053063
-6.426568
-4.470775
-6.189086
-9.265093
-4.802897
-5.048170
-8.122262
-5.226450
-7.301623
-4.691382
-6.602440
-3.920842
-2.742799
-7.050634
-4.402289
-3.897648
-6.152953
-4.227164
-1.628583
0.231784
-4.673577
-3.182274
-2.096484
-2.293982
-1.429723
2.222077
1.841316
1.265472
