2.536170
1.713788
2.057339
-1.514509
4.037454
-0.367377
1.570241
4.459198
2.341492
1.471090
1.727251
5.181632
2.982479
6.492503
6.383412
1.971782
6.008465
5.730328
6.176676
6.704146
7.200665
6.943736
6.410274
7.627066
6.638568
9.679872
5.845349
9.750971
10.664487
6.911864
9.322901
9.812684
7.831298
8.878087
11.246573
7.445569
7.897007
11.064650
10.941845
7.594745
7.987073
7.745862
8.734759
10.032321
12.263002
11.535231
8.289502
7.982453
8.735999
10.216429
10.471214
7.687261
7.742851
7.827099
12.833654
8.416901
9.140408
10.592102
11.107078
6.899654
9.995757
11.895542
10.172145
6.607523
7.704788
7.599687
6.527809
7.888652
10.254860
7.303919
6.775724
7.800415
7.780970
10.132445
9.288790
8.351107
6.883537
8.655036
3.667134
4.697144
4.258413
5.492880
2.455363
4.900398
5.227542
3.509298
2.122937
6.646179
3.444399
2.167876
5.348014
0.037446
0.415272
2.362571
0.212922
-0.762658
-0.495265
0.417138
1.587696
-1.316066
0.113390
2.035273
-3.812175
0.166396
-0.196592
0.263648
-1.416672
-3.496675
0.125733
-4.220055
-3.554164
-0.811623
-2.846300
-5.617891
-5.164878
-5.273321
-6.187158
-5.052007
-8.319503
-6.791976
-4.796231
-3.726542
-4.094995
-4.599927
-8.740500
-6.278239
-6.372130
-6.714003
-9.067575
-5.613136
-8.359602
-8.360440
-9.201108
-9.930082
-7.294404
-10.326522
-10.081851
-6.812584
-10.501486
-10.641444
-11.373168
-11.009866
-9.373065
-12.031746
-12.222252
-10.321303
-11.518854
-7.643636
-8.914665
-7.432292
-12.014582
-12.978131
-10.864962
-11.961522
-11.317129
-9.184469
-7.323954
-10.494891
-7.536769
-8.849089
-8.980417
-11.750785
-6.978498
-6.754927
-10.916323
-9.290209
-11.155571
-9.543628
-10.706382
-10.000823
-9.248100
-8.641416
-6.396283
-9.822647
-8.203822
-8.493475
-4.259211
-7.008137
-9.008963
-4.694430
-2.994290
-4.720080
-7.699013
-7.487805
-6.758616
-2.603246
-3.539753
-2.164163
-5.078403
-3.708765
-4.161612
-0.904500
-2.827866
-3.989271
-1.414634
0.417208
-1.814511
1.304166
-0.575799
2.135059
