-1.397034
1.907513
-0.531312
0.314314
-0.756907
3.207401
4.567287
2.663434
2.901095
2.868887
1.896128
1.925546
1.917600
1.867038
3.107950
5.331771
3.565565
4.567563
8.385111
3.621628
4.686045
9.093691
3.800639
7.331408
5.997958
9.195566
4.630794
10.090019
8.145198
7.745459
8.296623
8.643459
8.350712
6.223454
7.841708
9.998366
10.547415
10.972271
12.038277
12.238688
9.758340
7.661421
10.522807
12.282749
7.839792
10.693508
12.175931
10.589986
11.445753
11.094375
11.650952
10.144661
9.045385
10.650475
9.286514
11.137088
9.307134
11.521369
8.028301
11.509435
9.994856
7.261316
9.095373
11.497886
8.316399
8.065061
6.215183
7.701589
9.617066
8.503334
10.070283
8.845126
9.673938
6.130137
9.439559
6.247903
9.523624
4.949975
7.444933
4.012958
7.260456
5.464021
7.260175
4.737415
3.504291
3.006325
6.524108
2.243419
3.688644
5.827196
1.658576
0.927500
4.556483
1.630140
-1.000453
-0.481022
2.754737
-0.796669
2.977248
-2.222423
1.698718
0.394594
0.474349
-1.049606
-0.583379
-0.129335
-0.250326
-4.710123
-4.111783
-1.341086
-3.274637
-1.955101
-4.815264
-1.995075
-2.354442
-4.155378
-5.273747
-7.352218
-6.331675
-7.100344
-7.885051
-8.305813
-6.911092
-9.538049
-6.764301
-7.780875
-6.067154
-7.415359
-6.780007
-10.291666
-9.667287
-9.444130
-5.899993
-11.482155
-6.136623
-7.363846
-11.340016
-10.710050
-8.323453
-11.264469
-10.722145
-10.608303
-12.050599
-12.734410
-9.413502
-10.244045
-9.608069
-8.660889
-12.580032
-10.754876
-8.567347
-12.644370
-9.153841
-11.946894
-7.338333
-8.826278
-10.986185
-8.965734
-12.489856
-9.847377
-10.928540
-9.173415
-8.837681
-6.401126
-7.880329
-6.822968
-9.858171
-10.352723
-9.177221
-7.128550
-9.176895
-8.261291
-6.631149
-7.673886
-5.760711
-4.637394
-5.879780
-4.246064
-4.970823
-3.874355
-7.062509
-3.808136
-4.817276
-5.158728
-1.654197
-4.323523
-1.296241
-1.433476
-5.093763
-1.486613
-3.956947
-1.831540
-4.504510
-1.312515
-1.909430
-3.546046
1.778776
-1.366128
1.489931
-2.125574
