-0.677218
-0.054820
2.014300
2.420000
2.396939
2.077305
3.421618
4.956050
5.356902
1.292286
2.668734
4.123769
5.313042
4.760087
2.896406
4.690995
7.924218
6.677170
5.192944
8.344258
5.242367
8.698437
6.449097
6.034381
7.762029
4.320655
10.411114
10.368788
6.507872
5.293765
8.878927
6.566823
7.489473
11.056689
8.324437
9.700326
11.800264
8.750404
10.751772
9.239864
7.754311
6.892694
9.338827
11.086576
10.105107
12.819586
9.947863
8.703523
10.571737
10.178412
10.763879
7.983100
11.024833
12.343544
7.882074
10.362097
8.560808
7.197315
11.946618
7.260009
9.884740
8.111945
9.768838
6.589110
11.041489
6.437590
10.826391
11.203229
9.663201
8.464583
5.757106
8.113314
6.793445
7.384909
8.293164
7.714837
5.878441
5.454332
5.242973
4.088463
8.607984
6.567181
7.587872
6.396853
2.793621
6.067283
5.533660
5.392916
2.095584
2.812547
3.365713
1.779874
5.179266
1.730503
0.001565
0.220425
0.291087
0.221321
-2.598959
1.389393
-0.275384
-3.162868
-1.570090
-2.150227
-4.543380
-0.035410
0.300048
-1.029893
-4.895585
-1.221041
-3.879047
-1.923002
-1.655945
-2.474801
-2.311927
-2.171606
-7.126029
-5.953595
-6.973017
-4.876406
-4.892817
-4.078952
-7.163148
-8.516842
-9.257908
-10.002433
-6.948925
-5.362966
-7.185041
-5.971798
-8.034812
-11.126589
-10.896339
-8.631672
-7.235550
-11.113784
-7.649776
-10.254718
-7.790719
-7.996078
-8.476445
-12.555707
-11.283346
-9.957826
-8.390072
-8.604005
-12.527174
-10.249743
-9.200692
-8.987591
-8.257842
-7.067490
-9.239639
-7.168450
-9.038613
-11.178915
-9.579201
-12.237169
-9.533122
-8.601629
-12.222902
-11.860649
-11.494817
-10.412014
-8.795517
-7.596219
-8.889838
-5.975797
-10.286819
-9.250861
-10.841688
-8.293653
-9.253273
-5.730633
-5.083892
-8.089725
-9.293154
-8.374196
-7.376558
-5.041253
-6.186941
-5.421141
-5.224050
-7.563858
-5.386632
-7.245022
-5.015145
-2.332695
-1.636658
-0.582206
-1.191855
-5.433970
0.700498
-2.217169
0.782762
0.559671
-0.464864
-3.037929
0.635141
2.109801
