-2.212000
2.211055
2.939676
1.372061
2.441822
4.174932
2.733795
3.973902
2.373917
1.215668
0.820873
4.828824
6.407922
3.780230
2.125999
5.851661
2.692896
3.140135
2.959391
4.356675
8.667393
7.296481
6.694384
5.837117
6.084270
6.479895
6.497014
4.731376
5.603566
8.597962
9.710025
10.688469
6.083437
10.365600
11.569022
7.449611
7.302859
11.806700
10.678916
7.154343
11.134581
12.080790
10.312169
11.137344
11.793417
6.965531
9.810561
10.412529
12.412606
11.638801
12.230453
12.567835
7.468251
12.838939
10.996325
12.386505
12.252800
7.506035
11.498748
6.702531
7.213300
11.777188
9.669141
6.519559
6.803503
11.043628
11.028235
10.770510
9.749734
6.742246
9.099414
4.823383
7.336511
5.028399
9.081584
9.686304
4.589860
5.338814
8.903825
7.324372
5.279559
2.582438
5.157030
5.924676
4.959025
7.238388
4.722750
1.181338
0.620794
5.160065
0.537385
4.085318
0.156962
1.447860
-0.829252
3.172267
3.058884
3.497129
-2.400055
0.355817
-0.721605
-0.695407
1.794807
-3.424871
-0.872716
-0.577538
-0.083049
-3.611274
-0.773568
-1.483418
-5.231978
-5.418096
-1.972295
-4.621161
-4.929937
-4.256750
-5.636151
-8.354399
-3.272385
-7.388709
-8.651727
-8.429491
-7.903057
-5.090551
-5.352589
-9.222794
-9.176505
-8.372024
-8.430137
-7.321691
-5.428517
-11.118012
-7.165440
-6.966543
-7.332547
-9.858642
-10.960211
-8.836899
-9.216445
-6.567069
-11.955484
-11.135642
-12.396968
-7.435491
-8.255878
-7.218186
-8.996734
-7.868671
-9.066763
-10.804462
-8.485372
-9.653213
-10.647721
-9.388941
-11.581652
-11.672657
-9.366089
-10.167586
-10.070199
-9.804783
-12.074888
-11.090335
-8.287033
-10.585482
-10.136978
-7.560971
-8.086649
-8.704705
-8.830532
-10.515023
-7.074734
-7.568443
-6.920871
-9.881347
-7.636061
-8.010323
-6.017842
-8.637583
-8.767147
-5.990520
-7.601700
-3.948351
-2.732715
-6.377300
-6.113183
-1.349357
-4.673788
-4.106015
-2.749024
-3.424240
-3.081803
-1.801767
-4.929669
0.975097
-3.310039
-1.038439
1.405479
-2.192567
-1.022817
2.104191
