2.452940
-0.255108
-1.793848
4.059955
1.831174
2.975396
-0.616709
3.727496
0.182790
4.618639
2.659164
2.085682
3.561289
6.056834
2.134761
5.409050
4.210647
4.708833
7.903649
8.605310
8.032697
3.777874
5.423498
9.712879
5.714026
9.634860
4.513945
6.441462
8.735928
6.930896
5.791858
5.786276
6.579133
7.171544
8.634597
6.836556
10.450513
11.242257
7.305404
10.900910
6.944466
7.301617
12.580484
12.071319
7.548468
10.413277
7.110713
9.409453
11.150434
10.492466
9.728344
9.835770
7.721672
12.740146
8.084980
11.791853
12.418386
7.393204
9.635467
10.246944
8.135779
7.075210
6.827825
6.903648
6.636104
11.263619
7.172337
5.827983
6.204757
9.822631
7.070165
7.534475
9.264149
8.299056
4.077270
8.766779
6.375164
7.657730
5.857979
5.505880
7.680019
5.900656
2.435079
2.945912
3.530274
1.632166
5.832779
6.263208
1.755240
3.748297
3.500562
5.315337
2.006797
2.376686
3.066330
3.129223
-0.230517
-0.492399
-1.165485
1.866940
2.064291
2.008680
1.469428
-1.159488
-0.087133
-4.852061
-1.851343
-4.963384
0.201145
-1.426689
-2.067851
-0.870175
-3.937436
-3.654095
-2.320813
-5.166292
-4.207639
-4.465355
-7.356359
-7.084653
-6.543284
-8.799400
-9.429912
-4.622950
-9.128811
-5.897290
-5.629216
-8.280541
-10.461740
-9.658451
-9.571748
-10.344023
-6.057515
-9.807615
-7.248598
-11.636903
-11.728825
-11.231163
-12.349496
-11.333224
-12.334189
-6.776168
-9.880214
-10.150782
-12.476087
-10.558411
-9.113576
-8.471319
-11.934592
-10.528289
-7.682394
-11.725927
-11.752300
-11.628696
-10.976727
-9.090129
-7.488135
-11.849825
-10.991411
-6.858540
-7.293580
-7.977795
-6.818361
-8.912383
-11.809669
-6.055879
-6.800592
-8.307752
-9.919437
-10.420521
-10.872423
-10.678740
-7.285801
-9.783056
-5.724378
-6.458407
-6.792199
-8.755248
-4.740214
-3.893795
-4.036633
-4.290458
-4.636294
-7.590755
-4.868529
-6.329092
-1.891156
-0.855006
-3.336911
-5.168233
-2.545709
-4.355368
-2.633946
-0.844440
-3.399638
-2.608960
-0.835813
1.174169
0.962469
0.200538
