2.642901
-0.707377
-0.842955
0.527426
2.690573
1.894773
-0.079886
-0.068418
0.457373
1.281248
2.189651
2.671801
3.782655
3.771425
6.483738
5.427588
2.562699
8.271839
3.960902
4.055948
3.150452
9.253150
9.246047
7.802822
7.129770
5.661556
9.308597
8.567803
7.792053
9.816130
10.481217
9.130882
9.623632
11.753234
10.174248
9.960731
12.140605
9.412795
12.094977
11.774759
12.506834
8.233988
8.558609
8.104135
7.109594
9.162170
12.723991
12.393635
10.107618
10.282924
9.795884
9.515735
8.441581
7.200916
7.935017
9.734369
11.823927
9.184860
7.349334
6.840764
8.162535
9.874442
12.164947
10.147036
7.780613
9.393927
11.220350
7.682634
7.802797
9.699331
9.965036
8.535552
8.456704
4.640050
5.377382
8.487748
6.875640
7.729543
4.175859
4.364201
6.545749
6.858461
5.672831
6.393736
6.176244
3.949432
5.476635
6.378156
1.649020
5.863615
0.448070
4.290130
4.592709
0.410638
0.410673
4.012598
-0.857094
2.703894
0.929821
-0.328772
-1.118726
-0.999402
-0.970023
-1.632258
-0.031884
-1.618520
-0.707091
-0.935977
0.002957
-0.658306
-5.202025
-6.243976
-3.709705
-2.919181
-1.725660
-6.454137
-7.889707
-5.876704
-5.027733
-4.433296
-6.607197
-5.311701
-4.899310
-3.989919
-7.409699
-4.304365
-8.979546
-6.439627
-6.882591
-6.306991
-6.203316
-8.246634
-10.552011
-10.231329
-7.126099
-10.433347
-8.243044
-8.440221
-8.573430
-10.372843
-9.495969
-10.783394
-10.804262
-11.635153
-7.904598
-11.539347
-10.696132
-12.409028
-9.942376
-9.870898
-11.817890
-7.555240
-11.862590
-11.934985
-12.524403
-11.045510
-11.201584
-9.244946
-10.063336
-11.222087
-6.681922
-7.436982
-8.701994
-9.344035
-9.155007
-9.037599
-9.781548
-5.819400
-8.369608
-5.861901
-8.169224
-5.904577
-10.068514
-5.654389
-6.024904
-4.207857
-7.526218
-7.963127
-3.974881
-5.259536
-5.732716
-7.855038
-3.895224
-7.288361
-3.574522
-6.580000
-1.616719
-0.949378
-2.234864
-1.865837
-4.552385
-2.337386
0.359933
-0.846321
-1.358256
0.901537
-2.826566
0.274800
2.493953
-0.458357
