-1.976641
2.039232
-1.041533
3.410049
1.786889
1.124240
0.529817
3.904278
4.425407
4.056886
0.409652
3.933147
3.711941
6.601461
6.329356
3.050247
2.700188
5.306720
3.418583
6.960882
6.536349
5.594586
7.800930
5.125686
5.431535
5.168655
9.044408
9.277468
10.851815
9.932792
10.313996
11.377904
8.910186
7.627778
7.665479
9.266717
7.276109
8.230058
9.286753
8.902483
8.327001
8.976728
10.551088
10.964717
12.657222
10.653723
7.334885
9.278743
7.239313
9.722406
10.842665
10.808309
7.338386
10.573847
9.500129
12.238576
12.573232
8.101489
11.527780
6.652957
10.814965
7.785036
6.937530
8.948412
9.779595
11.139839
7.805106
8.823531
9.635685
9.558410
7.364530
10.323770
6.927045
5.329790
7.109345
5.551951
5.385800
7.067155
5.081871
7.793757
8.186777
7.384357
4.045013
3.557913
5.302061
6.117261
4.228787
4.984041
2.963504
0.520125
3.704964
3.030327
1.530668
0.060032
-0.365529
2.197976
-2.005868
-1.855232
-2.652134
0.528051
0.178686
-0.858344
1.240323
1.614505
-2.792062
-3.414533
-0.254396
-3.132937
-2.018856
-0.663413
-0.985084
-3.535861
-1.836619
-2.877522
-6.798882
-3.983111
-3.519872
-2.811278
-5.263806
-7.571597
-8.651849
-4.655390
-8.946742
-6.546709
-9.743356
-10.156666
-6.300161
-9.838179
-8.071866
-6.665176
-8.767655
-5.694167
-9.030465
-8.894381
-8.906361
-7.098568
-6.373476
-11.057864
-9.434893
-8.337995
-7.217407
-6.976729
-12.693934
-11.856217
-6.930561
-11.539361
-10.209386
-10.986183
-10.118790
-8.872069
-7.679100
-7.729304
-11.253682
-11.009554
-7.543404
-10.746883
-11.493567
-9.457424
-6.628741
-8.669198
-9.521744
-10.854373
-8.738448
-9.806487
-11.516278
-6.540542
-7.271971
-9.217888
-5.275980
-10.816414
-10.057137
-8.258340
-6.858702
-4.363037
-4.145192
-5.219187
-5.812422
-7.399950
-4.447241
-5.988292
-7.599850
-5.011281
-4.462532
-6.961605
-6.190113
-4.482735
-2.293214
-3.639694
-3.637209
-3.165560
-0.179785
0.422907
-1.365238
-1.817765
-1.347964
-2.579559
-0.626668
-1.839287
1.233022
1.334620
