-2.635579
0.329495
0.793810
-1.420873
1.185294
2.486667
0.151478
2.932801
2.397090
5.249490
1.940560
1.195064
2.225648
5.613854
6.844847
5.685974
3.736842
3.332272
5.657302
7.957658
5.588448
7.160063
3.929818
4.251847
9.004248
8.399821
8.617887
8.103272
6.828843
6.051280
7.421044
6.037155
10.716879
8.800375
6.387509
6.543399
10.647609
10.836131
9.893560
9.926798
10.880608
7.143132
7.452376
12.277357
8.141898
9.022354
12.222828
8.885622
7.589019
11.895928
8.079706
11.979007
10.942684
7.328198
10.070790
10.214937
10.131513
8.575622
12.515826
7.075760
9.707571
10.355919
11.113988
8.929710
7.425744
7.901102
6.734444
7.202565
8.985597
9.472137
10.129191
7.632345
5.606587
4.499059
8.492191
9.601706
4.512581
6.801962
8.353379
6.435308
5.892672
2.559479
5.641615
3.011008
3.233842
4.372334
1.169885
4.647108
1.338566
5.169046
2.752332
3.598686
2.085705
3.744175
0.892790
3.467310
-1.393149
0.838787
0.656110
1.930110
1.347137
-1.747148
0.990591
-3.984952
-0.922166
-2.577681
-4.984864
0.455409
-0.183163
-1.676620
-4.975683
-3.591744
-2.428700
-2.770880
-5.312538
-3.244133
-5.261711
-2.975473
-8.337583
-6.448714
-3.637445
-3.688039
-8.762960
-7.015743
-6.824995
-5.544177
-9.921747
-10.053903
-8.338526
-9.273707
-5.998511
-6.821599
-7.806134
-7.382003
-7.002282
-8.152433
-7.738122
-6.619958
-6.640260
-8.406177
-11.297702
-7.004842
-11.789352
-10.555701
-12.751439
-9.473235
-11.037272
-11.364731
-12.121798
-10.668606
-9.662896
-12.791534
-12.607936
-10.792415
-12.442445
-6.930303
-8.704891
-11.912339
-9.330416
-8.578746
-7.590241
-9.485016
-10.345575
-10.027977
-10.095321
-7.554084
-7.521905
-8.329232
-7.953059
-8.053658
-8.066310
-8.056909
-7.927590
-10.262239
-5.452464
-4.485548
-6.327692
-6.023006
-6.829135
-3.387573
-6.557575
-7.606509
-4.557348
-5.140802
-2.851617
-6.710166
-1.287162
-1.535289
-1.425374
-2.151542
-2.841528
-2.061066
-1.663131
-1.815618
-0.124272
-3.839961
-0.857506
-0.742439
-0.518704
-0.922062
