2.531948
2.927370
-0.683657
-0.745107
1.775638
1.696878
1.857625
2.583115
4.967286
3.638362
4.770630
5.355694
2.070133
6.847139
5.975852
7.605374
2.214714
4.888740
6.578917
6.680254
4.699507
5.687091
7.673151
4.169684
5.448655
5.434618
8.296067
7.908662
8.749700
6.521490
6.580292
11.071088
5.722476
11.254961
6.717858
11.830559
11.629726
8.238163
7.331423
12.471222
11.001459
9.926510
9.722235
11.139194
9.387480
10.703793
9.950571
12.045808
10.433064
9.931297
10.741940
12.385917
8.645255
7.119452
7.195143
7.618290
7.661069
9.690579
8.985076
10.472295
11.818333
6.865995
8.725310
10.584401
8.462716
6.582137
8.573495
6.275353
7.167506
8.672202
10.612182
5.807589
10.490161
7.664891
4.549018
5.894708
8.838239
7.142545
5.857831
3.081185
3.511327
4.509867
4.624945
3.750314
2.438668
6.684727
1.421474
1.467670
5.885601
5.972476
0.331648
3.818052
3.437801
-0.423757
-0.905565
2.258421
0.143162
-1.590515
-0.744339
-1.371419
-0.354747
1.950465
1.298213
-0.132096
0.917621
-4.526326
-1.177744
-2.427471
-1.046194
-1.196378
-0.984091
-1.884901
-1.508459
-5.528421
-7.113007
-7.445473
-6.575399
-5.399157
-5.509188
-5.836324
-3.946017
-5.259784
-6.653505
-4.774508
-8.931710
-7.156704
-5.880787
-10.261429
-5.834658
-8.014529
-5.573276
-8.899964
-6.637134
-9.729430
-8.849903
-9.695845
-9.957412
-10.262289
-8.454441
-8.883863
-10.009721
-9.923906
-10.884729
-11.713860
-12.711619
-7.712230
-10.271383
-11.624083
-9.369450
-8.354256
-10.367942
-8.220430
-9.744301
-9.619601
-7.882213
-11.966998
-11.219302
-12.601531
-9.474664
-7.497585
-6.947824
-7.620764
-11.508252
-10.564478
-7.462993
-11.415408
-8.115485
-10.768143
-8.397669
-7.041180
-8.829184
-5.142322
-8.580209
-6.777094
-7.496399
-4.508179
-8.518921
-3.711692
-6.966006
-3.510934
-5.478793
-3.225219
-3.283554
-6.266617
-7.284758
-6.142381
-5.891289
-4.738120
-2.427363
-1.579010
-4.844199
-3.051866
-2.656493
-1.587694
-0.267361
0.125392
-2.745552
1.839149
1.396689
-1.406903
