-0.650383
-1.454710
0.881039
3.640728
2.484820
-0.336148
3.474086
5.092788
0.247243
4.211790
3.178242
1.612829
3.988223
4.728686
4.955922
6.299827
2.855934
6.530421
7.749232
6.606886
3.576714
4.976342
8.619734
4.152425
8.919962
7.833642
5.401082
7.105601
5.576660
10.022495
7.063642
9.264713
11.410940
6.566997
9.285886
7.203837
8.165687
7.980726
7.524611
6.626656
8.831245
12.496885
10.582852
12.556141
11.269928
7.895867
12.117977
10.529275
8.261203
11.269779
10.370826
9.076716
10.737930
11.181017
7.882010
10.620450
12.498249
10.943579
10.384756
10.142812
7.153811
11.181336
7.388930
7.558927
10.028618
10.932745
8.405601
5.629294
8.870501
10.003452
5.747416
6.619418
7.923635
7.633209
4.571775
5.498473
4.945083
3.996057
8.347880
4.716916
8.500412
7.721934
5.799267
6.675599
7.068498
2.125546
4.145716
4.187788
4.381196
3.731146
-0.158982
3.507276
2.194842
3.276915
-0.811684
1.911523
1.849517
-2.255410
2.820096
0.991207
0.839038
-1.264343
-0.836367
-0.215447
-0.440033
-1.477357
-2.626601
0.166829
-1.035331
-0.203165
-4.110143
-1.820757
-3.661222
-3.344856
-5.756792
-7.186321
-7.081921
-5.363933
-6.115793
-4.433151
-6.821887
-4.454505
-9.011793
-6.724404
-6.978999
-9.297634
-9.351693
-10.005953
-7.645206
-10.339862
-5.618572
-11.262749
-11.103554
-6.145306
-6.111017
-7.332505
-11.365171
-9.250825
-6.649759
-8.823661
-9.165500
-6.885991
-11.535138
-10.309835
-10.248354
-11.822105
-10.415948
-12.546977
-9.883067
-7.792488
-12.377386
-10.414456
-11.982255
-8.687209
-8.783191
-10.956377
-7.128296
-7.613824
-7.020219
-11.477633
-10.856371
-10.702414
-8.139941
-8.485183
-9.736687
-6.748279
-11.589585
-8.728806
-8.975519
-9.602973
-9.678432
-10.564446
-9.659328
-10.071347
-9.130336
-4.044878
-9.348066
-7.486701
-4.279972
-8.385188
-3.969746
-3.339891
-6.291104
-2.165205
-5.750366
-1.829222
-1.345509
-4.602898
-2.033402
-4.936117
-3.792694
-4.877448
-4.605450
-0.895375
0.527044
0.180811
-3.102158
-1.892799
2.307007
2.071194
