1.759727
-0.767285
-0.593432
-0.754506
2.207341
2.564245
4.746492
5.236230
4.600761
3.766100
5.717806
3.794527
3.751464
2.735006
6.087803
5.386713
2.119651
6.277456
8.352821
5.870276
6.756677
7.655260
3.990979
4.940110
9.339176
9.003521
10.133343
6.506400
10.044789
9.996527
10.253274
8.055983
8.850927
11.244650
9.496402
6.089497
7.811577
7.122565
10.661005
6.759607
9.223402
10.767972
10.069616
7.890514
7.390155
8.041779
9.168206
12.566806
11.174896
7.998057
11.636070
9.459481
11.207300
8.913972
10.183233
12.801682
10.762260
12.019533
8.752484
9.114655
10.807103
12.264938
9.037418
8.037621
9.542132
10.402014
7.921303
6.666459
7.590850
5.480360
7.495465
8.843537
7.540485
8.591189
5.878368
8.081522
9.104361
7.609028
3.927811
6.870651
4.874223
5.372919
4.484466
7.580148
2.233947
4.625108
3.774833
1.634867
3.538566
2.008609
4.477966
-0.135498
2.915493
2.696136
-0.949024
3.331219
3.112699
2.180248
2.940513
0.885708
2.662053
0.789389
-3.596209
-4.197261
0.421134
-2.863765
-3.567603
-4.837095
-4.699929
-3.787343
-1.364757
-2.111034
-1.048009
-2.991790
-5.470850
-4.591985
-3.625319
-2.781912
-7.850434
-7.551930
-7.160999
-7.345429
-4.409289
-5.791169
-9.969167
-7.185051
-7.427338
-8.328898
-5.377292
-5.139629
-7.942630
-8.018471
-10.214640
-6.973824
-10.483017
-8.608406
-8.460956
-9.575396
-7.882331
-9.115345
-7.935746
-8.280673
-6.966725
-8.244869
-9.475722
-9.322977
-9.407945
-7.210378
-10.345364
-8.845117
-11.579921
-8.356589
-11.995615
-12.449218
-11.012950
-10.877402
-11.697767
-11.209757
-6.651904
-8.842738
-9.510784
-10.832171
-6.334078
-7.755776
-7.719724
-10.714031
-8.785090
-6.612742
-10.612550
-6.320101
-5.693383
-10.121039
-10.106042
-9.927990
-7.340886
-4.568941
-7.526004
-6.754122
-8.341873
-4.957459
-5.395889
-3.983590
-7.297654
-2.452337
-4.792223
-6.654030
-4.565254
-1.471585
-0.642699
-5.961799
-0.120156
0.044557
-1.515663
-1.932798
-1.895840
-1.872420
-3.029614
1.593110
-0.400062
2.159384
