1.684213
2.532490
1.253743
2.943527
2.546373
4.680186
1.626295
2.787122
4.067263
0.855439
5.270129
5.637624
3.769157
6.876762
7.190690
5.890124
3.501383
3.918506
3.241341
8.336528
3.419467
3.472648
9.308576
8.366169
9.535221
7.678238
4.932844
5.451221
10.132842
8.946976
7.209072
7.434017
11.582511
6.168545
7.206569
8.380375
9.091770
10.844115
6.808122
8.113002
7.208845
10.274829
11.377764
7.740529
10.793427
9.972705
12.149292
7.492602
7.849603
11.397220
7.551561
8.741506
8.509912
7.866888
8.652180
8.525799
10.382459
6.900131
7.052023
10.138021
11.082454
8.711226
6.686366
8.645466
7.438613
9.943964
7.770819
10.773242
6.908561
8.063369
7.690889
9.833974
7.471346
8.892704
9.908797
8.964164
8.663869
6.904550
3.462531
6.561942
7.813912
2.569654
2.254599
5.208630
5.649771
6.992262
4.220062
3.624367
0.681615
1.628079
0.011819
-0.379592
4.389985
2.262655
2.472044
0.002917
-0.818355
-0.174071
0.285301
0.595291
-2.025869
-2.446165
-2.036390
-3.648099
-1.214356
-2.083237
-1.692759
-1.453192
-1.091320
-3.857984
-6.084182
-5.980167
-2.527330
-2.433098
-2.284931
-7.495288
-6.636407
-3.541515
-5.258408
-3.103775
-5.207562
-4.226764
-5.141612
-9.835848
-8.697944
-9.689683
-5.522501
-7.989702
-9.771920
-8.904101
-7.382886
-9.393547
-9.018105
-9.699523
-10.765553
-10.417232
-7.458163
-10.178138
-10.485319
-10.108394
-8.459511
-9.470457
-9.237569
-7.691274
-11.001769
-8.908848
-9.875791
-7.501188
-8.123572
-12.042662
-7.526492
-12.830401
-8.313024
-8.987714
-11.467732
-7.054226
-9.419133
-7.001736
-9.822695
-10.906897
-9.263380
-9.978426
-7.492497
-8.358889
-10.226082
-9.252377
-10.862439
-8.805744
-5.729613
-10.595000
-8.865040
-4.800728
-7.837944
-7.162625
-7.798560
-5.827605
-4.172172
-7.726802
-4.245866
-6.160359
-4.346186
-3.718237
-3.115322
-7.058274
-5.163029
-3.791590
-1.762961
-2.032132
-2.483602
-0.149914
-5.024911
-3.190413
-0.161854
-3.193425
-3.271046
0.771843
-3.180718
0.173795
0.338534
0.979230
