-2.633656
-0.297444
-0.349466
-0.779309
0.388135
1.511480
5.116876
2.870867
2.138793
2.768094
0.981833
4.435105
5.633224
6.498870
3.214203
2.925363
5.133759
3.513611
6.570166
4.343412
4.396848
7.709109
5.991494
8.256209
6.920361
7.633413
8.949599
7.295195
9.505573
6.260774
8.612921
8.049667
10.414598
6.590864
9.685589
7.345301
9.822626
12.257507
11.360460
6.941307
8.056293
9.256912
11.717453
9.706017
8.789235
7.175690
10.320611
11.986497
11.027458
7.646302
10.960950
9.039326
8.795253
9.540906
11.910991
7.181351
10.464150
11.120367
7.890391
11.260059
11.422537
6.937627
11.539283
9.850229
10.665636
8.171992
9.526009
9.980673
5.529684
9.188165
9.074076
6.777118
4.990484
5.685517
4.504269
6.903534
5.876957
8.876268
3.522968
4.412677
7.018872
4.508391
2.744751
3.424588
6.354268
6.383049
5.778628
6.483619
5.666155
1.438492
4.870795
1.612560
0.269950
2.843770
-0.935037
0.691952
-0.037720
2.359701
-1.079233
1.977460
-3.138666
0.897710
1.308109
0.711760
-0.386754
-4.747220
-0.846007
-3.074617
-5.358221
-1.720032
-1.062075
-6.328794
-3.639053
-5.180717
-5.649419
-6.786472
-4.090129
-7.493303
-8.060423
-4.982078
-6.186540
-7.536315
-5.570738
-4.201495
-5.513680
-7.230199
-8.973885
-6.410462
-6.377504
-7.983699
-9.907875
-8.949062
-6.921773
-7.905962
-6.846878
-9.368811
-7.925532
-6.648816
-8.872470
-8.365778
-12.291056
-9.613131
-12.108551
-8.879856
-8.063508
-7.839311
-10.504073
-8.288338
-11.426938
-8.554731
-8.214695
-8.025610
-9.807357
-7.746831
-10.294494
-12.378941
-10.116645
-8.472488
-8.593680
-10.609403
-6.904945
-7.727848
-9.167340
-6.725722
-10.888897
-9.234148
-6.279903
-8.012919
-10.818901
-9.271648
-6.127161
-7.063787
-6.192609
-5.586802
-4.961495
-7.803757
-8.112078
-5.899491
-7.735124
-6.540926
-3.625128
-2.503182
-4.969451
-5.357722
-3.542728
-3.551232
-5.555095
-1.907592
-3.265841
-3.130379
-5.655159
-1.782814
-2.309549
-2.817609
-0.060877
0.413897
-2.152290
-1.341767
-0.961397
-0.257489
