1.218295
-0.079839
-0.806955
3.475899
0.706521
4.450128
3.793507
1.825983
0.573780
5.157800
6.238799
2.784088
5.043301
3.596798
7.376612
4.364320
6.420176
3.479007
4.436297
7.113101
7.338535
8.900965
7.504474
9.100145
6.331651
9.529259
8.521262
5.767927
7.404795
10.626373
9.690275
9.347925
6.843213
8.407249
9.056418
6.888365
7.381923
6.932103
8.896777
11.593548
7.093318
8.722152
10.314798
10.179077
8.410546
8.502954
9.247833
10.472841
12.143204
8.956942
10.829026
9.865683
12.615940
10.552240
8.296095
9.575995
10.706080
7.132875
8.845550
8.125440
12.264379
10.435420
6.671235
11.449148
8.300959
6.776136
7.087691
9.355465
9.706579
7.281331
10.666943
9.611112
4.607738
4.404157
4.472420
9.445123
7.391850
8.449969
7.044392
8.299834
6.872622
6.996943
5.209669
5.082452
5.239744
5.726899
3.943049
4.312727
5.974867
4.664600
1.662625
0.751220
-0.650253
3.331147
4.319276
1.857896
2.488419
1.285714
-1.940901
1.900115
1.128454
-2.698242
1.987660
-0.972922
0.603333
-1.370048
0.559252
-4.098039
-2.753108
-5.216760
-0.901103
-1.924917
-1.451286
-4.336811
-1.991698
-6.539907
-6.443802
-5.879563
-7.914813
-3.984484
-5.081096
-3.629691
-4.989263
-4.106580
-4.422394
-8.168179
-6.331539
-10.640124
-9.551801
-10.722627
-9.997051
-10.733424
-11.557072
-6.115356
-8.702402
-11.734750
-7.132743
-8.064719
-8.904247
-8.947436
-10.736634
-6.990153
-7.730361
-7.307200
-10.027701
-11.699756
-8.998868
-10.016880
-7.464114
-12.649334
-9.416232
-8.969285
-11.901020
-11.674236
-8.345840
-10.768736
-9.487002
-10.087906
-10.663667
-6.768080
-8.396277
-10.533024
-6.444633
-9.028354
-10.992085
-5.810765
-5.991708
-9.604220
-9.393442
-10.796886
-6.565973
-7.175779
-5.706371
-9.278362
-4.741315
-5.689325
-8.864386
-5.609280
-4.305682
-7.319269
-2.931500
-4.208169
-5.278433
-6.082269
-2.998042
-2.002116
-2.151004
-3.885532
-6.386747
-2.389824
-5.465252
-1.492342
0.083445
-3.956589
-3.070104
-0.018514
-1.938210
0.031563
-3.241536
-1.465309
