-1.971253
2.876371
-1.713714
3.849861
2.665479
2.433956
-0.790169
0.147603
4.658237
0.447881
1.396117
1.744871
5.112654
6.139965
4.249411
2.778737
3.016770
6.047145
3.720882
3.100872
8.224139
9.106906
3.809721
4.415949
8.480008
5.448914
4.983724
8.400945
6.779747
7.042913
9.744725
10.997763
6.721407
6.142394
6.348037
7.479828
8.194637
8.989360
10.455122
9.088276
9.752676
12.234947
10.685597
10.471915
9.126864
7.398150
7.098952
12.637815
12.472006
11.920817
8.472383
8.193634
9.334854
12.765399
12.397053
8.800715
10.102945
10.896497
7.981898
9.667367
8.087703
8.010299
7.140974
11.152154
8.678247
9.205450
10.855029
7.990979
8.995042
6.199218
9.870419
5.235671
5.100416
8.621778
6.202450
6.591956
9.313452
5.615356
4.993490
5.869984
7.010572
2.608846
7.619228
3.207030
7.434470
5.541284
1.598689
4.051669
2.135090
2.694909
0.831857
1.598225
1.156428
1.032292
1.305958
-1.490162
3.113569
-1.163058
-2.173111
-2.339736
1.959065
0.240906
1.508933
-0.041849
-1.687695
-2.502470
-1.801933
-1.642460
-2.880242
-5.008319
-1.891845
-0.903192
-6.406360
-4.247524
-4.408507
-3.059737
-7.619566
-7.890056
-3.268043
-3.240590
-7.446319
-5.561671
-4.858788
-8.748419
-9.206292
-7.946742
-10.192092
-8.386201
-6.997438
-11.086046
-7.646229
-8.474577
-6.334457
-7.717703
-9.542703
-9.516336
-7.314518
-11.462107
-8.958757
-9.399842
-7.609376
-7.737224
-8.652073
-7.890437
-9.771772
-9.613029
-10.564624
-8.630250
-9.727579
-9.356644
-11.144647
-10.797396
-10.114709
-10.433601
-7.102026
-7.429997
-11.446030
-11.066237
-9.515621
-9.842078
-11.641542
-10.164248
-6.695406
-11.291789
-8.068469
-9.139587
-6.740925
-5.492534
-5.649233
-11.089016
-7.216346
-6.313204
-8.365170
-5.278630
-5.575186
-6.010321
-6.827998
-4.691008
-7.466011
-7.040723
-2.866827
-3.386223
-6.363605
-2.979815
-3.635702
-5.407226
-6.261812
-4.391757
-2.662462
-1.653614
-1.025940
-4.109837
-0.193798
-0.019416
-2.057105
-0.420342
-2.316872
-2.630366
-3.097940
-1.690524
