-2.677778
-0.490101
1.124690
3.578802
3.788630
3.059745
2.219900
2.403746
-0.106301
3.809737
3.426762
5.106477
2.501535
3.612616
1.888022
3.257867
6.639878
4.207972
5.583211
3.681871
7.111551
5.925355
5.448740
6.951968
8.079459
5.113910
8.629919
4.825033
6.028835
5.439103
8.589570
8.520486
8.019752
5.804956
10.148222
11.355874
11.704681
10.950468
6.821001
7.042516
11.349739
12.331995
11.472422
8.054849
9.667911
8.245464
11.682039
12.479601
11.104124
8.168809
8.529761
8.371370
8.581124
8.137682
10.027342
9.603938
7.251782
11.625980
9.241295
9.658300
7.668686
7.950391
7.700077
10.097762
10.314579
8.214664
11.011044
6.451777
8.497654
5.909256
9.225153
7.842136
9.528168
5.057974
4.717877
6.543696
7.627303
4.694255
8.168686
7.279715
4.854378
6.179345
5.291101
2.064613
3.026973
2.920487
4.403360
3.659557
0.585776
4.157270
2.370149
2.957735
1.307012
3.924705
-0.535809
0.998181
-0.847877
-0.653502
0.536693
2.827487
1.312604
-2.250750
-2.098942
-3.685778
-1.466497
-1.850060
-1.132125
-1.586598
-1.376661
-1.853610
-3.004983
-3.011241
-1.049903
-5.258219
-2.429515
-4.946397
-8.083773
-4.515718
-5.922618
-5.913043
-4.130643
-7.479489
-7.917733
-8.577948
-9.603061
-7.154874
-8.576753
-10.269730
-5.114227
-8.606989
-5.447046
-10.962727
-6.688204
-8.465674
-6.233017
-9.783615
-7.139269
-8.715710
-6.757541
-9.023459
-12.558720
-10.652583
-10.401203
-12.478050
-9.854425
-11.599495
-11.826130
-10.972453
-8.231841
-9.314263
-9.571322
-7.776727
-12.563847
-8.876587
-7.703067
-8.859999
-8.781912
-7.227722
-10.534153
-6.737734
-9.759968
-12.096501
-11.899533
-10.384640
-5.995317
-8.457591
-8.418429
-8.673707
-6.371068
-8.191298
-5.886497
-6.300471
-6.371619
-4.426254
-5.236482
-8.139517
-7.905601
-8.482580
-8.301098
-3.792311
-4.699096
-3.528432
-2.333692
-7.616082
-6.215080
-4.493363
-2.073315
-4.578126
-4.866438
-2.396098
-4.025584
-4.986807
-3.780196
0.526374
-3.083891
-0.300325
-2.010871
1.249264
-0.488174
-0.916734
