-1.582857
3.588859
-1.560303
3.309064
4.468394
-1.031796
-0.613053
0.213492
2.589881
5.786425
1.889637
6.235337
2.883608
3.514560
1.704171
4.476782
7.215807
4.535131
5.459372
8.108034
8.111092
8.320753
9.461272
5.020857
9.729537
6.941482
5.025784
10.388421
9.717308
9.638993
7.563550
10.203861
7.879151
9.166437
6.624682
8.449991
9.639805
6.900680
11.684788
6.938019
10.968303
8.707075
9.728807
10.968686
11.397935
11.427688
8.983123
7.011520
8.488592
9.450439
10.130205
7.198241
11.145725
10.056388
7.577453
10.631164
10.830457
9.890001
11.184749
11.188165
6.961725
10.803056
7.009149
10.378577
9.471515
5.818345
10.821299
5.593118
9.702927
10.955980
8.841316
5.143441
8.354696
6.964235
6.163388
6.893138
7.043408
6.758700
5.513812
5.590660
6.239327
4.743458
4.821364
2.640253
1.711490
4.517757
3.041831
5.715968
4.043223
5.566691
1.343707
0.102862
0.715441
4.456645
-0.071931
1.716915
1.971117
1.031797
2.027730
0.967649
0.816028
0.183839
1.407868
0.747438
-1.528807
0.501211
-0.260781
0.401082
-1.885550
-1.948325
-3.474417
-2.892843
-1.568166
-4.115796
-7.510306
-5.915702
-3.003643
-8.303136
-5.458947
-4.622942
-8.800139
-9.233256
-6.509310
-5.997063
-6.500621
-10.158690
-7.564949
-9.376208
-7.084935
-9.111767
-6.722596
-8.152799
-6.467799
-9.968021
-9.374989
-9.581905
-7.165710
-7.045635
-10.889144
-8.341805
-12.594786
-10.234625
-8.328711
-7.165499
-8.947056
-8.640957
-9.411995
-9.176407
-11.794431
-11.211374
-11.713537
-7.424913
-11.522999
-7.593604
-12.874805
-7.548027
-10.776083
-11.224490
-6.795663
-11.418073
-8.391847
-8.488795
-11.201418
-8.419742
-11.017337
-11.517852
-6.783323
-9.189490
-8.809827
-8.235589
-6.729977
-10.109478
-5.411055
-4.919490
-8.646152
-4.053857
-7.006260
-7.704110
-3.207793
-6.623721
-7.480440
-6.887585
-6.842359
-6.485757
-2.254977
-2.944920
-4.160910
-6.265714
-4.715504
-3.336462
-2.747416
-0.932525
-3.133355
0.322010
-0.815077
1.193900
-0.943686
-1.348657
1.348693
0.615208
