-0.855751
-1.239525
1.559430
3.813431
-0.694818
2.329606
1.296863
4.990779
-0.164739
0.724450
2.532808
6.231431
0.996926
1.385557
4.228301
2.870947
6.028002
4.165281
8.478729
5.145169
8.483857
8.625479
9.102713
5.590007
7.315125
5.205767
5.884347
9.354311
10.274389
10.239572
10.375319
8.886866
11.459881
8.756780
8.270338
10.161959
7.566997
7.205320
7.783913
11.583153
6.749528
10.799546
11.877889
11.741240
6.893201
7.428807
8.736301
7.526283
7.291080
9.754165
10.724042
10.441278
9.090993
11.311346
8.069627
12.544467
8.190508
12.389403
11.353628
11.321881
7.481414
9.514780
8.341603
11.754743
11.738123
10.519257
11.371119
7.302065
9.993665
8.686025
5.386357
8.004523
6.741097
9.845719
8.070515
6.894337
6.246216
8.442649
8.124055
7.040855
4.972963
8.343685
2.437913
3.742942
2.952204
4.376291
3.191553
2.114156
2.294850
3.390514
0.653741
0.820064
-0.568361
3.627381
3.783403
4.002716
1.480329
3.265319
-1.522516
1.354492
0.498011
1.966765
-1.169116
1.056273
1.304644
-1.803493
-2.878143
-2.697675
-3.213265
-5.649387
-4.381983
-1.835523
-4.049126
-3.949769
-1.555788
-4.874368
-4.505383
-6.568689
-8.512585
-7.137310
-5.518050
-7.946875
-9.393463
-5.242322
-9.100400
-9.848691
-10.466206
-9.007836
-9.020368
-7.659419
-10.981738
-6.420966
-9.858817
-9.048215
-11.854336
-9.528878
-6.514393
-7.875283
-12.322577
-6.897367
-12.416286
-11.672269
-12.369816
-8.735444
-10.624114
-11.594580
-9.222453
-7.479265
-9.639784
-8.544334
-10.740412
-7.777670
-10.118706
-9.582416
-9.578738
-8.940911
-10.048340
-7.424793
-8.162480
-7.105654
-9.424538
-9.188599
-9.823267
-8.004570
-11.626437
-7.759977
-7.897710
-5.951062
-6.127837
-7.933864
-6.179092
-10.416412
-4.703477
-9.827075
-8.108283
-8.241436
-4.157348
-4.094998
-4.570125
-8.199052
-4.331908
-6.438603
-3.094103
-3.241946
-6.754056
-2.583042
-4.029208
-2.584274
-1.919272
-3.243170
-2.458254
-4.006746
-0.759892
-3.585536
-2.199167
0.118597
-1.336048
1.610494
-0.060521
1.631720
