-1.756718
3.028409
-0.536860
3.889000
-0.365993
-1.057074
0.146489
-0.286553
0.892261
2.032974
3.539930
1.669239
6.710322
4.380686
6.159409
2.445569
2.470000
3.110823
8.588220
7.461374
3.186121
8.669742
7.635956
8.754481
6.890196
9.493639
6.563197
8.063440
8.985130
9.776408
8.300422
10.475576
10.437253
11.079371
7.053738
6.491628
9.409622
10.495584
6.496536
9.235317
8.071066
11.841119
8.588889
7.164335
7.155336
7.898387
12.633566
9.977735
11.989228
9.735341
11.653309
8.229355
7.787143
9.124812
10.605608
11.289198
7.040430
12.296666
10.962376
12.327939
9.523145
6.853915
8.544526
6.166596
7.961416
9.744142
11.331411
6.434310
7.268852
5.246873
9.851629
6.612946
7.637128
7.146359
8.750711
6.570203
7.401971
8.297257
5.705077
7.369397
5.957815
6.176324
4.533213
7.655427
4.334232
2.646547
1.683913
4.806438
2.932357
0.102363
3.222497
0.309210
3.137656
-0.155995
2.952388
1.763999
-1.972912
-0.128092
2.052589
-0.621238
-0.637993
-1.519759
1.582483
0.019267
-0.962660
0.305487
-0.727516
-2.504536
-3.505341
-0.867573
-1.852219
-4.818409
-2.972805
-3.793931
-2.290820
-3.262040
-6.301109
-5.635454
-7.066803
-2.890018
-8.486166
-7.009151
-5.385003
-8.443496
-6.106243
-10.075853
-5.017874
-5.857485
-5.490527
-10.955057
-5.896687
-6.253815
-9.367564
-8.916207
-7.586298
-11.172755
-9.712967
-7.870658
-9.596864
-8.509721
-9.469553
-11.972017
-7.434894
-7.133612
-12.390468
-12.794928
-8.913358
-7.095798
-7.864831
-11.507469
-10.985632
-9.805682
-10.189676
-9.209632
-8.812090
-11.574994
-9.657981
-6.914489
-7.551659
-11.172325
-11.742715
-8.255797
-7.822780
-8.104253
-6.182495
-11.675647
-9.265191
-5.778962
-6.331731
-6.273549
-5.943628
-10.252231
-5.411448
-9.093880
-9.292747
-8.174136
-7.806960
-4.069818
-5.464830
-3.460487
-4.715457
-6.544138
-5.490584
-4.313487
-2.145325
-6.427066
-2.275237
-6.408375
-4.321296
-1.620986
-0.589369
0.481957
-3.609856
-0.437255
-3.306991
-0.950614
-3.257505
2.336659
1.517148
-0.042366
