2.364900
-1.362575
-2.057455
1.505206
1.828426
3.210194
-0.384751
4.159964
1.070892
6.021671
6.276417
5.399933
1.739095
2.888089
3.075095
6.792831
6.650854
4.451353
3.754755
5.046923
5.931562
3.650219
9.255672
5.887420
7.018517
7.486727
6.226047
9.470544
6.310155
9.621139
10.187501
8.984708
10.959559
6.170061
9.045041
9.802391
6.847788
8.928338
7.374705
7.626722
7.754350
11.252019
12.214691
11.974308
8.059427
9.279368
8.487692
10.309836
10.723581
9.181807
12.924964
8.138267
11.703694
9.007547
8.829132
11.320030
10.609259
6.812114
8.866412
9.396735
12.226644
7.812040
6.594341
10.899006
10.824054
7.223650
9.028025
7.525226
10.197964
9.756706
9.879274
7.101985
7.643694
8.343417
8.376501
7.661691
6.592049
6.794706
4.117055
3.163020
5.845508
3.328315
5.540330
5.744110
5.439530
2.369889
5.674329
1.472045
4.196733
1.734701
5.091242
-0.473517
4.134469
-0.962566
-0.923070
3.637721
1.396804
1.565304
2.735816
-2.370700
-1.132459
-2.777332
-3.923244
-1.454461
0.604582
-1.392875
0.106505
-0.463960
-0.611846
-3.629058
-5.609123
-5.631436
-2.746871
-3.745631
-4.608389
-7.118067
-2.301513
-5.258093
-7.499980
-4.221523
-5.413886
-8.042981
-8.955808
-7.291773
-4.222627
-6.463074
-8.004081
-5.607785
-10.323449
-8.170289
-6.949707
-5.807074
-11.161178
-10.374302
-6.792980
-10.918092
-9.130676
-8.426586
-8.361597
-10.292605
-11.578970
-11.665507
-7.229687
-9.838366
-7.792508
-7.636696
-10.091798
-11.776551
-10.801136
-11.150155
-10.626492
-10.619478
-12.835915
-12.535011
-10.409565
-11.383567
-6.844815
-6.983989
-10.278500
-8.532471
-9.654044
-11.847922
-7.521771
-7.895190
-10.470367
-9.861451
-6.918767
-5.930381
-9.161429
-5.439696
-9.808782
-5.352170
-7.103979
-9.096544
-6.607699
-7.294102
-6.462779
-5.037186
-6.145334
-5.953552
-5.038442
-7.358505
-2.091273
-2.486187
-5.759271
-4.976479
-2.058055
-2.833825
-3.921494
-4.901706
-0.869575
-3.538421
-4.739303
-3.658816
-1.736029
-1.999325
-0.162321
-3.283448
1.762478
-0.719266
