1.467629
1.766079
1.887512
0.013154
3.462657
2.748811
1.391966
4.867575
3.976497
2.737939
0.828673
0.779064
5.503372
5.135268
4.753168
6.176628
5.005536
7.071140
6.193272
5.964282
8.459649
3.759514
6.528798
6.560593
7.315401
7.848561
4.971787
7.276361
10.063776
9.948086
5.529657
8.987614
6.285378
7.155376
11.301611
10.160064
6.264160
7.210951
11.985451
10.048230
11.181773
7.991983
9.833167
9.569875
11.360962
9.274470
11.073312
12.846357
10.016896
11.716946
12.623080
12.802179
10.815421
10.750289
6.946013
9.448164
12.042047
10.509278
8.764916
8.333136
10.692131
9.521958
9.383293
11.496522
11.028445
6.209520
6.442649
10.185299
9.784531
5.788538
7.597551
9.480392
7.376555
5.919826
9.269566
9.333646
7.012311
7.701155
4.994574
8.543683
7.272362
7.151520
4.235469
3.591440
2.345994
5.822872
6.538216
6.499745
3.609377
2.484519
3.792798
0.554464
3.626178
4.063815
-1.425137
4.055814
0.289419
-1.510431
1.745031
0.089894
0.179105
0.331502
-3.492674
0.604881
-3.013423
0.227600
0.664335
-0.971336
-4.701533
-3.570350
-4.792225
-1.992751
-5.247735
-5.903516
-5.360866
-5.698182
-3.775150
-5.496566
-8.388741
-6.654361
-7.938644
-6.812378
-6.279614
-6.703054
-6.685689
-6.679019
-7.950144
-7.058433
-9.631693
-8.334719
-5.508453
-7.004629
-10.557466
-8.381591
-9.040841
-10.329461
-7.413124
-10.184253
-6.445455
-9.098823
-9.852405
-12.161545
-12.407523
-11.762009
-10.766616
-11.856200
-8.739423
-11.389234
-9.660742
-11.255895
-8.679540
-11.013797
-8.710665
-7.967215
-8.187408
-8.998798
-7.592328
-7.013626
-6.687207
-12.138397
-11.735545
-10.581140
-7.143757
-6.971945
-5.958742
-11.709889
-10.307914
-8.258171
-8.090678
-8.248211
-5.963102
-10.461388
-9.515472
-5.895896
-8.417035
-8.865213
-6.108266
-6.629924
-8.000543
-4.138878
-6.447602
-3.020037
-3.542647
-6.104660
-4.329708
-5.309289
-6.441382
-5.142702
-5.290684
-5.956540
-4.269253
-1.259529
-3.594187
-2.977064
-4.202839
0.661323
1.610354
-2.387901
-0.510628
-1.898218
