0.467045
3.301032
0.006174
-1.600692
0.769966
2.954745
3.389319
1.204809
4.228684
3.158468
3.509973
3.096780
4.845965
5.312482
2.875364
5.326115
7.896261
3.190572
6.647804
5.374321
3.347012
6.901141
6.202819
5.988237
6.378996
7.102959
7.872684
10.095700
8.054098
10.974619
9.274415
5.537818
7.469169
8.371778
6.586880
10.955301
7.825236
6.659956
7.317877
12.461261
7.037208
7.167727
6.951052
7.983372
8.756055
12.139444
11.472520
11.218709
9.562776
12.583371
9.592782
8.799632
12.342842
10.791661
12.460955
7.500719
10.856155
12.064597
11.876098
7.960818
8.019471
9.614952
9.601537
8.173021
10.053974
6.802982
6.270995
10.966096
6.507595
7.012334
9.829206
6.026350
8.875307
7.937084
9.055841
4.738565
7.721160
6.278387
8.786509
4.000413
6.982826
6.655314
8.060414
7.643278
4.218008
2.015098
5.765144
5.595365
3.179807
2.865197
3.537745
0.296234
2.384249
1.664944
0.194323
4.045299
-1.575980
-1.989779
-0.549547
-2.264842
2.243279
2.183475
-0.162705
0.645436
-2.923678
-3.539807
-4.920541
-4.630528
-2.263436
-5.747999
-6.133158
-4.740778
-5.020966
-1.912811
-4.059948
-4.279462
-5.235441
-7.693422
-5.770121
-5.364849
-8.537304
-5.692299
-4.950119
-4.369065
-9.330143
-5.686293
-6.719112
-6.299557
-6.536421
-5.664688
-11.213125
-8.407486
-5.884569
-5.945368
-10.861694
-11.981561
-8.714959
-9.940560
-9.798058
-6.864525
-8.418985
-9.986949
-10.728158
-9.590791
-12.738541
-8.343617
-9.398790
-12.791893
-11.780408
-7.088744
-12.923002
-7.708199
-9.379039
-10.281680
-11.882646
-9.294058
-8.950740
-9.523031
-7.703847
-9.566149
-9.929578
-7.590139
-6.691680
-11.169696
-10.373483
-6.399933
-7.136299
-9.317835
-8.378222
-9.702439
-7.664930
-8.306144
-5.527364
-7.878478
-6.655155
-5.212059
-3.802787
-7.472543
-3.142078
-8.673987
-6.326135
-7.852668
-2.145468
-7.680008
-3.641562
-7.208224
-2.560903
-1.027185
-2.396257
-1.612272
-4.108941
-4.971893
-4.287560
-3.677615
-2.933669
0.428146
-0.731081
-0.521105
-1.665485
2.605484
