1.508019
-1.876451
1.872075
0.638003
-0.556905
4.093785
-0.407912
1.224441
5.075185
4.343270
6.083429
3.059593
3.239727
6.895958
3.080687
4.146893
7.599030
3.957779
6.267160
8.545871
3.245153
6.240446
7.256545
9.297178
9.676374
5.483045
8.581627
9.073476
5.732137
7.537911
9.383329
5.551440
11.357271
9.342786
9.518239
8.725138
10.396115
10.932939
7.644759
9.692130
9.090612
9.118367
7.835106
11.188708
10.959306
12.833605
11.919307
7.558418
9.460122
12.335253
12.535328
8.722404
12.506601
10.102055
10.556974
8.260373
12.127076
9.135625
7.934692
7.036481
9.452249
8.922011
10.728600
7.507252
10.972830
6.628968
10.837885
7.817146
6.682017
7.637264
5.074502
8.733551
5.224799
10.211724
6.759401
7.830965
4.880678
3.835544
8.284657
8.462521
2.792558
5.315814
3.319354
7.654979
2.101706
5.973672
6.705565
5.824978
4.730001
4.028603
1.411366
4.117964
3.491088
1.234016
-0.605017
2.393953
-0.601993
-1.482028
0.663826
-0.424923
1.131287
-2.206308
0.598654
-2.162363
-3.774479
-4.207918
-3.096112
-0.164277
-2.918783
-0.998782
-5.843946
-1.628755
-1.086825
-5.637405
-5.108775
-5.277821
-6.921535
-7.387124
-3.850170
-3.217245
-8.079655
-4.637049
-5.314764
-8.155953
-6.516891
-7.671175
-6.306067
-8.461287
-8.078512
-6.239295
-6.435309
-8.553314
-8.208102
-6.239077
-9.380545
-6.062184
-10.802947
-10.050801
-9.873151
-9.973486
-10.399862
-10.538850
-8.744436
-12.213224
-8.009160
-8.786517
-12.668264
-12.920794
-12.993841
-7.739679
-7.738014
-11.922025
-10.955473
-10.980853
-7.784289
-9.630963
-10.002135
-7.646839
-8.404693
-7.539460
-9.466603
-6.552569
-9.103654
-11.756508
-6.673536
-9.669193
-9.436435
-5.644961
-6.668120
-9.849734
-5.830096
-8.515623
-5.797119
-7.084096
-4.358295
-9.710684
-7.045703
-7.644569
-3.432042
-4.613533
-6.053010
-6.260870
-6.303558
-7.551612
-6.506490
-4.779703
-5.136699
-6.311718
-4.268150
-2.429971
-1.669144
-3.731736
0.076236
-0.899536
-0.507521
-1.655107
-2.393299
-2.884669
0.531353
1.632593
