2.730664
2.318430
1.682576
2.830897
0.966235
4.306932
-0.025104
5.058323
4.397875
4.067253
3.587252
2.066533
1.163296
5.418530
5.290142
6.676542
7.020486
7.180530
3.142887
5.796630
4.209410
3.669951
4.517073
4.642922
6.444797
4.489825
8.537393
8.506711
7.683146
8.973677
10.899739
6.870731
6.455158
11.662728
7.946450
11.465185
11.269108
8.667704
9.823610
9.141334
12.496837
7.306378
10.776939
7.981586
9.076466
11.245104
10.817319
11.622020
12.037163
10.391674
10.089645
7.238079
9.750223
10.726045
8.229031
11.198182
11.003946
6.899458
7.636542
7.299229
8.357557
10.147782
8.810766
10.740180
6.988499
6.685494
10.604740
9.050609
8.386720
8.812140
7.943518
6.984343
7.088300
9.882473
9.098571
5.925317
4.320386
7.458465
6.652078
5.519532
7.765360
7.811871
6.527734
4.463582
5.895284
3.657025
4.283649
4.436065
4.724700
2.810472
0.919831
4.067202
3.904069
3.145473
-0.056623
2.064963
2.544469
-0.602190
1.304289
-1.352151
2.295315
1.627754
0.405600
0.315702
0.673146
-1.751679
-1.602388
-1.206522
-3.267083
-0.705932
-5.570298
-6.442521
-3.323125
-3.001295
-7.401928
-6.205831
-2.573652
-6.040834
-4.317520
-6.211345
-9.063109
-7.031189
-9.489426
-3.998091
-6.344744
-9.646030
-9.831994
-6.163873
-8.234538
-8.871332
-9.748980
-9.751043
-11.289784
-6.037072
-10.269451
-7.691567
-8.706087
-10.173809
-12.025205
-8.689805
-8.161615
-9.647398
-11.973839
-12.037108
-10.499654
-8.376466
-12.835889
-7.350540
-11.150668
-11.508872
-12.973338
-9.388395
-9.293446
-10.273854
-10.389427
-7.498398
-7.692375
-8.314589
-9.895877
-6.675478
-11.067484
-12.043321
-7.778037
-6.659095
-8.071104
-10.457719
-8.888808
-10.616437
-6.316797
-8.131327
-6.153849
-4.719342
-8.176833
-10.075539
-5.453568
-7.233394
-8.924687
-7.686173
-9.049562
-5.930522
-4.183198
-3.281987
-6.795502
-5.202105
-4.911951
-3.121693
-2.133983
-4.741234
-2.106443
-0.438194
-4.894479
-1.550905
-4.677446
-4.793285
-1.220245
-3.860577
-3.004312
2.108083
0.669173
-0.794145
