-0.256426
0.486624
3.836177
-1.219470
0.879309
4.447770
0.948383
3.764962
2.627051
3.929023
1.702048
4.697005
5.323147
6.211377
5.831832
3.730796
4.600957
3.169295
5.231065
8.079474
5.264661
6.713691
6.680611
9.167383
9.126775
6.933665
5.277440
5.185971
8.933828
9.356972
8.925387
9.963268
7.926204
6.731388
8.871233
11.794160
9.023971
10.203082
9.416918
9.729748
11.488074
7.894537
9.749779
8.609865
9.228949
10.456083
12.720628
11.617305
9.887671
7.153259
7.159489
7.031869
11.251429
8.797253
10.791182
9.902328
10.168333
10.892589
6.692359
11.867476
11.535393
7.569047
8.224084
9.036297
7.586310
10.758740
5.952895
10.961966
6.358291
8.413984
6.063938
9.721210
5.247063
10.024449
8.448905
5.962656
3.821004
4.366884
3.509631
4.315408
6.822166
3.980135
2.481751
5.144456
3.465106
6.422210
5.310852
0.732860
5.375007
1.918198
4.572301
2.783606
3.869976
4.521654
3.406987
-0.206838
2.766518
1.497252
1.171517
-0.242634
-2.384358
-1.425846
-2.549094
-3.997666
-4.273625
-4.470968
-5.163430
-3.259210
-2.936558
-5.292704
-3.567635
-4.146588
-5.294736
-3.602758
-6.015385
-5.527268
-3.144440
-6.394588
-4.288541
-8.337747
-7.104480
-4.780901
-4.950380
-8.133712
-4.262980
-4.575743
-9.458551
-9.116891
-5.345108
-5.828702
-10.365216
-11.358856
-6.614048
-7.894598
-6.971395
-8.529288
-9.595956
-7.013269
-7.427484
-10.233037
-6.680129
-11.284306
-7.027368
-12.629395
-7.925374
-12.396011
-10.559144
-9.968824
-9.127973
-7.362154
-7.030988
-10.583217
-7.361862
-12.864141
-10.084832
-7.956720
-8.584480
-10.815382
-11.195964
-10.428250
-10.358950
-12.098120
-8.627206
-10.322507
-8.088403
-11.473435
-9.962196
-9.988561
-9.506395
-9.833249
-8.958970
-10.025471
-7.129765
-7.462596
-4.549242
-8.488791
-3.815467
-6.921209
-8.664414
-8.075377
-7.748241
-5.587245
-7.329452
-4.925834
-4.664714
-6.717685
-5.380592
-2.737950
-4.670968
-4.428563
-1.554145
-0.752131
0.368823
-4.391055
-3.162886
0.956243
1.163652
0.682832
-2.573976
-1.578733
