-2.446149
-2.364363
2.780669
0.454308
3.337933
4.392082
2.642520
1.151104
4.483474
1.112137
0.806868
6.576348
6.426369
5.423366
3.735029
5.474364
3.910257
2.591277
6.282139
3.315014
8.758317
4.045845
3.790351
4.802263
9.668206
5.985191
7.556398
10.298637
7.810209
7.361994
6.362634
10.515075
7.759185
8.591318
7.768849
11.483598
6.452025
12.016456
10.080342
8.376363
11.459749
10.461816
6.781943
8.323634
10.970752
11.705617
10.203101
11.548736
7.637976
7.187559
7.858354
7.006905
11.997961
11.706209
9.500455
12.111116
11.710850
12.259693
9.101515
8.285449
9.532360
8.904533
9.611546
6.358312
8.044517
9.434755
10.979487
5.589996
8.577986
6.612911
9.159686
5.753294
8.784400
7.481324
7.351703
8.412369
5.641552
4.154452
7.969959
5.902926
5.662263
6.052987
5.884656
6.946427
5.645022
6.272829
2.265508
4.424478
2.841611
4.996264
4.056229
-0.044551
2.185130
-0.616710
1.420745
3.474072
0.346392
0.209337
-1.104327
-1.814708
1.083680
-2.878685
-0.349803
1.420432
-3.674246
-1.816485
0.214636
-5.120697
-5.401589
-4.524759
-2.475786
-5.328316
-6.291762
-2.628189
-3.827547
-5.443524
-4.084007
-3.253571
-7.198520
-6.734796
-8.484055
-8.768302
-5.242281
-7.809335
-7.692774
-7.646406
-6.291655
-5.758084
-6.581810
-9.338709
-8.979760
-8.748801
-9.806113
-6.033198
-7.961891
-9.593371
-10.929387
-10.590439
-9.956934
-10.905621
-10.455955
-10.027311
-8.975855
-7.909421
-9.897119
-11.438941
-9.674738
-12.459027
-8.239761
-12.343636
-11.556305
-7.774957
-8.366364
-10.236215
-10.284519
-11.869634
-7.988921
-11.166328
-7.933370
-7.649158
-6.638711
-8.809496
-8.565256
-10.130446
-7.464745
-10.554266
-7.525668
-5.541584
-10.161931
-6.683331
-6.483214
-7.498275
-10.185749
-9.597854
-7.364466
-4.092749
-5.614256
-6.820715
-4.520229
-4.495400
-5.953511
-2.567797
-7.198601
-7.212100
-4.610837
-1.613107
-4.686930
-3.524071
-1.681574
-5.604348
-3.636938
-1.836131
-3.805313
-1.632559
1.031216
-0.677263
1.810381
-2.616125
-2.378720
-1.528058
