-0.147470
1.022763
3.297843
1.442963
1.913835
-1.105532
3.109037
3.010388
2.040094
2.210202
1.267037
0.905300
1.901155
2.697265
2.037913
5.607570
3.790131
6.787241
7.668708
3.911581
3.745383
8.220881
7.941049
9.759608
8.348222
7.427795
8.273097
10.649849
8.834301
10.568227
9.451106
8.501465
6.364988
10.166736
9.399017
8.704495
10.386220
7.630487
11.246874
11.624616
6.791574
12.335387
10.358537
12.410580
8.743230
7.569069
11.527814
11.555430
9.827354
10.274624
12.636261
11.617677
10.948045
7.472146
7.737616
8.071042
6.860477
11.436445
10.069755
10.347082
12.218604
9.738438
6.772832
7.554136
10.738791
6.137702
8.300709
10.030553
6.821679
10.739423
6.436325
6.982206
5.079996
9.433645
7.861838
7.916253
4.813211
5.475811
5.620371
6.838905
8.229227
3.253940
5.987720
7.094575
3.234344
6.420723
4.766371
5.889601
5.648156
2.330419
0.302092
3.507064
-0.425352
2.793808
3.209649
-0.171540
1.639231
2.011069
-0.123962
0.302681
0.086742
1.886328
-2.093368
-0.808330
-0.032633
-2.832116
-2.335657
-2.764293
-1.384540
-0.730429
-4.414605
-4.777768
-3.497853
-1.497881
-5.300969
-6.189367
-3.895403
-5.961474
-6.865949
-7.207210
-7.266006
-7.977914
-8.703016
-7.617770
-8.554613
-6.387978
-7.298092
-7.157015
-7.997473
-6.880142
-6.085355
-6.337076
-10.999699
-9.888845
-9.485606
-7.847822
-7.451126
-8.082478
-9.373044
-8.869136
-11.221943
-6.798413
-12.520371
-11.203326
-9.267443
-7.221074
-10.312914
-8.941981
-7.042795
-11.371191
-8.992512
-11.960322
-12.123421
-8.186461
-9.870438
-7.290175
-11.569682
-10.845921
-12.240864
-8.238634
-7.962521
-10.466088
-12.159542
-9.586495
-8.494409
-8.609975
-10.528114
-11.351822
-5.701154
-6.155549
-6.883854
-6.600832
-4.860985
-6.149667
-6.113784
-9.347761
-4.062764
-7.549048
-5.752749
-7.128581
-3.293582
-3.943539
-2.569802
-5.061850
-3.158320
-6.546347
-5.677272
-2.630435
-4.876040
-4.210746
-1.245010
-5.326927
-2.858240
0.012745
-1.945681
-3.505948
-0.133197
1.250255
-2.645807
1.905508
