3.209701
3.054041
-2.046082
2.571096
-0.723741
-0.597587
0.309263
3.137414
1.220536
5.441066
5.054191
3.049137
1.505900
7.168739
2.749464
5.086249
3.818273
6.920457
5.330684
3.010886
7.242621
4.344582
5.315703
9.016126
4.759877
7.604036
5.694458
5.519108
10.871984
7.693540
8.674299
8.340574
6.100202
6.079231
5.951103
6.753811
7.682389
9.450127
7.766530
12.132260
9.436969
7.013283
10.776444
11.095645
8.552198
9.368551
11.317189
8.434554
11.305214
12.545563
10.609598
7.876865
9.264742
8.560232
7.649283
11.678038
12.555385
8.202884
7.040872
7.835602
11.367978
12.144309
11.921209
10.846455
7.737639
10.312274
9.414404
10.402035
7.417669
5.479937
8.213608
4.916024
6.754022
9.899695
9.948563
7.166052
6.854019
3.980642
6.433148
7.421309
7.532908
7.559788
6.551959
4.605917
4.018467
6.204142
4.303479
6.405385
3.555059
3.949160
1.440237
3.967625
-0.641097
3.739188
0.686940
3.875668
2.605900
1.816594
3.278534
-0.033122
0.368532
-2.423916
-3.857325
-2.683829
0.819026
-0.595695
-2.560484
-3.894299
-0.714028
-5.238303
-3.516874
-5.671654
-3.119507
-4.036748
-6.673023
-3.571725
-5.083651
-6.007172
-4.469572
-3.263676
-3.559107
-7.830592
-8.625599
-7.855645
-9.914926
-6.774146
-7.151164
-4.734422
-7.240092
-5.782799
-9.891384
-9.402950
-10.686732
-10.599248
-11.759687
-7.764523
-8.509341
-9.842393
-9.027006
-11.207037
-8.087479
-10.979827
-9.410326
-10.898352
-7.092054
-9.641963
-12.283023
-12.179673
-11.500593
-7.763634
-9.734208
-9.661386
-11.359732
-10.621489
-7.107861
-10.248468
-8.039718
-11.922174
-12.144435
-9.679860
-12.262759
-11.991034
-6.860882
-8.594582
-6.517984
-10.817306
-11.139710
-7.892698
-10.429036
-6.690178
-7.898035
-7.228381
-5.119097
-8.016303
-8.234897
-4.170870
-7.581858
-9.195053
-5.689397
-3.289315
-7.776656
-3.377712
-7.309077
-3.272207
-5.445347
-3.527695
-3.902710
-3.733888
-0.637820
-4.786909
-5.778731
-0.572926
-0.585138
-4.545026
-4.496709
-3.371575
-2.791742
-0.412951
1.872789
0.082429
