-2.650529
1.219518
2.783735
3.274280
4.378405
3.162798
4.199765
3.426427
3.821325
1.831709
2.427831
5.895331
5.195640
2.985861
4.323217
7.229994
2.172753
3.443563
5.794614
6.055391
7.761076
4.810652
7.145551
4.353067
6.610016
5.776420
5.640806
4.960665
10.574507
8.448460
6.272110
9.895851
9.678526
8.451432
10.635615
6.101653
8.021456
8.555005
10.837142
6.808435
7.539578
7.292245
10.594926
12.286680
7.334362
7.780963
7.329103
7.881128
9.127734
8.660451
10.991230
11.671905
12.805639
10.896335
12.417975
11.442679
11.871094
12.571832
8.820661
9.822013
9.662226
8.727082
8.212218
11.252858
7.594587
7.405592
11.328885
7.801071
5.891296
5.162679
6.574891
10.383819
5.043719
7.088400
7.040576
7.303015
5.685379
7.695167
4.116399
4.328826
8.125160
5.391001
6.568159
6.129384
6.912977
2.555572
1.129476
3.564425
5.736987
2.283508
3.475206
2.089418
0.962100
2.319189
3.420566
0.682199
2.743670
0.150206
-0.985686
-2.162159
1.356254
0.051768
-1.205577
-3.455079
-4.024266
-2.106544
-4.717947
-4.462281
-2.981789
-0.366561
-1.699700
-4.894533
-1.866163
-5.981971
-5.819857
-2.576803
-6.939571
-5.389078
-5.812520
-4.282230
-7.546195
-4.852006
-3.855828
-9.602140
-4.989914
-7.957789
-8.929612
-7.549203
-10.056301
-10.663003
-8.143127
-8.567798
-8.242877
-6.819640
-7.116150
-8.603028
-11.428980
-7.096082
-10.321310
-10.551870
-12.419745
-9.407679
-12.617926
-11.368473
-8.652336
-7.235113
-7.697720
-12.118867
-11.128136
-9.290564
-8.145227
-12.896157
-12.023903
-9.725928
-11.183969
-11.044317
-11.796100
-11.839340
-7.442125
-11.523440
-12.113319
-6.810707
-11.417392
-7.696486
-7.928903
-8.739382
-11.245539
-5.585763
-9.866250
-10.942724
-7.741742
-8.101837
-8.914431
-4.917567
-8.605477
-5.602649
-7.096072
-5.640684
-8.001253
-3.170705
-6.683213
-6.710193
-5.077547
-6.591658
-6.729223
-5.878153
-4.516588
-3.318520
-1.475644
-3.933711
-1.958204
-5.094653
0.043178
-3.809002
-0.066117
0.195075
-3.340589
1.819251
-2.974549
-2.279322
