0.652052
-2.216654
1.027724
-1.345835
1.288762
1.947378
1.945108
2.067208
4.232786
4.655907
2.079820
3.539493
6.019184
2.664236
4.388682
4.682011
6.287100
2.888392
4.255962
6.447155
4.664410
8.649447
4.695878
7.431591
6.338843
9.853219
4.568269
8.164645
9.207736
5.551967
6.919225
11.145269
11.504557
5.862260
7.379649
9.361314
11.970736
9.969545
7.827334
7.137086
10.435025
12.240800
12.165192
9.700235
11.312449
11.101271
7.059568
12.887763
10.756237
12.604661
12.822828
9.012715
10.988208
11.529586
7.495162
9.149336
7.827304
7.608796
9.223028
11.212500
8.578275
8.596304
9.183922
10.631960
10.482328
7.656799
10.320911
11.334273
6.116748
6.058474
5.142018
6.246774
5.895685
7.097221
5.868903
5.795975
4.857585
8.733477
3.568672
7.766936
5.836288
5.728672
4.796874
7.075524
5.296411
6.372488
2.097139
1.263209
5.932119
5.626420
5.678004
0.606651
0.659268
1.286607
1.010504
3.849753
2.618936
1.859916
0.502304
0.764010
-3.033873
-3.239139
-1.738526
1.637179
-0.094282
-3.954703
-2.113301
-3.412687
-0.345514
-5.374157
-2.925057
-4.070726
-2.133727
-2.669314
-7.121720
-7.221443
-4.938961
-5.119282
-8.324624
-4.339627
-4.618994
-6.920235
-6.197073
-4.928618
-9.709864
-10.170732
-7.518763
-6.108295
-6.263409
-8.780070
-8.190457
-11.259852
-7.242368
-11.745041
-11.511708
-12.036355
-7.721759
-11.685789
-10.807721
-11.720792
-8.318023
-9.363974
-12.476103
-7.686569
-12.161486
-10.391233
-9.906247
-10.083005
-7.940831
-8.425471
-12.591441
-7.239305
-8.549250
-9.654867
-11.964693
-7.901174
-11.223436
-8.073732
-7.963024
-8.355749
-12.165836
-7.123114
-10.618024
-11.713035
-6.177153
-7.918747
-6.253956
-7.113480
-10.639078
-5.824719
-7.997945
-5.015339
-6.937672
-9.502599
-9.016634
-4.857122
-8.963326
-9.155440
-7.261285
-6.469798
-5.744650
-4.184913
-2.941628
-2.070718
-4.185756
-4.169154
-2.937268
-4.155337
-5.930997
-5.962681
-2.545224
-5.345898
-2.744091
-3.523610
0.845488
-1.268376
-0.174535
0.151765
-1.469690
-0.816604
