-1.770792
2.689591
2.450650
-0.639997
-0.234401
-0.586744
2.050934
5.374885
0.015041
5.671609
1.729311
5.573735
6.878974
3.071171
5.184878
7.243148
7.725430
7.227144
6.378361
4.277974
6.318216
3.415463
5.091551
3.959281
4.754429
7.967139
7.121641
5.147285
9.467304
7.490584
8.031393
8.375878
9.082099
9.448709
11.378595
11.735829
6.459184
9.222255
9.644446
11.934685
9.120438
10.882725
8.345729
8.254793
11.334589
10.257540
10.074205
7.362392
12.492130
8.645322
10.975138
8.412856
7.651753
8.130781
8.940794
12.315705
10.741381
8.905413
11.136999
9.660298
11.665865
9.205494
9.623232
11.783508
6.055753
6.421709
7.761270
9.616914
10.025354
5.595996
9.527831
8.117603
8.703887
6.513868
5.340961
8.525715
6.640061
3.733981
5.082756
6.351565
8.414346
4.432473
4.712361
7.553271
6.610562
1.996724
6.686095
1.088150
4.663235
5.120657
5.718954
1.386965
2.215644
1.984422
1.586133
-0.681195
-1.045791
-1.886366
1.584348
2.928565
0.715679
0.461328
-1.037163
-3.378615
-0.983595
-2.596138
-0.662431
-2.984374
0.060840
-4.319058
-1.711087
-3.161964
-5.029674
-5.224844
-6.544711
-4.360381
-4.082427
-3.608539
-3.186634
-4.268671
-8.058937
-9.176450
-9.576804
-8.421302
-4.706194
-5.929095
-4.550829
-10.599511
-8.063732
-10.341989
-7.079473
-11.012554
-9.506612
-9.893296
-7.650644
-6.276176
-7.979356
-11.242976
-9.713694
-9.818063
-9.251465
-10.298469
-9.422335
-8.480696
-8.221024
-12.845385
-8.327269
-9.443228
-11.116908
-8.576704
-10.568249
-9.564212
-12.211696
-8.775983
-10.771480
-8.402190
-9.200409
-9.884136
-9.817276
-11.275372
-9.279916
-7.269223
-8.132947
-9.316498
-10.349234
-10.333449
-5.948816
-10.597531
-9.037184
-6.106281
-10.387585
-7.180634
-8.515952
-4.333335
-7.103775
-5.404636
-6.951291
-8.451314
-5.872791
-5.779401
-4.189129
-5.277915
-8.039818
-3.349824
-6.998646
-3.796103
-6.372820
-6.025994
-4.073462
-5.455712
-3.282802
-4.532228
-1.934550
-0.046002
-2.686714
-2.045508
1.628169
-2.130234
1.916921
-2.780331
