0.717268
-1.505264
1.879402
0.550663
-0.963021
2.709367
3.033682
3.576622
3.222158
0.174740
2.597268
4.793950
6.308968
1.444433
1.695597
4.345831
7.809679
3.686181
6.037772
3.931891
7.517680
8.956610
6.716909
9.332564
5.028045
8.964152
9.089190
8.570311
8.883683
6.627701
8.446827
6.883322
11.469648
6.800808
9.628155
7.134364
9.357297
10.951819
7.281172
9.659651
10.288130
8.075583
7.812548
7.981536
7.599051
9.898735
8.440021
10.561244
11.580558
11.850624
7.442704
9.185682
7.018011
7.859481
9.426111
9.138296
12.258503
7.123108
10.835201
11.670801
9.377945
6.999337
7.226002
6.809923
6.312561
9.069581
10.014171
9.577439
7.218783
6.624409
5.690169
9.446113
8.323172
5.624554
7.438074
9.109841
4.716317
6.233603
5.014892
8.177293
3.621362
3.362223
6.335777
7.496713
3.344962
2.750484
4.838057
3.263869
5.962376
0.272381
4.926845
4.469982
3.748673
-0.617937
-0.206384
-0.778623
0.451613
0.767058
-0.889364
-2.285155
2.127219
0.103422
1.459875
1.137411
-3.777988
-2.355795
-5.124411
-3.063091
-4.975598
-4.952725
-3.833318
-6.541230
-4.688440
-2.332376
-5.647058
-5.957257
-6.188033
-3.988676
-3.980358
-3.318677
-3.916166
-8.570615
-8.686741
-9.285310
-7.665757
-7.941861
-7.106558
-7.026292
-7.934356
-6.819784
-7.909150
-9.995431
-7.994485
-5.991356
-8.436547
-11.746681
-11.810378
-7.693747
-10.198114
-7.600012
-9.149516
-12.548865
-12.150561
-10.923545
-7.395052
-7.182515
-7.474276
-7.633619
-8.353762
-11.855694
-9.368718
-8.751255
-8.127273
-10.805744
-11.063812
-11.970046
-7.283833
-9.078525
-7.924105
-10.612695
-11.740070
-12.206828
-11.463942
-10.609385
-8.392579
-9.990467
-10.257024
-6.495633
-7.193045
-5.128784
-7.525639
-9.013461
-6.575540
-4.532172
-9.695741
-5.419500
-6.059309
-4.973094
-8.009674
-7.979855
-6.089748
-3.492797
-3.774762
-4.125821
-3.114133
-2.258310
-5.227056
-2.305383
-5.167903
-4.165868
-0.252963
-1.996041
-4.122007
-4.426398
-3.997629
-2.309560
-2.713455
0.913163
-3.002351
-0.973958
