3.224442
-1.425841
2.742793
2.827111
0.686383
4.666990
3.239066
3.277560
3.964670
0.823940
5.707913
1.626128
1.471742
4.199897
7.391089
2.292119
2.637551
2.883125
4.764837
6.958225
4.442818
9.160264
8.739277
9.444209
8.722876
5.630858
9.073861
8.071390
7.492107
6.153877
10.075362
9.447583
10.903574
10.128383
6.225768
7.852881
10.337958
9.387605
9.014008
10.837962
11.629154
9.777135
8.236403
10.619310
7.594443
7.696690
9.812192
12.509384
8.138143
8.047507
7.862801
7.649974
9.790839
11.566918
8.791798
10.357784
11.813755
7.035136
11.048530
8.604398
12.252826
10.431658
9.769579
8.879220
7.374582
6.305213
9.535493
8.391164
5.666376
5.299781
9.712585
5.838096
6.070732
7.910692
8.517478
6.361599
8.442208
8.867649
3.988490
3.965238
5.085999
6.465214
2.598267
7.536605
2.441039
2.360968
5.666654
2.507879
1.641122
4.676891
1.015999
3.282784
2.808752
2.489497
3.143278
1.147823
3.736970
0.159291
2.183591
-1.641105
-3.191886
-1.257730
-3.449244
-1.761636
0.641155
-1.484346
-4.623563
-1.121392
-3.050477
-3.751517
-3.127816
-6.156355
-2.906717
-4.843470
-6.573557
-4.175829
-4.911452
-7.831206
-3.792297
-6.277206
-5.916942
-4.052878
-4.064931
-5.634004
-6.756619
-9.873397
-10.203797
-8.023599
-7.771322
-10.063667
-9.813465
-10.864207
-5.882577
-7.855221
-10.329808
-9.342662
-10.704332
-11.447415
-9.790190
-9.742679
-7.145605
-9.601839
-9.295180
-12.436488
-12.361988
-11.446999
-12.773688
-7.745862
-10.678272
-11.416589
-11.661961
-11.640474
-10.172112
-12.681403
-12.341403
-8.648587
-8.359120
-12.158469
-9.886563
-6.623142
-11.442063
-11.920374
-8.079846
-11.508588
-10.149356
-6.211528
-6.037201
-8.001165
-6.233620
-7.523297
-10.539923
-9.829833
-9.353487
-4.708500
-9.481684
-9.046284
-7.309881
-5.726982
-7.372268
-6.787119
-8.261069
-4.410676
-4.117855
-2.781798
-2.359484
-1.481619
-1.133028
-5.902372
-4.895960
-1.724606
-0.184947
-2.000844
-5.123502
-2.515081
-1.573258
0.647786
-1.491860
-2.357143
1.674601
2.870613
