2.661957
-0.686186
1.863076
0.992523
2.168917
4.744584
3.420900
1.283987
0.052934
4.176628
1.077590
5.374948
4.094821
1.619557
2.504229
7.264322
6.199766
7.498845
4.458767
3.431286
5.269481
4.451339
8.263561
8.723248
8.736459
7.061855
8.017727
9.076850
6.899705
9.843982
7.211029
7.097397
7.297183
7.432461
8.452539
8.584510
10.596887
9.533765
11.968433
11.042362
12.559140
11.508065
7.048997
12.318375
9.280127
7.235412
7.258079
10.673089
7.612563
8.652951
9.451230
9.991666
10.346353
11.719326
11.275698
10.488237
9.276042
12.666560
10.888302
10.638675
7.461592
9.357509
9.043540
7.883411
11.685776
8.041241
6.502497
5.637690
6.009140
10.431747
8.525644
10.251074
8.457204
5.361359
9.422339
4.018434
8.079436
8.652022
7.049997
5.290305
5.949274
2.843598
2.555283
5.297982
5.542365
3.953806
1.327821
0.952800
5.823365
1.435360
-0.018650
2.855372
2.051979
0.479254
-0.695444
0.856279
-0.514427
2.186212
2.743185
2.402295
-1.185065
-0.878911
-1.931611
-3.432538
-1.104658
0.222103
-3.379476
-0.218279
-3.536837
-4.474942
-6.303226
-1.195076
-4.695741
-1.994542
-6.593820
-3.500729
-4.007071
-7.678965
-8.607151
-7.083630
-7.238381
-8.732552
-8.244336
-7.769467
-8.861816
-9.389808
-6.318459
-7.930348
-10.023516
-7.909694
-10.311164
-8.131911
-10.896654
-8.973054
-6.733541
-11.587639
-10.249570
-9.784708
-9.584593
-9.509914
-7.009588
-7.727718
-11.597304
-9.767091
-7.572383
-12.699963
-10.725578
-8.342921
-9.391767
-8.533078
-9.810926
-12.156353
-10.624965
-12.887688
-11.114635
-11.179030
-7.628808
-11.813652
-11.470620
-8.456191
-8.865090
-10.229043
-11.131724
-9.354419
-8.915350
-7.132037
-7.669568
-9.305729
-7.371370
-5.345604
-7.469706
-9.641221
-10.229027
-4.580606
-8.583996
-7.638981
-9.295063
-6.096504
-3.773377
-8.322119
-5.431678
-2.891001
-6.847199
-5.402070
-6.087217
-4.777592
-6.249632
-6.583541
-3.719691
-2.778259
-2.228092
-1.567311
-4.958080
-0.128096
0.384130
-1.148907
-0.848940
-3.472668
-0.031135
-2.198613
