-1.859167
1.527798
1.730863
-0.196890
1.417694
4.615835
3.649764
0.806224
3.380130
5.042777
0.570600
2.454822
4.938568
5.217601
4.648555
5.369606
2.996551
7.890327
4.594082
4.617523
5.489218
5.216432
9.026218
5.214483
9.722204
6.220068
5.748514
7.203347
10.360870
7.935938
9.576891
11.404894
8.042021
9.609550
10.845039
9.205257
10.875325
11.977861
11.187866
9.843347
10.390427
7.590003
9.420071
10.843643
11.188920
7.301976
12.682311
12.407973
8.397553
10.926952
11.199688
7.978236
10.222977
11.677415
7.381828
8.664384
6.824161
8.584041
10.777142
7.412622
11.799831
7.262943
8.236987
7.225674
6.699494
6.930150
11.028325
10.265026
7.888726
7.360483
5.145508
7.753206
6.200880
5.217608
4.663635
5.924581
7.628944
3.992348
3.758371
3.494055
5.632881
3.867262
8.022022
2.308814
2.870121
1.812071
4.512264
4.503827
4.430185
1.545624
4.107378
0.269663
2.695908
3.236888
1.005881
2.649892
1.863422
-0.229934
-0.463400
-2.897471
-2.762567
1.376059
-0.710592
-3.777999
-1.521944
0.734012
-3.850532
-2.340241
-4.712978
-3.673252
-5.113782
-5.243225
-5.170864
-1.567423
-7.504176
-5.799295
-6.806115
-4.203368
-3.664676
-7.753196
-7.815786
-9.006136
-7.699987
-5.112918
-7.770695
-7.461749
-8.962527
-9.033004
-7.400088
-8.185445
-9.735655
-11.350603
-6.932473
-11.588860
-11.737854
-9.906232
-6.807373
-6.375338
-10.787724
-10.273999
-10.874503
-6.957887
-8.119440
-12.761202
-11.985349
-12.162379
-7.183034
-7.814964
-11.854859
-10.943221
-10.907368
-7.967092
-8.511955
-9.089531
-10.836837
-9.952810
-9.035530
-10.528701
-8.992183
-6.947423
-6.640091
-6.420353
-7.313566
-8.437689
-11.683760
-11.081967
-7.157232
-7.604223
-6.743762
-5.312900
-5.530336
-6.222874
-9.328594
-6.172890
-8.631035
-6.146474
-6.865050
-3.477769
-7.584872
-8.017626
-8.507783
-4.010545
-6.257341
-2.564247
-6.647418
-6.348736
-6.215411
-4.148201
-5.239103
-1.254609
-4.963013
-1.461536
-0.406920
-4.390727
-2.385139
-1.742620
-0.772953
-1.513107
0.182449
2.189741
