1.793247
0.103016
0.257088
0.268798
1.012968
0.190960
-0.699843
0.567484
5.394352
1.354916
2.003688
3.112559
2.195420
3.564413
1.781186
4.154606
7.373201
5.271983
7.625318
3.010881
7.739938
8.620908
8.987759
8.816800
5.345092
6.396942
6.655891
9.715332
9.126356
10.346359
8.846670
9.396536
11.046746
9.186639
7.056947
11.077171
12.105333
11.837442
6.797167
11.198048
10.092687
9.877741
8.242912
11.731603
11.039167
10.739661
7.976761
12.560435
10.686686
7.949474
7.511894
11.036552
10.631026
11.069825
9.619368
10.097932
11.505653
10.163531
10.409996
11.792335
6.621166
8.432273
6.214587
11.767723
9.245706
8.034091
10.344136
9.772879
7.909563
5.526098
5.135299
7.738262
7.502962
5.399289
5.662061
8.441922
4.459192
5.042599
5.059158
8.268256
3.385152
2.972663
4.900724
6.296442
2.912522
4.333846
5.524132
0.880792
3.201596
5.948766
4.307099
-0.052022
3.231799
4.159297
1.801038
0.641594
3.300382
-1.382092
-0.708721
0.498913
-3.133112
0.350963
-1.166828
-2.022421
0.335565
-0.520631
-0.433692
-0.007550
-1.367663
-4.852173
-1.671134
-3.973991
-5.842923
-4.578906
-4.247836
-7.650681
-3.011568
-2.829961
-6.254982
-2.979773
-8.156789
-7.931734
-7.621380
-4.442831
-8.646691
-5.685253
-9.058126
-7.898220
-8.075423
-6.134536
-7.361124
-9.810338
-10.496939
-9.762698
-6.732068
-10.591885
-10.038931
-8.120559
-10.958512
-11.085502
-11.877795
-12.126829
-12.535946
-7.513886
-8.337673
-8.002465
-9.260426
-12.409160
-10.250163
-10.320957
-12.122914
-11.613876
-12.641508
-11.304672
-10.936518
-10.199504
-7.877386
-10.020400
-6.783763
-7.323168
-9.627135
-8.450088
-10.049256
-9.468050
-11.140754
-6.657990
-9.666402
-6.746992
-10.022193
-9.343287
-8.268709
-7.045170
-8.948447
-7.726322
-7.701977
-5.886225
-5.971707
-7.458848
-5.025053
-8.833560
-6.551381
-8.195706
-7.432235
-5.086856
-4.761873
-1.382786
-1.814977
-4.608233
-6.360639
-3.595530
-3.344259
-4.502412
0.228814
-3.518371
1.259973
-0.615721
-2.804727
-2.691626
0.104184
2.211063
