1.870332
-1.323760
-1.548156
1.115008
2.997956
0.548638
1.803842
4.683597
1.963829
6.033039
2.468739
6.306925
2.586610
4.481337
6.336391
3.548481
3.880140
4.766776
8.022667
8.842368
8.631007
4.810002
6.321732
7.812914
7.221028
5.231650
6.292569
7.439789
9.503711
8.949363
8.053228
5.655073
7.115358
10.317245
7.249877
11.726173
7.878776
10.718001
8.747458
9.461369
6.871998
10.092450
7.974386
7.059532
7.548176
9.329771
10.825606
10.498831
10.437273
9.666040
8.039414
8.671144
10.419920
11.989009
8.850182
8.770170
12.697451
8.392162
8.365999
6.894743
7.266781
7.735693
11.383505
7.247976
6.549315
7.317517
11.434415
5.863716
8.265568
6.821463
6.363911
9.189473
9.017001
5.387744
7.587231
6.206884
4.037191
7.832746
7.137208
4.941456
6.542862
6.891144
7.318382
4.435903
6.265810
4.968521
1.322532
2.653644
4.495696
2.292987
0.016185
1.151319
3.222854
0.644982
-0.798544
-0.926898
1.282739
2.701571
-0.707080
1.925815
-1.453979
-0.674084
-1.000209
-1.000767
0.896986
0.607423
0.570997
-0.762140
-2.735956
-4.689429
-0.880695
-6.021704
-5.094035
-2.241569
-2.854857
-4.224530
-3.382879
-5.679722
-5.288066
-7.239605
-8.565759
-3.443143
-6.320570
-4.595114
-7.063966
-8.556946
-5.006119
-8.912225
-6.639023
-9.976904
-9.981811
-5.805329
-7.153679
-6.282642
-8.922406
-8.448476
-6.831337
-7.490608
-7.108564
-9.743473
-10.064134
-9.012728
-7.671565
-11.762226
-10.089342
-10.060212
-11.343705
-12.644147
-12.957212
-8.067391
-9.376279
-7.241564
-7.380779
-12.558506
-8.723635
-11.680874
-8.320100
-11.278657
-8.447777
-10.952289
-8.920943
-6.332211
-7.202892
-9.328829
-9.686275
-11.631347
-9.842894
-5.784156
-9.963332
-7.271422
-10.711662
-6.677528
-7.570471
-8.037931
-8.695603
-5.705446
-7.740919
-9.047515
-8.884129
-6.642105
-7.403038
-5.347846
-5.831847
-6.258569
-2.548162
-3.678324
-3.541963
-1.870557
-2.081871
-4.996350
-4.776395
-4.582169
-3.711392
0.583478
-2.621793
-0.918794
-3.065116
-3.075847
0.187483
0.397149
