2.204840
2.105920
-0.839666
-1.258693
3.678730
-0.027507
0.691073
0.411843
3.336077
4.262001
2.707521
5.752872
1.032832
2.217296
4.611245
7.374265
5.107512
2.657438
7.129098
8.005871
4.391114
7.878681
9.163826
6.269724
8.683267
10.127413
5.925465
9.642495
7.408185
8.580794
5.481125
7.871579
11.560048
6.370866
11.389894
7.602639
11.036293
10.205661
11.769589
7.597263
9.318381
6.957958
6.811837
11.494111
7.729142
9.299828
12.797526
9.954402
9.599425
8.201815
12.104989
7.106138
11.782141
12.181253
12.487521
12.056766
9.966431
8.136708
8.357893
7.900996
7.239692
8.409140
7.168613
7.108038
11.012439
7.070024
10.406661
8.109254
10.450346
10.076086
7.215463
7.426105
9.392508
6.013495
9.994082
7.546938
9.280518
5.664833
3.524469
6.252273
4.299387
5.932056
4.087814
7.579915
4.465028
2.173812
3.994478
2.885084
1.419986
3.117912
0.419120
5.229269
-0.472238
3.193110
3.380121
-0.193234
0.932858
1.834192
1.665681
-2.028031
-3.302321
-2.130596
1.573255
0.598893
1.104256
0.840873
-3.322408
-3.374212
-4.052586
-0.451950
-3.542075
-3.367824
-3.852035
-5.109021
-4.393099
-2.966068
-4.685670
-6.461107
-4.069307
-3.027372
-7.581598
-6.681585
-6.547488
-6.993206
-6.734581
-8.636239
-8.579418
-7.801887
-10.815347
-10.826328
-8.511800
-7.845783
-11.586508
-8.950347
-9.108154
-11.915727
-11.187683
-9.023904
-9.461666
-7.327670
-11.284405
-11.006205
-8.747626
-9.747986
-7.287049
-11.255098
-7.336932
-7.213365
-8.462601
-9.134391
-9.131764
-8.116728
-8.550333
-11.433094
-11.904501
-8.492419
-12.418693
-6.981708
-9.321281
-11.450975
-8.781901
-7.936135
-11.033202
-11.886468
-6.296724
-8.499000
-9.771877
-9.657030
-10.739796
-7.880310
-5.099149
-9.183156
-9.027509
-8.210229
-5.049621
-9.066996
-5.180093
-4.509070
-7.632641
-5.826571
-8.324130
-5.248454
-2.719007
-6.729718
-1.798168
-2.399928
-6.005221
-3.211383
-4.821018
-2.123672
-5.768764
-3.948206
-0.143413
-4.403399
-4.124030
1.080787
1.068645
1.757312
2.664817
1.702340
