2.968152
2.619638
-1.130271
-0.127428
2.645535
-1.017588
4.605947
-0.152272
-0.005189
2.132358
0.475977
6.081992
2.708028
2.348286
1.651252
4.133196
4.267344
3.728149
5.304135
7.248688
4.041655
6.858718
8.268520
7.080043
8.762385
4.784517
5.320607
8.983566
8.814331
6.604963
10.725573
6.021543
9.078560
11.466838
10.887170
9.893824
10.718186
9.381167
9.839897
8.396528
8.450449
11.900640
9.957698
8.257284
11.954528
11.410189
7.223209
11.782021
11.634051
7.153743
12.012943
8.552728
11.739127
6.945783
12.255705
11.683475
8.431446
10.665586
6.655715
8.952125
8.414946
9.971542
12.131187
8.624931
11.068286
11.037848
6.451614
5.699652
10.117843
10.623157
9.325081
9.410614
9.214306
6.744303
7.510601
3.977043
7.169257
8.233729
8.511004
7.481795
4.982900
7.835582
2.680901
4.974125
1.835816
1.410616
5.698623
2.141374
4.977734
4.269332
1.242849
4.100302
3.964725
0.195462
3.333216
1.354858
0.354563
1.887942
-1.929374
-1.098974
-2.856280
-0.353490
-1.450448
1.046440
-2.124584
-1.066080
-1.767519
-2.289141
-3.883192
-4.422634
-3.230370
-2.599028
-4.301492
-4.399204
-2.763453
-6.755356
-7.212123
-7.049764
-8.534790
-4.013771
-7.920980
-5.044429
-9.546880
-8.691675
-7.596055
-8.287267
-4.695628
-8.153525
-6.095935
-10.842184
-8.532989
-6.916402
-8.724664
-8.346307
-7.940630
-10.736572
-9.469525
-7.485999
-7.461140
-12.247638
-9.004153
-10.781706
-10.162475
-12.723568
-10.952756
-9.050778
-7.061646
-7.240266
-7.326938
-12.571428
-12.374638
-7.116516
-8.706802
-12.199696
-9.268777
-12.367728
-9.522349
-6.953376
-10.719939
-8.826925
-11.127829
-10.534385
-10.154580
-8.464134
-8.203137
-10.059517
-5.929027
-7.998948
-5.620638
-6.557343
-10.480217
-9.705551
-7.014616
-8.141939
-4.651170
-9.172643
-9.268312
-6.224254
-3.224066
-6.040204
-8.041712
-3.906892
-4.342969
-2.927636
-2.500990
-4.631621
-1.807261
-5.407247
-2.474784
-4.090529
-4.589466
-4.575503
-0.281518
-1.794890
-2.241459
1.549967
-1.421090
1.068693
1.576912
0.981930
