-1.447139
3.488983
2.486384
2.478970
0.598375
1.688865
1.497778
3.514679
3.326585
0.669466
6.056833
1.019925
5.570345
5.360647
3.761804
4.440660
6.626842
5.159102
3.438293
7.411331
7.890850
4.079340
8.427584
7.560405
5.749480
6.539060
5.206686
7.978066
6.444408
8.737294
5.951149
6.884961
9.601872
11.485211
6.257218
9.499496
7.956201
11.573916
10.780569
10.547088
7.264555
8.788906
7.149787
8.603747
11.598636
10.549798
8.835308
9.747582
8.102023
8.162253
8.172748
11.902677
10.345825
8.736558
12.207926
7.129060
7.641965
7.495128
11.461808
7.823109
11.175294
7.669904
10.044390
6.880176
7.702516
11.079105
6.927725
8.738970
7.267232
10.821601
5.218968
6.090048
8.598693
9.622320
7.200198
4.298227
9.238987
4.003928
5.469255
7.437885
5.040814
4.847487
2.951964
2.110505
2.349759
3.344381
4.121441
2.034164
3.485764
4.760630
1.021516
4.812023
4.720918
-0.360718
-0.112154
-1.602843
-0.485710
1.366296
1.804707
0.987551
1.252135
0.134534
-0.656305
-0.610957
-4.404242
-0.876066
-4.107966
-1.889595
-3.200302
-3.396937
-1.619325
-2.006661
-4.244489
-3.593336
-3.879128
-5.797078
-3.794881
-4.382865
-8.582523
-7.776179
-4.273616
-8.295914
-4.959410
-5.934065
-8.255283
-7.463300
-7.510183
-5.701079
-8.738261
-8.885852
-8.989081
-8.812588
-8.155489
-9.044595
-10.594840
-11.317588
-8.038779
-10.824709
-11.842939
-10.361246
-12.275871
-9.520938
-8.248803
-6.872728
-11.688338
-12.321006
-8.727675
-12.183267
-8.049693
-12.067687
-10.311080
-10.719837
-12.708257
-8.300685
-9.259512
-10.563935
-10.788209
-8.764721
-9.611232
-9.525734
-8.454188
-11.356690
-7.399507
-11.613141
-9.577729
-11.229941
-9.329752
-8.569187
-9.950410
-9.038862
-10.794059
-9.732718
-6.878822
-7.351580
-9.193614
-8.040120
-4.037373
-4.317141
-4.853617
-8.476241
-3.146965
-2.676620
-5.662771
-6.172281
-4.321313
-6.972453
-3.579631
-2.665562
-3.722398
-3.287728
-5.683017
-3.832779
-4.668602
-0.835830
-0.893896
1.259754
-0.517010
1.768543
1.571953
-0.098599
