-0.825213
1.406070
-0.123236
2.383375
0.811800
2.483958
3.963826
1.073888
0.764493
1.321144
2.883657
3.671313
4.790871
6.589680
4.669209
2.939447
2.281811
2.784108
7.458122
4.314194
4.241450
8.930296
6.054322
6.493940
4.488377
7.385370
8.104910
8.941074
5.185189
9.006889
6.039370
10.893150
6.430852
11.043643
7.557042
7.546097
12.054199
7.640249
8.609733
11.495680
10.090937
9.568816
11.786130
11.060079
8.871406
12.439952
7.326181
7.271072
10.911920
10.527228
8.555920
9.018834
7.011881
8.607946
7.406885
7.559700
8.167203
7.892971
6.998847
11.086271
11.483151
10.075515
9.907557
6.671787
9.065448
10.484746
11.025354
5.881514
9.486355
7.996104
8.338575
5.580771
8.343911
7.738644
8.135605
4.088429
7.152362
7.832977
5.101004
7.918206
7.438886
4.997919
3.369685
3.980161
5.973915
1.983121
3.416896
0.864336
4.772720
0.424623
4.994499
0.672437
4.841151
-0.133093
-1.322667
3.510048
2.337405
-0.542011
2.315025
-0.560392
0.334528
-0.818149
-2.160019
-3.502298
-1.672893
-3.887253
-3.530269
-3.091659
-1.826174
-5.256252
-1.509513
-3.443484
-2.025488
-6.169834
-7.399030
-6.348003
-6.142274
-3.437657
-6.863034
-7.187715
-5.152185
-8.826824
-8.703113
-8.361132
-9.156817
-5.966289
-7.752599
-7.320243
-7.171828
-10.097142
-6.275156
-7.330744
-8.941048
-10.966270
-9.539345
-8.647883
-9.348834
-9.946495
-10.640379
-10.172077
-10.455398
-6.818004
-10.350483
-9.209112
-10.520057
-10.663153
-8.237291
-7.759039
-7.874647
-9.468058
-12.988910
-9.917352
-10.655313
-9.759804
-10.110816
-9.309797
-10.541699
-11.322036
-11.347393
-10.455866
-8.127369
-9.149492
-11.005566
-8.326472
-10.126222
-7.679896
-11.326324
-8.350669
-6.979242
-10.994836
-9.242087
-6.929820
-6.911411
-10.055722
-5.449210
-9.341904
-6.098641
-3.567378
-7.973954
-7.294085
-6.256485
-8.168828
-7.003481
-5.642186
-2.531275
-6.025498
-3.847441
-1.206399
-1.052880
-2.512486
-3.741954
0.506915
-4.761237
-2.422396
-1.556181
-2.425883
-1.558835
-0.343901
-2.117736
0.658827
