-0.483683
-0.881975
2.323846
-1.400911
4.160971
1.641050
1.658861
4.713844
3.604047
1.230324
0.832056
5.418179
5.361153
5.398410
4.439211
6.308750
5.620319
6.054839
5.456272
4.950640
8.152951
5.254348
6.335587
5.874950
8.249185
9.567691
8.492222
5.754709
8.409366
8.453468
7.937931
7.295574
8.173341
6.750884
9.152366
11.653904
7.560794
8.787329
9.751453
8.112724
9.153047
7.712277
7.729854
7.374207
10.169966
7.754215
11.015906
11.834995
7.076876
8.364198
11.874313
11.402338
10.998677
8.088835
12.034632
8.208077
10.053334
8.262077
11.262354
7.958222
7.982506
12.069751
9.876353
6.962303
6.159886
10.265548
6.206431
6.336969
8.168034
5.670635
5.354462
9.211155
6.802470
5.658474
9.730827
5.782403
5.323043
6.572339
5.914863
4.472897
5.314623
7.696405
5.605005
4.138833
2.253788
1.598433
4.704494
1.759124
0.652962
0.683737
4.099870
5.366242
3.595195
3.045439
2.594078
-0.551260
2.660755
-2.038613
-0.559367
1.239590
-0.796240
-2.711498
-1.846162
-1.353614
1.258865
-3.368972
-2.479551
-4.526702
-3.093116
-2.895883
-6.054113
-2.429325
-4.795981
-2.534151
-5.368161
-4.491382
-7.026009
-4.613975
-8.494345
-7.775247
-8.017514
-8.416720
-6.093111
-9.676422
-5.502780
-8.761872
-9.476095
-6.713492
-7.263450
-5.562550
-6.757327
-5.820736
-7.722192
-8.534070
-8.668651
-9.774525
-9.634083
-8.167147
-7.081578
-7.713048
-6.769739
-10.442718
-9.402869
-10.284719
-8.273589
-8.459833
-8.059127
-7.265342
-11.125398
-9.556537
-8.893270
-11.303323
-11.760022
-10.011582
-9.944437
-8.253597
-9.047716
-8.994091
-7.484658
-11.010416
-11.104876
-11.233944
-8.453400
-8.711663
-11.402430
-6.318082
-11.119946
-9.111816
-7.055701
-8.127025
-5.670530
-4.877100
-5.380421
-7.546839
-6.168683
-6.252126
-7.985898
-7.668487
-3.458160
-3.502539
-6.712509
-4.535003
-5.200448
-2.640997
-4.473373
-5.864975
-3.967479
-3.181585
-5.673660
-4.239305
-1.843557
0.184407
-3.695119
-4.436192
0.278756
-4.026999
0.665464
0.629087
2.415527
0.067221
