1.144559
3.331963
2.341384
3.330728
3.425655
4.205706
3.639338
1.386549
0.582443
0.161269
6.026804
2.212406
2.059309
6.070423
7.426497
3.957996
5.355659
4.940713
5.261465
7.116328
7.657180
4.002265
3.904069
6.820766
5.023244
8.303494
5.954617
9.769270
5.154251
5.105757
11.108480
6.240853
11.583308
6.845543
6.709847
6.983297
9.037834
8.811954
6.517627
6.821936
8.298389
11.303887
12.282486
10.535575
7.397749
12.288315
11.897556
9.237419
11.114598
12.524681
11.046916
7.105463
11.477542
8.554055
7.858778
12.653204
11.835932
12.323068
7.962027
9.530660
10.104709
7.469277
7.544452
11.491165
7.391354
5.804844
10.622748
9.104559
10.919781
10.552136
9.826532
9.878885
8.578994
5.145900
10.061750
8.031213
6.443355
4.759527
4.091920
3.702648
7.763314
4.159711
4.717533
6.911513
6.361745
1.813525
2.945680
5.764979
4.627088
3.607830
4.855084
2.341664
1.323162
1.589330
0.058665
2.273748
-1.555158
-1.787789
0.991678
-0.082601
-1.286517
1.860771
0.198874
1.451782
-0.641147
-4.179283
-3.461739
-3.268969
-0.823476
-4.116356
-4.531638
-4.554316
-1.472503
-2.555500
-1.785088
-4.023452
-4.910448
-5.606139
-5.251172
-4.621713
-6.554138
-8.334702
-4.126095
-6.107971
-5.763901
-8.238491
-6.212940
-8.832809
-10.123883
-7.106710
-9.798307
-9.005094
-9.449668
-7.230802
-6.389550
-8.645390
-8.323553
-8.173582
-12.054663
-11.188765
-9.217432
-8.346413
-10.891457
-12.105603
-7.541640
-11.558655
-7.989076
-9.142587
-11.752385
-8.035124
-12.751930
-7.275455
-9.621047
-9.687009
-9.515669
-7.675502
-9.959472
-7.873111
-8.852211
-8.945892
-12.074176
-8.392028
-10.989356
-11.098299
-8.045807
-9.834824
-9.685338
-8.418639
-10.344149
-10.103844
-6.690021
-8.330637
-5.625601
-5.120005
-8.459096
-9.424700
-5.335159
-8.497117
-3.217464
-4.446040
-8.555199
-5.947247
-5.985657
-7.578542
-1.794223
-5.502341
-2.075107
-5.816353
-1.924457
-5.594892
-1.212144
-1.002933
-0.379201
-1.897092
-0.223643
1.141242
0.077177
1.967877
-2.229024
2.652100
