0.806995
-1.555157
-1.807495
0.044352
0.445242
4.058421
0.906139
4.920992
2.260170
0.995160
1.847323
2.407809
2.488527
4.154340
6.847283
2.396490
2.270699
3.077122
4.606465
5.343563
3.927015
3.506013
7.382844
9.153079
6.518636
6.167453
8.200788
6.288382
6.117640
8.922607
10.190726
8.587675
8.122340
6.626071
8.410733
11.547077
8.051984
7.086929
7.735500
8.471643
9.919975
11.936456
7.499177
11.143581
8.024839
8.527180
7.147661
7.328357
9.095456
10.251150
10.319260
12.554372
11.615144
10.656684
10.965062
9.239324
8.902748
12.488310
9.008438
12.395628
8.329341
7.601965
10.597148
9.920562
9.164220
7.886084
10.106741
8.754316
8.997019
6.949879
7.196516
7.707597
7.533664
6.985699
7.375023
7.537619
8.156892
7.543605
4.827749
6.707817
4.081985
3.768150
4.442158
6.681667
2.067454
4.329094
5.493941
2.548635
6.238489
0.160202
5.660067
3.419437
5.071359
2.178957
-1.084721
-0.622943
-0.601646
-0.998052
-1.885542
-1.351068
-2.576998
0.107934
-0.309025
-0.842399
-2.303766
0.068407
-0.644285
0.040868
-3.390761
-3.016331
-4.702255
-2.888554
-6.937749
-4.067801
-6.015566
-3.207341
-3.442026
-4.327840
-5.476200
-6.832786
-4.002335
-6.800985
-4.623587
-5.800231
-4.778149
-4.307756
-8.030473
-5.841987
-7.381290
-6.552819
-10.538534
-6.266266
-8.754205
-9.938501
-8.465353
-8.592329
-8.981510
-6.659998
-10.750556
-12.283405
-6.690267
-9.067948
-12.549098
-12.459926
-12.472707
-10.863344
-11.622539
-12.428696
-12.122054
-8.157370
-8.431503
-11.616481
-10.541439
-9.471206
-11.338501
-9.791549
-8.566785
-7.307452
-7.759513
-12.340211
-11.209231
-8.838576
-6.567376
-7.610257
-11.697606
-9.126135
-10.377600
-8.530574
-6.791564
-6.105806
-6.356919
-5.265112
-9.786833
-5.066282
-4.826341
-9.361443
-6.185062
-3.437180
-5.631820
-6.678391
-6.605818
-6.052449
-6.663146
-3.391681
-5.227546
-5.325767
-4.438166
-2.256237
-5.055289
-4.771910
-4.119823
-0.494916
-1.334085
-3.224544
-0.668580
-2.740348
-1.295457
-0.036706
-2.008100
-1.308932
