1.681073
-2.168623
3.549095
1.440417
3.606713
3.468694
4.855810
2.954271
4.776776
1.313189
5.200027
0.792663
1.471600
6.229108
5.729258
3.823278
2.615223
4.643706
6.357725
7.650302
7.061624
8.333698
5.423401
7.162173
7.013815
6.752748
6.151342
7.821239
8.964897
8.477726
6.047527
10.089843
8.547472
10.267162
8.880221
9.035371
8.975005
7.398582
8.701864
12.504492
7.290287
11.003082
10.401629
8.037767
7.690667
9.874099
9.804942
11.270216
11.723314
10.686236
7.808121
11.147999
7.483291
7.894036
7.501296
7.940065
9.744192
9.901317
8.208106
9.487037
9.832962
11.434816
11.452013
8.549838
8.476305
10.646151
11.063078
9.682160
7.268566
6.760877
5.117189
10.257241
5.594854
6.522397
6.741488
7.490921
7.087833
4.698431
4.795456
7.747711
7.402331
3.240196
6.125998
3.991164
2.519817
4.152300
1.361824
2.687452
5.726917
2.303026
5.013144
4.955377
4.629801
2.693863
3.072704
0.309706
1.122295
-0.433042
-2.085033
1.315702
0.929380
-0.691102
0.140938
-0.826227
-4.111685
0.419719
-3.333475
-3.938336
-1.901318
-0.660860
-1.225233
-3.155605
-5.379299
-3.876965
-4.606432
-2.776787
-6.314822
-4.401827
-7.922542
-4.899897
-7.071835
-5.688558
-7.640230
-9.025440
-7.808598
-7.668079
-8.273380
-5.693502
-5.545243
-10.260792
-11.218811
-6.120483
-9.972271
-11.644585
-11.419583
-6.487302
-11.645404
-9.078046
-9.625559
-11.946541
-12.107295
-11.363378
-12.741665
-9.108858
-8.713579
-12.775584
-8.663661
-11.624241
-9.062193
-11.888115
-7.562033
-9.702861
-8.350326
-11.554415
-7.071138
-8.826859
-12.146782
-10.376730
-10.812798
-11.128137
-11.028214
-6.336796
-10.358010
-8.378490
-8.924994
-7.484721
-7.193361
-7.917824
-7.772987
-10.270440
-5.773916
-9.848158
-8.677373
-9.815467
-5.513295
-5.969879
-6.680743
-8.227200
-8.697498
-4.197995
-3.375502
-2.674813
-2.961363
-7.626027
-7.310852
-6.237666
-3.175279
-0.716805
-0.757457
-2.293536
-0.526289
-3.328886
-4.062494
-2.292611
-0.406797
1.529135
1.114397
-0.050441
-3.128231
2.334825
