-0.534195
1.295418
3.706817
-0.060231
0.355564
-0.518478
1.789067
1.572775
3.516188
2.538635
2.574830
4.753633
6.689184
5.221392
6.289984
3.760137
2.516378
5.878418
7.504208
5.629558
7.367858
7.947716
6.642993
9.036083
4.972425
9.110907
8.031552
8.354328
9.623316
9.080579
9.788719
8.554020
6.653647
7.813162
10.804634
10.742604
11.774769
9.391126
12.240603
10.242582
7.763369
12.217507
9.445625
10.277539
11.358182
7.474892
10.284527
8.608473
12.203326
12.267888
10.934056
7.991266
9.713180
9.733188
7.776386
6.868827
8.699702
9.097189
10.918274
9.086972
7.998433
6.865265
9.717467
6.768579
10.082431
11.337989
7.682270
9.164387
6.740988
8.506073
8.804932
6.283106
10.086723
6.007248
6.249130
6.715553
5.333362
7.525701
3.785182
4.645650
4.752648
5.364638
6.343782
2.763426
6.118849
3.186041
1.251858
4.687972
0.832495
4.608764
-0.175023
4.672863
2.389223
-0.939816
1.650134
0.987810
0.006066
-2.208885
-0.961835
2.462071
1.233118
-0.240379
-2.267508
-0.636427
-3.521068
-2.580006
-3.578680
-3.772355
-5.600309
-3.703628
-4.612366
-1.343828
-3.133398
-2.974108
-3.476114
-5.640618
-7.149217
-8.162709
-7.715073
-8.638329
-8.976536
-8.261643
-8.716386
-8.224605
-9.770945
-9.625917
-7.701614
-6.080167
-10.348320
-5.867589
-10.330553
-6.234215
-5.662045
-7.037404
-10.113926
-8.890410
-10.242304
-10.957896
-8.042386
-10.983675
-9.460382
-8.044882
-11.362580
-8.972885
-9.473032
-9.393661
-12.368189
-9.865623
-9.513550
-12.707838
-10.337757
-11.484351
-12.241231
-12.816177
-12.272485
-9.605753
-7.419573
-8.556142
-10.518213
-11.964794
-12.118430
-8.388542
-8.824713
-6.777410
-7.092275
-11.573948
-7.574779
-6.397043
-7.518034
-7.296722
-10.282149
-7.689001
-8.477704
-6.779227
-7.004048
-6.741654
-4.552985
-6.491138
-6.501740
-7.918276
-7.244100
-2.414024
-2.455495
-4.900915
-4.515952
-1.674400
-1.044638
-3.662330
-1.529903
-2.625109
-3.902725
-1.212567
-4.066581
0.657417
-4.085931
-2.360185
-3.672698
0.337354
2.085574
2.596508
