1.754353
-1.505643
-1.812700
-0.840905
3.088713
0.508766
0.124598
1.118065
0.424349
0.721451
3.510750
1.923524
1.660119
5.877682
6.856317
2.611993
6.583575
5.071408
7.000761
7.387679
7.603348
8.001857
8.120176
8.236456
6.411765
10.268366
4.689920
9.366371
10.297328
6.529561
5.438710
11.134557
8.306081
6.392093
7.925226
10.616162
8.466501
9.846701
9.440299
11.260901
10.771219
11.134769
12.522691
10.297622
12.663501
12.908588
8.576319
10.446591
7.556252
7.613679
11.531334
8.009617
8.067684
8.001471
10.308194
10.110640
9.377439
12.253782
8.325308
9.455515
8.349215
9.050583
6.267174
10.965666
11.589256
7.100943
8.401808
5.813452
10.033234
7.991018
10.270331
9.514503
5.365181
6.271854
4.498533
4.317316
8.740358
5.264518
4.266582
6.752240
6.869065
4.951753
7.346029
7.192599
2.447822
3.240790
4.046385
6.043979
0.402706
5.782334
1.692721
1.576570
2.567905
0.943586
1.678928
0.267635
-1.055701
0.327982
-1.199555
1.756644
2.434680
-0.771938
-2.901722
-0.080059
-2.687504
-2.845194
-4.100508
0.258864
-4.413552
-1.616892
-1.139078
-6.091192
-6.708033
-1.740252
-2.011511
-2.443398
-7.504333
-3.016757
-7.444183
-4.967621
-7.816192
-8.868427
-6.845012
-9.452638
-9.021077
-9.390442
-9.421104
-5.816448
-6.408878
-5.428573
-7.190839
-10.898383
-10.984432
-7.151746
-11.900532
-7.052827
-10.142977
-7.056787
-12.334150
-11.049402
-7.909484
-11.435707
-8.568889
-12.296902
-7.917191
-10.329688
-11.104152
-7.953837
-10.255852
-12.511037
-12.349523
-7.087589
-9.268039
-11.236783
-12.536970
-10.463093
-11.710520
-10.342738
-10.239863
-11.384012
-10.265139
-10.509353
-11.577581
-8.692016
-10.842645
-10.953407
-10.387141
-11.374681
-6.143161
-7.439868
-10.698762
-10.215308
-5.553862
-6.120361
-9.512459
-8.907110
-4.755552
-4.706631
-7.933642
-4.490273
-3.604026
-2.670607
-6.737479
-4.162238
-7.310182
-4.063751
-4.055564
-3.782362
-6.352010
-5.670084
-2.380065
0.314960
-0.572071
0.982516
-3.146402
-2.179326
1.190606
-3.212389
0.016984
1.031673
