2.919542
-0.812257
2.164167
-1.558490
1.284193
0.914918
3.814332
1.712681
1.424637
5.080885
3.770942
0.740093
5.727107
2.831478
3.432358
4.311806
7.346371
7.870797
4.611496
7.154086
4.275394
5.484384
7.479115
7.003127
9.215480
7.500512
5.802011
7.911617
6.372197
7.851692
10.845951
9.234302
9.619836
9.142122
8.550119
10.343388
8.897087
11.937133
10.223973
6.805778
7.391390
10.386211
7.592285
8.894986
9.134476
7.430732
8.944256
11.536702
7.405853
8.122343
11.302887
7.659544
11.659643
7.265997
11.347799
8.835188
7.869569
9.659737
12.128691
7.581496
10.849778
9.053169
7.987439
10.022834
6.328623
7.323844
9.979908
8.509126
7.302146
7.946951
5.366492
6.282601
5.278092
7.186398
6.729311
6.656791
3.773056
6.675151
5.258761
5.068241
6.337614
2.971519
2.098077
7.322497
5.243368
4.556818
6.019180
1.124989
2.757314
3.814778
3.726612
0.216404
1.938451
-1.017902
0.503273
1.381035
3.441625
1.734326
2.732140
1.340333
-1.683055
-2.298883
-3.271506
-0.903129
0.011766
-4.399373
0.172943
0.227705
-0.594798
-0.681189
-1.277274
-4.439459
-0.998740
-5.015837
-1.662974
-3.890278
-7.202820
-3.235572
-8.148546
-4.954249
-8.064391
-7.863315
-5.040147
-8.202017
-4.916733
-4.333912
-6.026060
-7.439420
-9.743462
-9.945143
-7.985239
-7.267158
-5.854492
-7.050842
-8.197252
-7.967989
-11.295284
-7.361226
-8.424428
-6.526450
-7.906073
-7.661487
-6.844574
-9.198680
-9.083142
-7.563164
-10.365344
-7.785940
-12.507885
-8.476401
-7.681306
-8.758767
-8.963500
-11.768243
-11.119270
-8.559647
-12.373306
-7.698589
-7.800394
-8.434012
-7.493006
-7.119797
-6.989577
-6.069877
-11.577520
-9.717831
-8.213834
-6.857809
-5.626662
-7.021121
-4.964413
-7.738266
-9.399365
-5.075974
-5.274069
-9.837438
-8.775909
-4.559361
-5.806256
-3.709379
-5.101440
-7.231469
-4.225774
-1.959443
-7.414019
-2.438605
-4.289436
-3.776017
-1.146386
-2.240755
-5.618934
-0.597865
-2.568038
-2.678989
-1.528017
-2.079704
0.958274
1.600813
-1.265569
-1.910890
