0.082625
3.497421
0.089621
0.642990
0.835031
2.580458
0.805151
0.479472
4.624621
4.428484
2.002406
3.156774
1.061731
4.619445
5.367973
3.934406
5.430532
5.473142
7.405130
4.205375
5.911419
4.619465
5.596851
7.910916
6.611748
6.069838
10.058311
6.683985
10.563576
5.336815
7.830500
6.847106
10.197348
6.642638
10.874549
9.854489
6.493980
8.895212
10.426072
7.515548
7.740093
7.987814
11.664985
11.926049
11.489313
9.591698
11.415090
12.932328
8.616214
9.491370
11.421660
12.432715
8.669010
7.503338
9.217119
11.321776
7.068911
7.015295
7.751070
10.522969
8.934668
7.595622
9.983378
7.853752
7.755484
9.339095
6.560722
7.403533
9.813252
9.351358
10.034974
7.137508
8.875296
6.943886
4.892046
8.765283
4.607629
5.446756
5.017435
8.695034
3.342827
4.997612
6.363982
1.818204
3.623789
2.445485
2.647765
1.060327
3.686678
5.256142
0.752508
4.015468
4.859404
4.468284
0.523221
3.570333
-1.752095
2.645721
-1.340517
2.426964
1.787441
2.328750
-1.773266
-3.184540
0.500334
0.604755
-2.447042
-4.417722
-1.336202
-3.829337
-0.744778
-3.190818
-3.242672
-2.124920
-7.480255
-7.601716
-4.232141
-8.204693
-5.056311
-4.980067
-7.622616
-7.099710
-5.578083
-4.676890
-7.906188
-8.011443
-9.728579
-5.704808
-9.526095
-6.737334
-8.814097
-6.804206
-7.721586
-10.222583
-11.711186
-11.225493
-6.674903
-8.235894
-7.501183
-10.976966
-10.457417
-7.624578
-12.616186
-12.376983
-7.291098
-12.276752
-7.632940
-9.737280
-7.685329
-11.770618
-8.314136
-11.906517
-11.843929
-8.064369
-12.017081
-10.392392
-12.442318
-10.321635
-9.962509
-11.950051
-11.728772
-7.476878
-12.108161
-11.374710
-7.124690
-11.488481
-7.315749
-5.597177
-8.502110
-5.562843
-7.037015
-7.125383
-10.034728
-4.951332
-7.037000
-8.736652
-7.036871
-6.684998
-5.802725
-3.632297
-5.171048
-6.259325
-4.879000
-2.245520
-1.939655
-4.615584
-2.176071
-5.842103
-0.606345
-5.931960
-4.575794
-1.379381
-2.044148
1.115509
1.220917
-2.001987
-1.963619
-0.134037
2.648556
-1.739458
