-2.641945
1.818572
-1.664023
0.889524
2.406564
3.132586
0.562740
5.106157
4.493134
1.621924
2.515279
0.824009
4.747186
4.856401
3.393954
6.088064
3.316448
5.323954
4.912356
7.202070
5.859698
7.050430
5.849893
7.068355
8.356604
4.637679
4.592385
7.408026
6.891555
9.998323
8.048324
9.886222
9.387001
6.183454
11.193293
6.535712
11.419122
9.400770
10.688249
10.988081
12.157671
11.075150
9.227098
8.364751
10.944414
8.671920
9.503307
7.761100
11.524959
12.290120
10.232710
11.282679
12.564411
11.363020
8.978041
10.195764
9.194303
9.523972
10.291257
11.559378
8.284737
8.944264
6.754318
9.722737
8.122265
11.163583
5.957093
9.363956
8.044879
7.542771
6.639006
8.097145
4.512305
5.803012
7.695938
7.055826
7.455809
5.719583
6.265220
4.709239
8.067014
5.062735
3.391331
7.301203
6.229875
4.331299
4.390142
1.437171
4.526502
4.438243
4.991561
4.244910
3.225391
-0.416795
2.488823
-1.521195
3.256981
-1.053379
1.127896
-1.770868
2.565091
0.491724
-1.714086
0.837172
-0.455675
-2.262136
-3.812502
-0.359945
-0.956924
-4.778799
-2.597363
-5.313147
-5.169270
-4.394072
-5.031408
-6.614507
-7.945641
-6.300618
-7.841459
-6.707069
-8.289065
-7.239530
-5.503509
-5.121466
-4.478860
-4.807201
-8.021380
-8.740347
-9.343504
-7.835584
-10.178614
-11.041173
-6.103963
-9.582234
-9.057329
-12.002560
-9.415054
-9.179472
-9.616465
-8.190655
-10.693623
-11.569245
-10.043368
-12.078501
-9.661187
-7.564072
-10.895243
-9.303960
-7.785367
-11.563250
-11.984246
-10.728886
-8.169563
-11.033711
-9.661523
-11.788308
-7.757662
-8.028182
-11.696335
-6.638163
-8.999400
-11.300939
-8.546744
-11.452474
-7.924002
-9.557945
-7.284314
-8.933031
-6.117837
-6.917004
-10.611976
-9.051799
-7.579491
-7.828516
-7.002917
-6.823113
-6.555397
-6.129925
-8.336973
-6.563433
-5.773227
-4.210769
-4.703077
-6.751758
-4.717735
-2.894453
-2.388256
-1.736736
-2.445851
-5.246651
-2.967349
0.502853
-2.987900
0.834955
0.032330
-0.237026
-1.271858
-2.177441
2.370516
-1.123477
