2.845074
3.345375
-1.570518
1.169358
-0.928521
0.446482
1.564549
0.766876
0.927605
3.566779
5.585053
5.883621
4.360324
6.190091
1.714219
3.286624
6.747042
6.127340
7.149039
6.204205
4.332915
5.030918
8.482574
5.046867
8.004331
5.614245
6.712071
5.477137
9.600265
7.477938
7.414660
8.297565
6.266979
7.343450
9.750918
9.471878
6.548587
7.015977
11.083214
12.274961
7.986964
10.041935
9.236388
12.409606
12.774688
8.621666
12.598571
10.121182
9.342509
7.731269
11.362698
7.198237
8.534989
7.830298
7.513884
8.184227
8.303163
8.495803
9.183108
11.561283
10.886962
8.895091
7.021737
8.629584
6.579902
9.755242
11.461710
7.731088
8.180291
8.497642
8.572394
8.554325
10.126006
9.389754
7.058849
8.681921
7.728946
8.949728
7.887462
5.600234
3.478941
3.919565
3.753836
3.329151
6.605951
4.697934
5.542809
5.184034
4.908513
5.650284
2.557198
0.283393
0.371934
2.441730
1.990688
1.416328
1.923673
-2.233030
0.292605
-1.998490
-1.627049
-3.048193
-1.978801
-0.676260
0.133116
0.772125
-4.471432
0.070082
-1.489135
-2.702242
-6.359640
-2.753945
-5.388119
-5.360017
-6.666899
-2.958646
-5.955516
-6.165646
-6.806144
-3.837390
-8.466340
-8.673742
-7.142585
-9.234255
-5.350484
-10.020084
-5.546898
-7.314845
-7.753827
-6.683232
-7.945232
-7.073050
-10.422607
-8.055672
-9.021118
-6.991924
-10.973964
-7.361481
-11.144115
-12.127258
-9.001392
-11.564035
-10.907559
-10.740988
-8.580380
-11.010569
-8.609426
-8.257709
-10.584814
-7.165791
-12.941756
-12.176061
-7.507758
-6.985649
-8.082830
-10.919051
-11.978918
-7.222666
-9.090417
-11.725615
-11.324863
-6.335017
-11.827557
-11.134046
-9.832650
-6.495920
-9.504194
-6.391653
-8.000051
-6.738276
-7.819878
-7.377238
-6.179473
-8.344341
-9.711772
-6.423498
-7.375910
-4.795992
-4.474530
-6.349561
-4.183385
-8.353805
-5.216822
-6.511183
-2.406511
-2.889263
-3.673346
-3.994053
-6.199784
-3.116296
-5.674123
-4.055311
-3.846555
-0.870011
0.542908
-3.779186
-3.722579
-1.039458
2.201560
-1.355257
