2.633071
-0.925835
-1.331221
-1.306410
1.237024
1.223219
-0.258309
1.664254
1.464333
5.837360
3.148947
5.743469
6.435619
2.405226
6.243431
3.004494
7.670445
4.618188
4.839588
4.555209
6.335843
5.659252
9.355219
4.735664
6.802142
9.686385
7.035628
8.571585
9.259261
7.337376
9.665698
8.395681
10.870719
7.556020
7.325182
11.877882
11.265143
8.778429
10.494527
10.257294
7.792198
8.263437
9.061108
12.291500
11.070886
7.644405
12.243995
9.878806
11.570131
8.686249
10.070389
12.919056
8.280759
8.421869
9.111437
9.918662
12.726270
11.859076
8.461309
8.960394
7.146090
10.794109
7.814559
11.657187
8.422160
7.305200
8.239791
7.950603
9.216940
10.889783
8.875378
8.315683
6.134215
6.348366
6.496181
3.846908
9.252366
5.581848
7.574948
4.505403
6.013487
5.586866
6.325424
3.299589
5.000629
6.906373
2.718557
3.341930
3.371176
5.099743
3.769255
0.327916
0.075070
3.424825
-0.630232
0.239946
-1.050644
-1.842569
-0.511924
-2.969426
1.741282
-1.287807
0.804461
-3.191113
1.263805
-1.436713
-2.156120
-5.100807
-5.057979
-2.278895
-3.170714
-1.883769
-6.823350
-3.771784
-2.194205
-3.466244
-6.525825
-7.906943
-7.218333
-6.306536
-3.428892
-6.957804
-7.534045
-8.923082
-6.287450
-7.002208
-7.304278
-9.851000
-8.215842
-10.863424
-6.543461
-9.166407
-6.788102
-10.038164
-11.303110
-8.383921
-7.333278
-7.058693
-6.552392
-8.676843
-11.027218
-11.294667
-8.803799
-10.407262
-8.151966
-9.952803
-7.844556
-7.259359
-8.250601
-11.430271
-11.475115
-9.489828
-7.253569
-10.202310
-10.345446
-9.812499
-11.299016
-7.109216
-8.609767
-10.527832
-6.779266
-11.993662
-8.873094
-8.883377
-7.089150
-8.894174
-9.682701
-8.302783
-7.077958
-9.552370
-9.876456
-9.034329
-5.638036
-9.046072
-4.602096
-9.635239
-5.710005
-4.236090
-5.101602
-4.031011
-5.354091
-4.537035
-5.866924
-2.343512
-3.332770
-1.284435
-3.002808
-0.686741
-0.649688
-5.358851
-4.202824
0.177878
-3.238528
0.931957
-0.786205
-4.167177
-1.381666
0.601204
2.677238
-1.134763
