-1.653865
-0.136106
-1.073269
2.393579
-0.212642
4.667948
4.840452
1.605397
0.654169
1.480686
5.244283
5.633765
1.691669
1.615562
2.492007
3.083833
4.214941
6.945840
8.447088
7.996927
3.933882
5.342003
8.800396
4.080903
4.670241
6.984886
9.942785
4.924275
5.015415
6.157874
5.436299
8.027155
10.606099
6.684524
11.081356
6.192206
11.263101
12.197788
11.037717
11.894551
9.742695
7.698970
10.303428
9.429713
7.007407
10.923125
8.239076
8.540483
8.724769
7.959674
12.373179
7.372733
8.747240
9.402462
11.896160
9.350714
11.829392
8.208645
12.128320
8.409831
12.172988
8.473638
7.774313
8.757863
10.652657
8.806178
10.629000
8.558563
9.517898
10.328940
6.338590
4.705482
8.445187
6.971694
5.124139
9.537654
9.059359
6.764605
8.081302
4.175945
7.340255
2.914379
6.440922
7.416755
2.879885
6.479811
5.308002
6.614513
3.863130
3.561098
5.240489
4.527128
-0.197631
3.604685
1.249303
0.125804
3.390386
-0.611437
-2.097779
0.160916
1.235637
1.862965
-2.106482
-3.319591
-3.163207
-4.277499
-2.204285
-0.769011
-4.532055
-3.272065
-2.553539
-2.269962
-5.480965
-3.375878
-2.108656
-4.855695
-6.450549
-7.233481
-2.928538
-4.461855
-5.319710
-4.794510
-7.574713
-6.002363
-8.244332
-5.997562
-7.622863
-5.154435
-5.966201
-9.475094
-8.517345
-10.642308
-8.790120
-7.115324
-10.975857
-6.743577
-11.942605
-9.504600
-10.872815
-7.940540
-9.064615
-10.577503
-7.910894
-8.079244
-11.026634
-9.389328
-11.929875
-9.547671
-11.112577
-10.809144
-10.352173
-11.973569
-7.440756
-9.640375
-7.811318
-11.954183
-11.596157
-7.200146
-8.729573
-6.803725
-6.689136
-9.853842
-8.440132
-6.988798
-10.325491
-10.013863
-10.555511
-10.407402
-10.403876
-9.601954
-8.722478
-9.155576
-9.130106
-4.679835
-6.763324
-6.234032
-7.311877
-7.000459
-3.269948
-4.899019
-7.788513
-6.826361
-3.297410
-3.696581
-3.083693
-1.318032
-2.482817
-3.937293
-4.766991
-4.706975
-4.581487
-0.304938
0.745642
-2.064890
-0.204541
-1.261488
0.909716
-0.566661
2.206019
-1.227418
