0.621613
3.238160
-0.384325
-0.626620
1.718232
0.285402
-0.556919
1.846643
5.720800
2.837677
4.661951
4.797376
1.300798
4.395954
1.770229
2.496292
3.988799
7.358320
6.214636
5.536838
7.782543
8.429986
4.466462
4.170811
9.037937
7.059392
5.021066
10.284887
10.170356
6.410849
9.995064
9.550802
6.213476
6.643241
11.545856
10.311796
10.674678
9.685215
7.989601
10.405395
8.267673
11.775693
7.875181
10.353426
7.686339
8.318114
12.450513
7.046326
7.280161
7.589971
9.690508
12.779180
9.317000
8.142327
9.991312
8.478007
7.077794
11.829427
10.414106
9.891565
10.322442
9.952637
9.599773
11.389934
11.760165
6.863359
9.808251
9.338052
9.951905
6.024187
10.669153
6.758769
6.787572
5.336306
7.467518
6.062120
8.473153
6.131845
4.686539
5.743633
3.780334
5.804385
7.784879
3.787151
3.399808
5.815322
6.957129
5.032950
5.678941
2.303887
2.096365
0.481703
5.123655
-0.968758
-0.458467
-1.012261
-0.431385
-0.204601
2.319037
-1.489003
1.557901
1.651454
-2.993318
0.796827
-0.694402
0.742689
-2.653089
-2.033061
0.000936
-5.794120
-5.865936
-3.032045
-2.879315
-1.824120
-5.890982
-2.609486
-4.483903
-3.328753
-6.599163
-7.896927
-5.612611
-5.386439
-3.658039
-8.165876
-9.756944
-7.756174
-5.797683
-9.296772
-6.884003
-5.702669
-6.660318
-9.084962
-7.536898
-9.371902
-11.514449
-6.550036
-11.936060
-12.219299
-7.221995
-8.584647
-7.433557
-11.747089
-7.654311
-11.726715
-9.019378
-11.087526
-12.346898
-10.157171
-9.167464
-10.235249
-8.563095
-12.734644
-8.284149
-10.462250
-11.169251
-9.071243
-10.283245
-8.368496
-7.861920
-11.964119
-11.952367
-9.696882
-7.390827
-11.119289
-10.253280
-11.033905
-7.022947
-9.541168
-6.815974
-10.691051
-8.651885
-8.038018
-5.377217
-5.811723
-4.296773
-4.180653
-5.624224
-7.925074
-5.323357
-7.912288
-7.592078
-3.032486
-7.511584
-7.620679
-6.836924
-1.807094
-3.232992
-2.633277
-2.646071
-5.907564
-4.891029
-0.794789
-0.742021
1.096008
-3.362808
-1.185365
0.420068
0.052034
-1.320368
0.570651
