2.831834
3.607426
1.631695
0.813351
2.267382
3.673036
2.486557
0.017775
0.200697
2.973963
4.829854
5.665066
5.207049
3.651413
7.433185
2.061060
5.314003
4.031731
5.209708
7.431534
5.143452
8.976851
6.484629
4.684497
4.674101
9.572663
8.372181
7.754054
8.099356
8.278096
6.500322
8.824388
7.417365
10.200834
8.623087
11.456893
10.932302
7.994440
11.851614
10.851914
9.227542
7.566369
7.590040
11.031042
11.612942
8.828531
9.700962
8.591184
8.094557
8.522571
9.845013
12.683582
7.062777
10.361516
9.064309
8.651857
8.421361
10.235877
7.812426
8.883154
11.986794
9.796721
7.480646
8.584236
7.960811
8.995432
8.831908
10.730032
7.519945
9.011720
8.350032
7.609081
4.826333
9.446176
9.702229
9.607535
4.792914
6.938756
5.043110
3.614734
7.075073
4.256943
5.904072
5.074337
7.462994
6.472092
6.333174
3.406535
3.012948
4.660791
4.028727
2.281388
2.828526
3.715011
-1.043176
0.926796
3.703414
-0.526642
-0.193393
-2.154655
-3.205216
-2.694563
0.765466
-2.896917
-3.884942
-2.467589
-0.691830
-3.741882
-1.519786
-4.215457
-5.170841
-6.401857
-1.743881
-4.053581
-4.101316
-2.340244
-7.411599
-7.308277
-5.594688
-5.290896
-3.412683
-7.265327
-6.850230
-5.847827
-9.734737
-5.293078
-4.831824
-6.382397
-5.310157
-7.600092
-10.240348
-6.715748
-8.556159
-8.601106
-8.842577
-6.189936
-8.614767
-12.123552
-11.860203
-10.141056
-10.744856
-12.447339
-11.862042
-7.274562
-10.029956
-7.695910
-7.227396
-8.188979
-11.831861
-11.778661
-7.647918
-11.833135
-10.762054
-7.475817
-9.502946
-8.632302
-8.774961
-8.513544
-7.450072
-8.931124
-6.783340
-11.872002
-10.105577
-11.771942
-11.732059
-9.499962
-8.660369
-6.090153
-8.730185
-9.549835
-5.636917
-8.965618
-9.657962
-6.845166
-7.282399
-6.592434
-3.903579
-5.392541
-9.000782
-4.454212
-7.041361
-5.673559
-2.297617
-1.817847
-4.343645
-1.449236
-3.447954
-1.516357
-1.369713
-4.937150
-0.009606
-4.553709
0.379588
-0.690729
-2.774458
-2.100547
-3.115129
-1.971648
0.937060
-1.643584
