-0.546337
2.968676
-0.979054
3.523105
4.484207
4.095953
2.193579
4.868938
0.091320
4.905026
0.469470
4.617016
3.823596
5.434890
7.470165
7.441262
5.089808
3.636795
7.564765
3.889357
6.021586
6.364267
7.838700
4.518744
6.588615
5.567607
8.867863
10.039436
9.548728
7.493595
7.037831
8.617050
9.360585
10.223747
11.803598
7.364759
7.368402
6.616304
8.941117
12.299676
10.080154
12.028900
7.416511
11.073370
8.824551
11.652661
10.168989
8.121772
7.311187
7.726806
10.571025
11.499628
8.404549
9.214612
7.599104
8.351117
7.816902
7.020869
10.921882
9.210727
11.974432
7.345292
11.993109
7.754607
11.684016
8.064286
7.609329
6.251169
10.122705
8.986847
7.072143
7.212324
9.298864
7.840593
6.329563
7.169076
5.612883
3.850193
4.955784
8.574270
6.263049
6.965908
3.077713
6.076752
3.183263
3.592445
6.438778
3.581502
2.341167
4.538731
5.770511
2.042864
1.760869
3.260467
3.353295
1.096215
-0.009979
-1.211031
-0.901682
-1.883247
-1.839231
1.001196
-2.424338
-1.262288
-3.165991
-2.263523
-3.562867
-3.123157
-3.735525
-3.616644
-6.014842
-2.684682
-3.287321
-1.330489
-2.230120
-1.950138
-7.650105
-8.257050
-8.170381
-8.249792
-3.817481
-4.181755
-8.895422
-9.064302
-6.977088
-7.546008
-5.816159
-10.647342
-10.502174
-6.862459
-8.393743
-9.397697
-10.194087
-11.511417
-7.820337
-7.538185
-11.024850
-7.524499
-11.717939
-12.056335
-7.781945
-10.224759
-8.817959
-12.674744
-12.141467
-11.640062
-8.408145
-10.928037
-11.046271
-12.846960
-9.162066
-9.981941
-9.111095
-10.858888
-8.700166
-10.284953
-11.873819
-8.967816
-7.839261
-11.726298
-7.232751
-12.130550
-7.469417
-7.935970
-7.451658
-10.417957
-11.374248
-8.407579
-8.975563
-8.661876
-5.868264
-9.135921
-8.198983
-7.636946
-9.334382
-4.581039
-8.513618
-6.144934
-8.879752
-7.579584
-6.800338
-4.491682
-6.249387
-7.258421
-5.086075
-1.611376
-1.606581
-0.962082
-5.926802
-2.994321
-5.622456
-1.327398
-2.079666
-4.536101
0.028370
-3.317675
0.392719
-3.264244
-0.778546
0.406012
