0.690345
-1.164343
3.618388
3.050553
1.447780
2.569592
4.342747
2.047074
-0.033729
3.604217
2.953851
1.392507
5.237040
5.034144
3.271498
4.637182
6.025537
5.931844
8.608061
5.944145
6.250737
9.097901
6.306593
8.218897
7.136416
10.222080
6.742195
8.733668
8.915992
9.560955
9.377694
6.649794
11.537978
9.309613
6.155524
8.958853
8.412265
11.260729
8.113940
11.221529
6.815208
7.452951
10.481794
7.093791
9.212214
11.259958
7.614258
12.711646
9.333082
11.902285
11.268101
8.462875
12.869264
11.493171
7.931064
8.489977
7.432338
8.999914
8.734841
12.438931
7.905081
7.755069
9.428377
8.630156
7.562714
9.237872
11.103966
7.155599
10.699106
8.609818
9.821702
10.495627
8.524439
6.501274
9.350299
5.968047
6.795479
6.235314
5.749945
7.790795
4.952427
6.388143
5.128975
3.209170
7.271196
6.683733
1.241276
6.189999
3.691139
3.985605
1.292800
3.335687
-0.367389
-0.748944
-0.382487
1.884138
-0.065600
3.422037
0.935441
2.891383
-1.441436
1.596216
-1.715267
-0.030265
-4.064390
-3.859656
-2.184995
-4.004402
0.173639
-5.901710
-4.624796
-3.413101
-3.177263
-3.702895
-5.855419
-2.854322
-2.871196
-7.575929
-4.815298
-5.187182
-5.888313
-6.377616
-5.627533
-8.094736
-8.522421
-5.885651
-7.859538
-8.884112
-5.638496
-8.594432
-7.041335
-7.852437
-8.933860
-8.541956
-6.203129
-9.400455
-9.967623
-10.444655
-11.631839
-9.404502
-10.292759
-12.406554
-10.590592
-7.406698
-8.659934
-9.516187
-7.558453
-7.859193
-10.013295
-7.123844
-12.417962
-10.751538
-11.954777
-10.628757
-10.091090
-6.981483
-9.637503
-12.491127
-10.379738
-10.454856
-9.631543
-7.102311
-11.103317
-8.664411
-10.348851
-11.049863
-7.742126
-10.647650
-6.670487
-9.566962
-10.037496
-9.397598
-8.661424
-6.849568
-6.310523
-4.889653
-8.564320
-4.559675
-4.433111
-8.859742
-5.685669
-6.273414
-2.451768
-3.965374
-6.502321
-6.047299
-4.227021
-5.868520
-1.500059
-3.130041
-3.473288
-1.159301
-4.904444
-0.649715
0.133975
0.862114
-1.338431
2.328226
0.248078
0.138470
