-0.292914
2.556532
-0.403346
1.641643
0.055468
1.060754
0.048108
5.356512
2.693465
4.044851
0.893623
1.222524
6.588984
3.961540
5.594409
2.895310
5.786429
3.998117
4.640914
3.296117
5.831245
7.799994
6.549837
5.495314
5.097874
6.898195
4.736814
7.588017
6.070753
6.468156
8.842782
9.567960
10.636539
11.275821
11.166298
9.718295
10.306730
10.244937
10.647132
9.441278
9.172552
7.404245
6.856974
8.462259
9.252906
11.146808
11.085822
12.634187
7.445992
7.756492
11.065709
9.521587
12.509134
8.721455
6.952094
11.878688
10.693615
11.652442
10.895289
10.065824
9.303271
8.633709
7.141893
6.075053
9.307627
6.638978
5.961242
11.431276
5.389098
6.551350
8.308690
4.760223
5.125911
5.935036
6.558556
5.255635
3.893409
8.971095
4.968071
7.843654
7.792014
4.888607
3.503737
2.769004
6.036021
1.669505
3.057108
3.581443
3.282773
2.964088
0.508677
5.357726
0.123042
4.855663
0.479017
-0.411194
-1.443231
-0.854419
-0.538921
1.871576
-0.037188
-0.349097
-0.196604
0.594519
-4.531426
0.807407
-1.408095
-4.756045
-4.556801
-3.946145
-0.616954
-3.271525
-2.792874
-6.484258
-5.344888
-2.418835
-7.208484
-5.393870
-4.019125
-7.083720
-9.026759
-3.436829
-8.518253
-7.669266
-4.567416
-9.822330
-5.600699
-8.123457
-6.580765
-7.549055
-6.978484
-5.674100
-11.226175
-7.832474
-8.259598
-10.182230
-10.362091
-10.338444
-8.625319
-8.407529
-9.235278
-11.679271
-12.438632
-11.439167
-8.985452
-9.770937
-8.816312
-8.046649
-9.301925
-10.706200
-7.857263
-9.450607
-10.194655
-11.399362
-7.303497
-10.329545
-9.721436
-7.178141
-10.891560
-8.328966
-9.729071
-8.495622
-11.943799
-11.247584
-10.244202
-5.964926
-7.546614
-6.586189
-5.553157
-9.466315
-9.198235
-9.690611
-7.484779
-5.659273
-4.963925
-5.661750
-4.743634
-8.590155
-6.522187
-4.094104
-4.623391
-2.361241
-6.770237
-5.636628
-7.513575
-3.536485
-5.214038
-2.668344
-2.014190
-5.217384
-2.641266
-3.023655
-2.591293
-0.195402
-0.595699
0.246872
0.527193
-3.070216
2.064746
1.822891
