0.447058
-0.255274
-0.515319
1.541534
0.011025
1.019645
5.022744
0.173164
4.133123
5.818953
4.833625
4.237664
6.010183
4.928391
5.273621
7.359571
5.239673
6.528472
7.359472
7.352815
6.123946
6.346918
3.778667
6.896983
4.486889
5.944265
8.374678
6.912493
8.681016
10.243950
8.225157
9.935576
8.151981
11.231408
10.555200
6.540117
10.268541
7.462487
8.417327
9.399482
8.338841
10.349382
12.218501
11.487553
12.211818
12.425568
7.467071
9.625441
8.479161
12.853649
8.886461
12.201861
7.519408
12.072071
10.295963
9.693968
9.778373
9.283398
7.156032
8.082946
9.185557
8.320029
8.839193
11.000183
11.494967
5.785468
6.514732
8.946860
11.258607
5.241427
6.825905
8.964205
7.718313
7.202779
8.313679
9.192386
5.839497
3.478323
6.660302
7.659896
7.741800
7.755983
6.221984
3.825763
3.966133
4.462853
2.091149
4.085717
5.184445
3.627737
4.101600
4.117405
-0.215968
2.424753
2.889931
2.874130
-1.172141
1.407947
1.353109
-1.958916
-0.782611
1.350705
1.858500
0.707949
-1.126327
-3.877822
-2.395863
0.317777
-3.189075
-0.299819
-5.417648
-4.453509
-3.406770
-1.831699
-2.081577
-5.500227
-5.430062
-7.709401
-4.834825
-7.054990
-5.585829
-4.306877
-7.874002
-6.766539
-4.908327
-5.711634
-9.856212
-9.787848
-5.754221
-7.703879
-10.688450
-8.578860
-11.336913
-11.759969
-9.776528
-10.662205
-7.696570
-9.430026
-9.544118
-12.227613
-8.043601
-9.338963
-7.548049
-10.483342
-11.879490
-11.952325
-8.972069
-8.698442
-10.408331
-7.599430
-7.375300
-7.193638
-8.742547
-9.331152
-11.019882
-11.626271
-10.292970
-12.643365
-7.858148
-11.353308
-6.594412
-8.310992
-8.713148
-10.312907
-9.048262
-9.274174
-6.563092
-7.316421
-8.479176
-6.249244
-9.223288
-7.410916
-7.325581
-4.652169
-6.476082
-6.543328
-5.728374
-6.736252
-8.347141
-6.116550
-5.233976
-6.263534
-4.404868
-3.576568
-2.806304
-3.720889
-6.685229
-5.766180
-1.012417
-4.281874
-2.523674
-3.005025
-0.607781
-0.868895
0.929169
-0.205521
-2.656712
-2.061072
-0.540230
1.009780
