0.142563
0.278641
-1.056424
3.262201
-1.180494
0.768040
4.335170
2.603355
0.683187
5.116500
0.931267
0.898462
5.800551
3.137009
5.088519
6.219774
4.225873
6.015480
4.650739
5.336404
4.825918
7.113899
9.035656
4.348742
5.643444
8.154109
9.251431
7.567390
9.894887
10.976245
10.066315
7.267906
5.639617
9.784483
11.069483
9.978663
12.123376
10.937601
10.575352
11.844576
7.675456
8.851637
8.137408
8.255108
11.859960
11.774797
10.382566
9.040656
11.621945
8.777847
12.703687
9.262708
9.216043
8.207819
9.036547
11.933985
12.109082
9.017857
9.464544
9.474408
8.231410
10.985317
10.718927
8.639772
8.561644
6.564588
7.380747
7.359669
8.272856
10.985630
6.723749
9.309067
7.802219
9.423917
6.768014
7.826649
4.203537
8.083230
7.616459
2.892023
6.968263
5.254193
5.416736
3.893019
2.591426
1.795222
4.473068
6.517286
5.424550
4.295605
5.266211
1.040261
3.745986
4.313014
0.982533
4.062538
0.230829
0.392574
0.300028
1.679396
0.105587
-3.049875
0.784714
-1.728833
-3.752284
-2.902909
-0.147811
-2.680280
-1.921212
-0.420163
-3.552138
-5.219580
-1.601015
-2.780399
-3.579568
-2.170921
-5.419498
-3.157654
-2.638048
-7.302509
-6.060341
-6.567391
-6.089314
-4.998371
-5.064730
-7.684184
-9.108998
-8.863127
-4.995798
-5.967992
-6.524287
-8.469091
-11.154188
-7.794424
-11.095447
-8.227962
-6.884047
-9.178501
-6.601668
-9.965956
-9.714310
-8.990394
-8.482947
-11.339850
-7.727800
-11.019961
-8.685551
-10.517391
-8.021286
-10.408880
-8.190275
-8.495264
-8.073753
-8.817012
-11.981651
-10.459575
-6.797506
-11.084512
-9.426065
-6.629967
-10.804835
-11.139304
-11.236640
-9.585495
-9.854288
-10.133243
-8.855792
-7.287702
-6.421560
-8.692735
-5.164628
-6.594605
-9.069984
-9.157618
-4.759290
-5.294240
-3.645842
-6.920357
-3.685376
-8.342496
-3.277371
-2.677854
-5.997327
-4.722979
-4.170179
-3.671963
-6.434899
-2.552031
-4.993190
-2.433396
-2.232693
-0.008552
-4.436567
-0.749987
0.136656
1.488141
-2.172196
2.085280
2.392089
-2.167948
