-0.432833
-0.510625
-0.004010
1.429955
1.435374
1.173639
2.087799
4.038116
2.691021
4.747552
2.966414
2.721577
1.999454
5.136358
1.695598
4.345408
3.900071
3.397820
7.264501
5.336070
5.072510
6.785087
9.356375
6.113896
9.010640
7.047146
9.215901
7.317957
7.828147
9.946328
10.246169
9.640349
10.753435
11.070950
9.078105
10.110673
8.061525
11.942463
11.531837
11.573631
11.343514
9.667057
10.371657
11.487671
10.575782
10.825720
7.176556
9.346290
12.931408
8.992511
11.565442
9.257340
11.358585
7.481300
12.324909
6.915385
11.144212
9.793765
7.232112
6.796043
8.437162
7.291803
8.857741
8.971016
9.939324
8.560194
7.878580
8.504427
8.678999
5.209993
9.391104
9.838662
6.856670
5.688770
9.360180
9.098011
8.954576
7.728413
7.393448
5.954932
7.072833
7.753537
8.023480
5.418712
1.561728
2.670666
2.823354
1.941522
2.384665
5.239064
3.746386
0.976742
2.941712
1.291044
1.461926
3.301467
2.082949
-2.231037
1.413043
-1.933164
-2.994933
-1.056400
-1.243289
0.103709
-3.801674
-3.598609
-2.166176
0.185578
-3.576551
-3.944666
-1.585596
-6.299453
-4.433896
-1.811209
-4.483761
-6.295135
-2.912867
-5.817210
-7.702214
-8.235891
-4.231346
-7.439945
-5.432205
-6.599665
-6.795182
-10.019300
-6.390071
-6.304716
-7.234574
-9.711638
-8.668134
-11.425170
-7.447958
-6.608794
-9.746458
-8.306766
-8.638478
-8.957808
-11.458512
-11.325364
-11.062619
-12.113195
-7.330448
-10.433238
-11.456703
-11.317595
-12.306442
-9.819186
-12.337122
-8.379058
-9.174963
-7.314089
-12.779059
-11.968044
-10.767021
-9.981335
-6.813836
-6.913866
-8.242068
-11.492914
-7.474197
-6.468139
-11.122640
-10.550696
-6.376369
-11.477078
-8.864418
-8.609590
-9.364444
-9.709253
-7.897450
-8.647111
-5.203027
-10.087664
-8.841193
-5.202209
-7.505916
-7.370200
-4.040822
-8.183547
-5.626076
-4.408667
-4.655306
-2.001551
-5.861445
-5.490157
-4.855335
-0.695446
-3.020365
-2.618872
-0.500983
-4.922941
0.668091
-4.266729
-1.736567
-2.771338
-0.690179
0.452813
1.499705
0.093603
