2.265014
-0.324834
1.404144
-1.296801
0.925401
1.461662
3.898120
1.360773
3.944880
3.608154
4.340975
1.004314
3.917421
4.055897
1.731030
7.550223
7.386877
4.469635
5.327402
3.232987
6.657269
3.887795
4.260751
6.678947
4.461155
10.079246
10.337329
10.403721
10.616064
8.036423
9.014401
10.299422
6.125938
6.132268
7.216305
8.654994
9.526349
7.988513
9.780151
11.298172
8.692300
7.888785
9.055386
8.315219
7.282468
8.495318
9.440124
12.744055
7.323756
11.526518
10.690855
7.138862
8.065889
7.293651
8.355174
11.618951
9.772367
11.284048
11.818829
6.581827
7.916207
10.771105
6.206747
8.663787
10.664839
6.891572
11.163328
8.090684
8.057602
6.435106
8.339419
6.977264
9.751325
8.006878
5.831517
6.552078
8.603166
7.806111
5.251468
7.560822
4.705775
3.940815
6.826485
2.470827
3.752691
3.614425
5.039830
5.917886
0.426831
4.337815
1.394832
0.541080
3.510201
-0.839745
1.248210
3.347290
0.224876
1.946879
-1.694582
-1.759623
-2.252712
0.170988
-0.604624
-0.688715
1.252455
0.934880
-2.879866
-1.398503
-2.442001
-4.306683
-2.035505
-1.284905
-4.310513
-4.740475
-4.659136
-3.535354
-4.947451
-4.560890
-3.240705
-7.208823
-4.573357
-4.842875
-9.013494
-9.630788
-5.458537
-7.534561
-8.995476
-5.494024
-6.706022
-10.001459
-8.231683
-9.115439
-10.031566
-11.243156
-10.171283
-6.738278
-11.545384
-8.472908
-10.161447
-8.546435
-10.353960
-7.040823
-9.842673
-12.480855
-7.535568
-8.721299
-12.234784
-7.868361
-8.799478
-7.670251
-8.109417
-9.704335
-10.716183
-8.294588
-8.779930
-8.442949
-9.892347
-10.012364
-9.870970
-9.833356
-10.201551
-7.938456
-10.635944
-10.209353
-7.149059
-7.748336
-8.982140
-7.820500
-7.977626
-5.565157
-5.814270
-5.195244
-6.337901
-7.222847
-7.733794
-4.368412
-8.908274
-4.721045
-6.485895
-6.253390
-5.696273
-7.240700
-3.215643
-3.812160
-5.308339
-4.128289
-4.509020
-2.053584
-0.728236
-4.997488
-5.760237
-4.986072
0.721334
-1.159923
-1.849169
0.117062
0.522255
-2.635369
1.964326
1.796263
