-0.985704
1.992209
2.398392
2.148356
2.372167
4.775082
0.296575
4.933766
-0.094092
6.017108
3.913262
4.263454
1.699159
2.315292
3.530815
5.248375
3.762600
5.944157
6.353132
8.511959
5.447732
3.446408
7.592240
5.180324
7.143116
7.656379
6.581133
8.001834
7.595360
8.615348
10.544786
7.803676
10.333049
7.248438
9.586181
11.422223
10.705185
8.794530
9.790350
10.753455
7.629365
8.404531
9.611524
11.589023
8.342414
8.327992
9.467211
9.819109
7.314445
7.229804
7.192383
9.744604
7.824402
7.832778
11.289388
7.917941
10.083590
11.467350
8.929289
10.464804
11.801399
7.780955
10.775442
11.640295
6.355207
10.594190
6.337424
6.546597
7.145570
10.205603
8.847749
8.668237
5.973967
4.731249
9.393525
9.618002
9.597758
4.547940
4.937538
6.439874
4.060329
7.339889
3.723705
4.242222
6.673266
4.696036
6.348574
3.803279
1.675515
2.745810
3.941007
-0.155683
4.283840
-0.674508
1.261522
-1.199050
-0.254496
3.439826
-1.431553
-0.545207
-0.842526
-3.027246
-2.578204
-4.144204
-4.306614
-2.335906
-1.571604
-3.505278
-3.919198
-3.279368
-5.164316
-6.606985
-6.762208
-2.954144
-1.920918
-5.878372
-4.694280
-3.761433
-7.357708
-8.411689
-5.714017
-8.266979
-7.589251
-8.064006
-6.742431
-4.586281
-5.248313
-6.993244
-7.468822
-8.071298
-7.990039
-7.525659
-10.797901
-10.781335
-6.607360
-7.922846
-11.996485
-7.593425
-11.350779
-10.999147
-11.553551
-7.564660
-9.512939
-11.120992
-9.993080
-8.728389
-11.651778
-7.868730
-9.234903
-9.185151
-7.986654
-8.908034
-9.410304
-9.308454
-8.264267
-7.904079
-8.844100
-12.164391
-10.037880
-9.162380
-7.391255
-11.771325
-7.182485
-7.568722
-6.642822
-11.104577
-11.429614
-6.930574
-10.978280
-5.187273
-6.218493
-5.854624
-7.917653
-7.147399
-7.274275
-4.022168
-8.088361
-3.850892
-4.088404
-7.315335
-2.624336
-6.541869
-2.444843
-2.873634
-2.369115
-3.630277
-1.415291
-0.798399
-2.499416
-2.554380
-3.911732
-1.798009
-3.406676
-1.987420
-4.122216
1.125631
-3.168381
1.119004
-2.263399
-1.424357
