-0.348404
-0.170704
-1.563747
-0.551899
1.361818
1.048429
0.987637
1.616687
1.639819
5.123770
2.039686
5.504461
1.629428
6.479203
5.941576
5.834603
2.940856
5.085506
8.014853
2.952069
8.972003
3.546382
7.968906
8.077437
4.476249
7.014605
10.274925
9.133779
9.506659
5.976836
6.052383
6.672579
9.303721
10.138084
9.107099
10.165127
8.111055
9.226586
9.131398
8.792273
7.923282
8.999143
12.707499
8.353954
10.446840
11.014612
11.558823
7.036238
8.901916
11.633237
11.730563
9.098998
10.881051
9.861509
10.316272
7.889455
11.980293
7.103184
12.313327
6.694629
9.012508
11.087330
7.452604
6.566717
10.358168
7.506102
8.931916
6.363851
9.905585
7.653173
6.102161
8.427337
6.887301
8.904938
6.538292
6.229431
8.573626
6.574747
5.277031
7.248091
3.470078
3.565143
7.199164
6.516287
5.283249
4.514747
2.532236
2.675227
1.672467
5.313931
4.481444
2.174164
4.341654
0.015082
3.258558
0.526675
-2.025143
0.344701
0.959491
1.369968
-0.454053
-3.273005
-2.239752
-0.401001
-4.399616
-4.803285
-2.880519
-2.656341
-4.737887
-3.608111
-3.411769
-4.527316
-5.980410
-2.360406
-3.539113
-5.988836
-2.908102
-3.255898
-7.161073
-5.325943
-3.235607
-8.658770
-7.952457
-7.660623
-4.909952
-6.413656
-5.441418
-10.477596
-7.450292
-6.142569
-6.215383
-10.208886
-9.660136
-9.866691
-8.979583
-8.121561
-9.992691
-9.603670
-8.066565
-9.538195
-6.849201
-8.757640
-9.681171
-8.871631
-11.596576
-8.595153
-7.768934
-8.022151
-10.787661
-11.313574
-12.922023
-10.337175
-12.269697
-9.839883
-9.145106
-11.604886
-8.285081
-7.484225
-7.230559
-10.017249
-7.615911
-8.514757
-6.972948
-10.080429
-6.370563
-6.798279
-8.592398
-8.876630
-7.840917
-10.897928
-9.946769
-6.924053
-4.791935
-4.835488
-5.312733
-5.268462
-7.291833
-6.599293
-3.490201
-6.554887
-5.086175
-6.199538
-3.678953
-2.558779
-4.290168
-4.672583
-4.539389
-5.928576
-2.431874
-3.699051
-1.171052
-3.362210
-4.395515
-1.227272
-1.614972
-1.934540
1.074660
0.308741
1.690912
-2.333930
