2.188071
1.205205
3.730320
2.682505
2.703471
2.030629
2.131058
1.070863
1.849232
4.836278
4.191864
4.343249
6.142256
3.953977
3.026342
7.816527
5.833333
2.647933
7.456516
3.536361
4.030438
4.713420
3.856734
5.702414
4.228308
9.778415
10.274708
8.139103
9.227264
8.398570
11.262985
7.086898
10.785112
11.101722
6.271237
9.475228
12.001708
6.839375
6.781359
11.025646
12.402440
11.389043
8.646045
12.093251
12.573681
7.043810
9.833512
10.407850
7.192244
8.880882
11.081232
10.756092
11.142364
11.775124
10.037523
10.158980
7.773495
8.341138
10.599921
10.167116
12.053631
8.476421
8.035235
11.503047
11.063914
10.060760
8.270915
8.943063
10.983793
9.794346
8.834456
6.346028
4.678343
7.327283
8.576463
4.257431
6.636629
5.698217
3.598811
6.722298
4.629199
6.916966
2.406500
3.472276
4.352035
2.372721
2.038582
1.477841
3.073570
2.989690
0.746267
-0.445653
-0.519231
4.554372
1.542584
-0.953477
0.456157
0.670673
2.350688
2.913598
0.073771
0.600539
-2.813385
-0.116529
-2.605803
-4.440582
-4.002307
-0.907350
-3.663605
-0.929284
-4.880680
-3.080948
-2.556545
-1.506581
-4.489271
-7.455380
-7.485335
-4.834327
-7.604603
-7.890665
-3.956715
-3.703932
-7.915905
-4.881348
-8.162946
-9.478561
-10.045391
-7.341117
-6.409825
-8.547686
-9.983983
-10.259873
-10.725008
-6.597552
-8.580383
-6.099296
-11.638123
-11.631308
-12.314397
-11.751315
-8.718969
-12.239053
-7.145343
-12.000123
-12.176437
-6.967053
-9.965652
-7.097078
-10.605803
-8.618074
-12.881440
-8.305519
-8.812779
-8.108444
-10.984127
-7.469399
-11.079493
-9.007920
-8.255611
-9.016952
-10.992470
-7.435587
-6.456887
-8.543299
-6.021633
-9.949804
-9.245661
-7.027301
-9.676107
-7.769989
-10.813090
-6.859000
-10.164584
-7.959412
-9.771185
-8.950357
-8.895418
-7.207304
-6.226264
-8.451130
-7.620545
-7.753897
-7.863243
-3.043833
-4.208825
-3.850727
-2.282791
-3.310850
-2.367837
-2.373564
-5.278301
-3.518446
-3.436036
-3.720010
-2.100838
-1.909211
-3.173902
1.571517
-1.515283
2.330436
