0.558791
1.354663
-0.293325
0.233854
-1.435359
-0.606485
4.913218
0.606573
3.970911
4.124452
2.695099
5.298620
2.520621
2.521845
6.267936
6.969704
3.889662
7.305540
5.626057
4.884422
4.008431
4.950886
7.511685
4.318316
8.937171
7.802399
8.996208
8.608661
10.730933
10.956717
9.477921
6.172921
10.498813
10.161636
11.501271
6.633557
10.758214
8.591316
9.354795
9.880796
7.288353
7.230480
10.045294
7.392893
7.762512
12.294678
8.523905
12.091711
7.222706
10.197554
11.350885
7.019309
11.650196
9.406185
8.015599
10.836169
12.382503
8.482828
12.069379
8.728738
9.604569
9.987788
8.743016
6.823923
9.828227
10.381925
8.752561
9.150679
7.183038
8.651211
10.138403
10.209325
6.265737
7.821580
6.554821
7.255995
8.187698
6.952690
5.587897
8.353273
3.599886
3.253402
5.724639
6.741582
3.835739
4.193840
2.535602
1.950362
3.888937
4.944610
2.388407
2.493923
3.232888
3.434633
1.668455
2.107395
-1.384510
-1.114972
0.217716
0.771544
1.893068
-2.596376
0.265344
-0.949028
1.036826
-1.333575
0.458687
-0.221112
-3.561247
-3.420700
-5.036860
-3.722948
-2.018094
-6.276291
-2.070654
-2.691751
-7.585346
-2.719901
-2.876422
-3.199265
-7.181467
-8.173633
-7.547001
-5.157319
-4.878916
-4.538009
-9.071812
-5.780625
-6.356793
-9.003841
-8.388648
-5.656398
-11.112115
-7.734101
-9.535600
-9.692131
-6.251585
-9.187089
-8.463335
-11.776218
-8.843215
-12.042772
-12.536151
-9.500716
-11.878309
-8.187556
-12.140389
-8.286389
-10.481089
-11.105094
-10.643405
-7.578503
-8.972230
-8.057857
-7.683017
-7.414270
-7.110200
-8.781495
-10.301686
-6.880606
-11.078676
-7.718108
-6.775049
-9.113636
-9.754822
-10.434824
-10.245268
-9.940631
-8.167615
-10.018782
-6.990703
-9.792267
-7.991067
-5.689082
-8.480648
-8.358348
-4.991405
-6.280409
-3.448605
-5.997110
-6.612839
-3.890602
-4.407268
-4.097000
-3.874559
-3.060729
-3.286977
-2.222724
-2.432157
-0.315263
-2.755721
-4.521676
-2.689472
-2.407154
-3.771014
-2.431099
0.107746
-3.025849
2.134980
2.274015
