-0.143650
-1.448669
3.546380
0.979014
-0.789746
0.439146
3.067410
4.716514
1.161785
5.648279
3.837071
1.487327
2.418676
4.178398
2.372926
6.946026
2.313195
6.441927
6.252066
7.579409
8.010348
3.475320
4.424830
6.838038
10.015973
4.702868
5.414231
5.653665
6.277436
9.862224
5.705969
7.983736
11.129542
7.561169
7.213713
7.541333
11.776574
10.215436
9.154285
10.932404
7.912181
7.219269
7.793176
8.842334
11.010655
10.070622
11.318043
11.374182
7.922464
12.563870
11.481056
8.633884
11.492508
7.900778
7.034596
7.689909
10.209342
9.706757
11.462399
7.212945
9.768402
11.727582
10.141243
8.462090
9.024231
6.551643
10.441688
7.202466
10.921175
6.535915
9.011484
5.874521
8.041224
5.900975
5.692555
4.399312
5.238551
4.111821
3.736140
4.627404
3.304124
6.515397
5.374674
1.846180
2.572312
5.996231
6.670542
4.261827
2.273869
3.984613
0.049053
0.287399
0.961927
4.216531
4.237186
3.914379
-0.792449
0.666818
-1.989835
-1.747304
2.428734
0.946355
-3.803197
-2.922580
-0.582210
-2.340215
-1.550561
-4.451523
-3.679884
-1.320032
-3.339726
-1.821463
-5.676633
-1.824183
-5.721727
-3.117937
-3.114698
-5.563430
-7.305007
-4.611780
-5.182510
-8.117468
-4.911817
-3.970871
-8.194166
-6.403917
-6.524270
-5.432792
-10.069228
-10.056191
-9.761575
-7.213316
-8.803068
-11.175954
-11.392410
-11.326242
-9.899756
-7.845331
-11.026193
-9.699175
-9.850585
-10.614046
-11.386275
-11.521079
-7.302808
-8.424031
-10.444673
-11.977780
-9.352175
-12.665486
-8.233968
-8.366017
-11.986681
-12.767205
-6.924914
-9.171905
-8.673847
-12.620917
-12.370016
-10.128393
-11.719165
-12.041707
-7.723233
-6.277555
-7.453090
-7.002953
-10.320460
-7.176610
-10.668748
-9.053064
-9.644044
-9.590440
-5.879956
-9.156900
-6.700935
-3.951313
-5.638608
-5.722255
-4.655742
-6.073932
-3.154645
-4.317845
-7.487222
-4.742008
-4.876225
-6.807856
-2.430651
-3.565461
-1.025915
-4.929219
-1.321558
-1.759997
-0.677704
-4.344822
-1.551184
-2.800531
-1.438693
-0.124962
0.781566
-1.922975
