0.840266
1.523684
3.206538
1.518509
-0.301684
2.193047
3.736538
4.857647
4.086282
1.768250
2.825134
5.346065
3.401805
1.615256
3.267844
3.383970
4.771137
3.549415
2.932056
7.659653
6.460225
7.127080
7.889906
9.329594
5.050894
6.161981
6.680739
5.626346
8.355991
6.717889
8.604849
8.124697
6.805045
9.088037
11.349401
7.888758
9.451416
8.106274
11.642268
9.896150
11.701549
8.843053
9.397813
10.522141
9.584062
7.235375
9.112304
10.307003
12.274964
8.453097
12.263192
7.936158
10.032738
10.571168
9.131071
7.537819
9.984648
8.196130
10.742601
11.727032
11.843728
11.569450
11.023490
6.085141
6.196010
11.146181
10.608720
6.560355
7.785158
8.276252
9.259961
10.430113
6.058668
6.093867
8.627103
4.688210
6.902784
5.719502
3.302493
7.399100
6.018165
5.369469
5.765282
5.407048
6.228911
3.879291
3.039010
1.505456
6.221817
3.980009
0.079050
3.436703
1.724299
0.928562
0.806008
2.454151
2.133491
1.103928
3.181696
-2.282457
0.580923
0.671313
-3.437845
-2.042726
-3.390901
-0.588130
-3.659201
-3.117778
-1.996375
-5.771661
-1.863258
-6.228340
-1.797589
-6.309856
-5.913868
-6.542845
-7.872590
-4.535009
-5.648513
-3.014072
-4.210383
-4.782357
-8.004893
-5.922034
-5.193172
-6.587269
-9.516291
-5.344322
-5.412791
-6.010611
-11.072646
-9.062844
-11.145326
-11.081556
-7.406235
-11.959644
-9.979706
-8.620763
-8.584724
-9.660989
-7.897676
-10.039466
-10.799559
-12.015169
-11.927420
-10.801103
-8.011926
-10.752837
-8.614683
-9.046834
-7.310182
-11.480310
-7.957154
-10.816975
-9.557631
-7.349731
-11.160507
-8.973190
-8.405250
-6.744474
-12.074941
-7.261928
-7.501383
-7.136181
-9.675362
-10.934443
-6.034687
-7.674255
-10.921446
-9.105797
-9.313390
-4.769837
-6.939311
-9.363848
-4.285023
-5.585833
-3.785510
-7.341512
-3.873723
-4.777020
-7.155599
-3.334421
-6.780723
-6.296032
-3.828507
-2.123694
-5.439638
-1.053041
-2.326794
-5.298621
-4.992292
-0.015119
-1.247138
-3.370603
-1.476838
-2.332970
1.021471
-0.805678
-0.593919
-1.986911
