2.426645
-2.274352
2.425262
-0.098217
3.026928
3.493566
-0.068899
1.467820
3.409460
2.744362
0.495791
4.502896
4.220725
5.980541
3.332110
6.074052
5.258138
7.656375
6.139178
3.205835
8.242454
7.637492
8.044175
6.131209
4.312815
9.885246
8.193521
9.684348
10.862306
5.207068
8.840977
8.938526
10.810264
8.234301
7.365004
11.674658
6.963270
7.244832
7.323932
8.022278
9.524738
12.466745
10.207648
7.385161
11.487705
10.372398
9.637883
8.562113
12.573653
9.952877
11.604085
8.798876
9.418013
11.414677
10.274329
11.781971
10.187220
9.252853
7.672281
8.807768
11.789992
6.368470
8.351650
10.345067
6.079735
9.507544
11.434206
10.406477
9.479344
10.274191
6.708521
7.155941
7.741570
5.749065
9.497283
9.303567
5.057565
8.185479
5.997950
5.042336
4.762380
6.539341
3.160338
7.767382
1.961366
1.513187
4.204104
6.433530
2.048123
4.173937
2.861048
2.792930
1.179634
3.337202
-0.813005
3.720456
0.638743
-0.663350
-2.259642
-0.261879
-1.333301
0.932226
-1.822459
-3.556086
-4.529912
-3.426414
-1.293321
-1.332324
-4.556499
-3.979643
-3.074708
-2.733538
-3.201248
-5.933302
-5.349895
-2.975406
-2.861143
-7.500147
-7.287067
-8.209181
-7.240138
-8.066541
-3.781785
-9.593784
-8.344845
-9.607049
-5.243934
-6.765845
-8.757110
-9.914182
-9.340989
-11.202789
-7.417591
-8.447853
-8.946516
-9.970933
-9.090222
-10.329091
-9.720695
-11.380968
-11.733616
-9.070960
-10.452960
-9.790309
-8.191499
-6.949282
-12.199781
-9.377184
-10.737149
-7.219473
-12.151327
-11.662261
-10.895801
-7.348108
-9.981929
-7.352906
-9.058870
-11.518239
-9.654043
-11.201366
-10.723027
-8.207790
-10.545411
-6.799882
-10.485172
-10.236772
-5.886349
-7.612393
-8.700755
-8.724787
-7.323683
-8.551852
-4.734135
-4.740886
-6.313739
-8.462036
-5.703958
-6.201193
-6.922445
-7.190118
-6.874452
-5.632592
-3.876957
-4.526412
-2.284298
-4.191580
-3.156405
-5.503570
-4.130365
-3.720563
-3.039963
-1.903367
-0.450216
0.158552
-1.652244
-0.206658
-0.378461
-3.061818
-0.375227
0.199014
