1.842017
0.868358
-1.844457
-1.046777
1.110433
4.013323
0.660627
3.151673
5.123641
1.904254
5.501433
4.512444
4.877723
5.006869
2.630327
4.114551
3.364937
4.342501
8.169431
8.826660
8.021118
7.083442
7.656478
5.365843
4.897508
4.898354
7.950319
7.974675
5.999625
7.674708
7.982278
7.813356
10.372151
7.415722
10.969362
6.899949
11.947404
8.717755
6.412496
6.903478
8.442898
6.830141
10.852155
11.288069
9.574539
9.769435
7.748849
8.074280
8.472050
12.886082
10.413122
9.251621
12.507371
8.971114
9.213771
9.708896
12.119261
9.687762
10.838601
11.964350
10.760973
7.690072
10.775771
8.336281
9.356935
8.776098
7.506045
9.543283
5.858873
6.328028
9.485376
6.426755
9.581899
7.503639
9.491218
6.801471
4.508189
6.768088
7.879431
5.891126
7.762603
5.423377
6.711147
3.786349
6.195197
1.887328
1.315554
2.355374
0.730843
4.539793
2.814032
4.772125
4.223953
0.135782
3.961524
3.893535
2.225247
-0.861659
-2.138788
0.722872
1.203946
-3.381592
1.000611
-0.876531
-2.575856
-1.947659
0.279093
0.506927
-4.659576
-1.659300
-1.772597
-2.395771
-1.127264
-4.354754
-2.401736
-6.963359
-2.153884
-4.744512
-2.730433
-8.418561
-7.154998
-7.037667
-3.964057
-7.809584
-7.048210
-8.185205
-8.357658
-9.794639
-8.344287
-7.925907
-8.556275
-6.552116
-11.185951
-11.060209
-8.753619
-6.158524
-8.475327
-11.672061
-9.222836
-8.778116
-10.464423
-8.302218
-10.045856
-8.657149
-8.421591
-11.232478
-9.819114
-9.364390
-9.043406
-7.853732
-8.218956
-12.591239
-11.050275
-9.322748
-9.842412
-11.019431
-7.674751
-10.275177
-10.174077
-10.654292
-7.105533
-9.437232
-9.006218
-11.875321
-6.849459
-5.840771
-7.279649
-10.946352
-7.985150
-9.333060
-8.279287
-7.481047
-5.172367
-9.260193
-6.891945
-5.252366
-7.353043
-3.557449
-7.844764
-2.943639
-6.371046
-5.609187
-5.994121
-3.705786
-6.140281
-4.540324
-5.673971
-6.220152
-3.908063
-2.417111
-0.454600
-2.699752
-1.645486
0.737589
-0.220953
-0.701787
1.301919
0.424538
1.950158
0.449613
