-0.680958
-1.433766
0.251683
3.910613
2.655428
4.389116
0.496026
0.512320
5.362386
4.621973
5.399411
2.891163
6.847648
5.469051
3.029216
3.992358
4.517668
4.790905
7.443986
4.886761
6.860754
3.924222
4.722378
4.158030
6.147930
8.664552
8.483224
6.375553
6.084662
5.805946
9.698103
10.065797
7.866826
6.865676
8.481674
10.524329
12.125775
10.988673
6.968496
6.995613
7.849932
8.332977
9.545848
12.493604
8.346933
7.004752
7.492736
12.380598
7.219365
11.285526
12.945391
11.164013
9.997734
8.496762
11.965939
7.888121
12.321734
10.678323
8.920650
11.550370
11.577681
8.311353
8.924572
6.117094
11.486623
10.787331
6.664264
9.218395
9.556629
6.118891
10.212857
6.270141
5.295796
7.005961
10.049037
7.079096
6.626464
8.560329
7.171567
8.233024
2.879365
6.578392
6.323616
4.584804
6.427973
2.964377
6.106135
2.947268
3.419934
1.395726
4.558115
0.416057
0.937522
4.005490
-1.230761
1.420825
1.515690
0.830488
-0.335664
1.936024
1.293254
-2.345085
-1.996903
-3.182653
-0.004155
-4.192447
-0.165166
-2.630741
-0.567925
-0.377470
-1.028438
-6.393197
-4.136350
-5.292044
-4.854031
-7.720963
-3.045994
-5.586344
-5.699149
-4.681589
-3.177066
-4.998258
-6.999804
-4.893852
-8.150254
-8.982881
-7.452323
-8.915007
-7.321770
-5.293114
-5.356571
-6.756101
-6.626021
-11.179578
-10.750906
-10.678965
-6.679911
-11.302526
-6.532177
-6.727785
-11.002469
-11.008461
-6.957364
-8.603317
-8.154733
-9.909519
-8.867811
-8.047354
-9.219269
-12.314567
-9.424171
-7.635163
-9.720158
-7.963002
-7.578859
-8.964864
-9.654256
-11.198007
-12.208406
-7.183504
-7.275536
-8.711254
-6.745807
-6.357826
-6.778435
-8.233797
-9.366570
-6.602387
-6.172166
-8.972018
-6.471970
-7.871569
-9.581874
-6.927354
-4.983824
-5.859153
-8.603267
-7.683565
-7.258652
-8.781870
-4.992146
-4.009206
-7.636931
-7.077126
-2.213823
-3.488252
-5.531762
-2.968222
-3.819606
-2.904020
-4.253184
-2.636128
-3.411200
-0.429039
0.511546
-1.106702
1.581795
-1.953909
0.864526
0.583384
