-1.747931
-1.087068
-1.217188
-1.507589
3.768477
-0.359944
0.027931
1.273845
4.127307
5.389482
1.819615
1.485440
6.756969
3.941872
6.483051
4.185418
5.818156
6.911949
6.254658
5.925518
4.348056
8.693246
4.978728
4.452451
5.503005
8.451575
4.627303
9.598935
6.114709
9.714273
6.727167
10.755206
7.764341
6.131558
10.468390
9.956068
8.631481
10.614092
8.897259
12.001644
8.916806
9.944436
7.198406
11.610490
11.807262
9.446869
11.046347
11.280734
7.542568
8.637979
8.224526
7.604226
10.870455
7.441385
11.319262
9.330546
10.714251
9.570860
8.696361
10.867135
9.333259
8.166581
8.508892
11.770963
7.981130
8.516003
9.584815
8.330717
9.051959
8.335209
5.102802
6.233384
9.087218
9.252814
9.996844
4.299364
5.833702
8.107385
4.073494
6.323339
4.404193
7.619576
7.192707
3.305926
6.885860
7.147159
1.079993
5.656435
1.752158
2.322876
4.987960
4.489378
5.073052
-0.195721
4.106070
0.598754
2.244079
2.365878
-1.090905
-0.545101
-1.395797
-2.405631
-1.613683
-1.123053
1.271976
0.569603
-0.332448
-1.440984
-4.495911
-2.710735
-5.048918
-3.895104
-6.286254
-5.494382
-5.365883
-5.194012
-5.160094
-5.541743
-3.496481
-7.753159
-7.259602
-4.673447
-6.824492
-8.731990
-9.343539
-7.214484
-6.189705
-10.130195
-6.261962
-9.838091
-8.105996
-10.574481
-9.007345
-10.746708
-7.280018
-10.701961
-9.846331
-9.741496
-8.026693
-9.414703
-12.291638
-9.866814
-7.316894
-8.700040
-12.246438
-7.856518
-10.183350
-8.639405
-10.080144
-10.794028
-11.849939
-12.350994
-8.408792
-12.500113
-10.904832
-12.043903
-12.585542
-8.466071
-8.030396
-9.083960
-6.467672
-8.775637
-10.368971
-8.539662
-10.916027
-10.341557
-11.090195
-7.473395
-5.980553
-5.159781
-5.729101
-9.600203
-5.795775
-9.338184
-9.695608
-7.300657
-6.527344
-5.462830
-3.795587
-5.402253
-3.601836
-7.084308
-6.458529
-5.491271
-6.037971
-1.595887
-1.927338
-2.034466
-5.840925
-5.023670
-4.484308
-1.369548
-4.817514
-1.292675
-0.490154
-2.057436
1.752916
-1.597118
1.477172
-2.263755
