-1.522364
-0.739370
-0.086603
3.103334
3.993609
1.299177
4.878910
1.005447
1.802901
5.871582
5.413976
0.964035
2.815091
2.545848
7.470835
3.281131
2.607618
5.329604
2.965649
7.156089
5.044470
5.495355
5.575054
8.682667
7.653287
5.040698
8.448731
7.442394
10.499683
8.014212
7.237672
10.176923
9.166203
5.777908
10.403281
11.577276
9.027334
12.121426
8.002315
6.579794
11.242790
10.926560
8.365605
8.560970
12.199330
12.646944
10.917998
8.797301
8.092506
7.259962
7.330230
7.873581
7.834893
12.658563
9.608394
7.586774
8.239071
8.262273
8.591671
6.672022
8.566139
7.749947
6.552300
7.695545
6.312668
7.923180
8.454272
7.274951
8.811467
7.911734
10.483516
10.036882
5.682433
7.011018
6.225193
4.310491
7.091789
8.298516
5.229646
7.606983
4.162100
3.016074
2.450268
3.010327
7.475906
2.951697
4.841267
2.747384
4.766829
5.299607
2.924677
4.516203
4.097391
1.934063
1.618459
3.615192
-0.869511
2.457155
1.315145
0.196245
2.418799
-3.108263
-1.615337
-1.215387
-2.910241
-1.214513
-0.795179
-2.456942
-2.775060
-3.142554
-5.526541
-4.374574
-4.536615
-5.364305
-4.719350
-6.443397
-4.131868
-2.595729
-6.577530
-5.799149
-5.048351
-6.745895
-7.321677
-9.209167
-6.791212
-4.591434
-8.636651
-9.191230
-9.140719
-8.017792
-8.923108
-9.820997
-7.988033
-6.521258
-11.163502
-8.025031
-6.749754
-7.766014
-11.529344
-12.024673
-7.766963
-10.739904
-12.338171
-12.504899
-11.093278
-8.023849
-7.204805
-10.035626
-8.362201
-7.182769
-10.613174
-10.515463
-7.640437
-9.554432
-10.863649
-12.103683
-12.572485
-11.647151
-7.431447
-10.491851
-11.600593
-9.024332
-6.850970
-9.059163
-6.936441
-5.951257
-9.569982
-5.505155
-5.402229
-8.220794
-9.127752
-7.317258
-6.535232
-7.455327
-8.883895
-6.403489
-7.220732
-9.150911
-3.824613
-4.447434
-4.137098
-8.230822
-3.477733
-6.416589
-6.906101
-2.034293
-6.507238
-4.328643
-3.916864
-2.552056
-1.361669
-0.627215
0.392083
-1.124045
0.779821
0.367398
1.144272
-1.821771
1.324978
-2.364197
