-1.733412
0.374559
0.131626
2.620765
2.206007
4.441592
2.067607
5.117969
1.861099
3.503256
1.616189
2.619962
1.234791
6.095332
2.671313
6.243697
6.275369
2.768486
6.510520
4.242307
4.754586
5.025205
5.147742
7.992455
6.014359
7.938377
9.272512
9.645430
10.575117
8.990929
6.124252
7.534458
7.330748
11.191627
11.899540
6.164154
6.473619
7.824887
6.549563
9.591381
11.542554
10.931977
11.782697
7.388499
10.844839
10.817206
11.818253
8.357278
9.222304
11.250715
11.540854
12.028225
7.961772
8.240070
11.838904
10.216032
7.368800
7.362630
10.136121
10.609404
8.863865
12.127218
11.373697
9.934783
8.364035
6.493671
9.361235
5.856616
6.678905
10.823089
9.878742
9.376226
6.598702
9.462308
8.285176
8.998498
7.723352
6.016150
5.321188
7.963250
3.918764
5.634300
5.388244
6.903878
6.613419
4.312176
5.057426
3.616912
4.366594
5.935005
0.146519
-0.407985
3.056098
1.480703
-0.210184
0.673322
2.909073
1.821096
-2.318341
-2.101033
-2.120309
-2.313589
-0.530185
-2.695360
-2.097691
0.455269
0.224073
-4.127949
-4.372522
-4.290494
-3.555165
-5.133648
-5.684777
-4.952204
-3.483791
-5.924816
-2.143180
-6.905611
-6.180667
-7.557684
-5.754270
-8.081032
-7.157428
-9.006414
-8.073007
-4.994567
-5.026806
-7.502689
-8.704897
-10.663529
-7.418791
-9.962504
-8.466834
-6.811035
-6.183341
-10.550757
-6.777068
-7.656429
-11.116637
-7.456620
-8.693570
-11.203372
-8.007286
-11.632590
-10.276966
-9.280165
-7.317402
-8.644129
-12.814598
-12.073366
-9.868276
-11.191144
-11.141706
-8.349368
-10.157346
-11.822916
-12.716846
-10.131676
-7.449414
-8.811783
-11.165363
-7.115783
-9.635867
-10.199157
-10.916107
-10.473641
-6.218848
-6.020525
-10.887566
-10.795211
-5.272283
-7.993311
-10.372023
-6.872843
-9.493147
-8.596855
-4.705562
-8.261581
-7.141914
-7.550517
-8.620586
-3.903756
-2.775446
-7.424454
-7.035272
-3.009192
-6.125137
-1.050678
-6.064489
-5.345390
-1.120639
-1.024982
-4.034145
-2.670459
-2.936821
1.263487
-0.581579
-1.690908
-0.777803
1.661007
