3.255337
0.867715
-1.711303
2.787101
-1.233151
4.484695
4.627064
1.611777
1.547738
5.593795
0.897773
5.583599
3.454609
2.725694
2.015526
2.414372
2.666253
4.670199
2.836314
4.210391
8.262344
9.279785
6.169194
9.717740
7.715770
8.370132
9.776760
5.426518
6.385783
10.229432
7.259971
9.833444
10.674252
7.491866
7.466560
8.293956
11.210247
6.356763
9.480094
11.069078
8.902723
8.298335
12.179633
12.562138
11.767957
9.452047
10.068794
12.305871
8.043113
11.296128
9.186246
11.594276
10.760140
11.890631
11.654096
9.511245
9.867838
7.086612
7.032328
9.107466
7.178976
10.361074
6.676268
10.221352
7.335655
9.526475
9.227319
7.723019
10.925874
5.112662
9.268287
7.951875
5.814010
5.441106
6.993996
8.071108
4.056445
9.235438
5.747168
6.683983
4.708096
2.407288
7.318695
1.889620
2.697128
4.611994
2.796052
2.300373
2.397191
5.123177
1.951557
-0.311153
0.036744
0.685734
0.781216
-0.505321
3.561782
3.404491
2.585831
0.983711
-3.191962
-1.957407
-3.693894
1.746308
-0.143225
-2.388653
-2.697440
-0.382290
-4.527024
-4.816921
-1.082642
-5.621614
-5.299068
-5.028079
-6.561526
-6.835330
-4.787077
-8.356178
-7.619930
-5.519327
-4.897016
-6.536434
-9.075547
-7.677209
-6.309829
-5.044739
-7.106598
-7.618112
-8.496757
-7.246251
-6.601324
-10.484902
-8.409511
-10.149908
-7.304542
-6.796606
-8.818026
-10.576967
-10.117835
-9.757379
-11.638879
-8.980246
-10.261352
-7.980417
-9.267888
-9.031285
-7.445708
-8.689403
-8.630221
-11.459302
-12.091256
-12.961723
-9.448245
-9.631204
-10.642356
-7.085007
-9.025053
-8.496096
-9.801488
-6.531761
-9.578445
-6.364607
-6.530011
-11.227077
-9.977389
-7.126534
-11.574261
-5.815007
-8.506988
-8.284661
-8.419793
-10.621511
-9.248544
-6.787535
-6.731995
-7.500409
-4.330237
-5.938628
-3.539597
-5.306822
-5.383547
-6.440692
-2.126172
-2.529900
-4.555978
-4.249983
-3.338628
-2.032236
-1.040647
-1.515101
-1.645889
0.075921
-3.809783
-2.210900
-0.999724
0.225712
0.371150
0.307899
0.212712
2.613754
