3.000647
0.907492
2.550620
2.804478
2.381222
3.596573
-0.762447
3.127252
3.799457
0.559138
3.513406
4.946640
6.634995
6.806529
5.665294
3.032182
4.862680
5.600569
3.499446
6.058216
7.318460
9.131600
4.419546
6.681139
6.857738
5.004022
6.974668
5.694994
7.577945
10.568567
8.495842
10.101143
6.621271
11.739383
10.800044
8.665357
10.747781
9.337393
9.701169
7.180979
9.803591
8.975546
9.397358
11.614523
9.730729
11.011289
11.533352
8.026426
12.587954
7.418451
11.706411
12.394636
8.290715
7.751779
6.925375
12.284651
9.509837
7.332820
6.659684
11.468193
9.188930
8.840109
11.912503
10.122609
11.662950
6.238505
10.020876
11.196410
8.419285
5.493631
6.670361
9.814270
7.187819
6.007149
9.389316
6.150046
7.502254
6.574527
9.116871
6.952891
8.100274
6.585540
5.660141
3.290843
7.490373
4.531439
1.507671
6.250285
3.161656
1.613218
1.860579
-0.296467
1.681366
2.949221
1.216420
0.545332
2.815918
-1.176437
-1.526876
1.754315
0.960227
-1.976557
0.959260
-3.316594
-1.354275
-2.740148
-1.983963
-4.260293
-0.794763
-3.488160
-4.969824
-3.134155
-2.023559
-4.795791
-1.601368
-4.010703
-3.799550
-3.450849
-3.118585
-6.307679
-5.705528
-8.552241
-7.469358
-4.161696
-6.076409
-4.901081
-9.020049
-9.263812
-10.289504
-7.651794
-9.145092
-8.145400
-10.180658
-7.411220
-7.296812
-9.006069
-11.028221
-10.402816
-6.774442
-9.305468
-7.176246
-12.443184
-11.327446
-11.288693
-10.078050
-11.676898
-11.114835
-8.458939
-8.152377
-9.977509
-9.534316
-8.388578
-7.191468
-8.329464
-8.406034
-7.461349
-8.168347
-7.179820
-10.156073
-12.073555
-11.251755
-6.900222
-12.104679
-11.493892
-10.843289
-10.565645
-6.264486
-10.994075
-9.872216
-7.474965
-9.482291
-8.125778
-6.823272
-8.479880
-5.108395
-4.992410
-3.944338
-4.553665
-7.446918
-7.221741
-7.743993
-8.154790
-7.266327
-5.731949
-4.784604
-7.189193
-2.585180
-1.937888
-5.718530
-5.927223
-3.863690
0.315965
-5.145373
-4.252827
-1.988350
-2.149449
1.486222
-0.682767
-2.696687
2.202583
