-2.576486
3.078417
-0.659020
3.115825
4.361430
0.557210
3.359356
1.479323
4.223103
3.621511
2.379331
6.533911
4.479410
3.550054
2.725190
3.223126
3.027423
4.127096
5.010061
6.395084
7.062700
5.707138
7.891350
7.507278
7.890913
10.174759
4.541884
7.448804
5.446793
7.382198
6.733396
5.606957
9.580073
9.516942
6.703316
6.889415
9.362190
10.905124
6.650846
9.989149
9.930058
8.053906
9.967979
12.663528
10.689059
10.681416
8.739297
10.509799
8.300105
7.850856
9.791121
11.418642
12.746169
7.436150
9.949217
10.489366
11.992566
6.787975
10.129923
10.975135
7.795010
10.121356
8.069017
9.526662
8.530057
10.102722
10.543947
6.460716
9.956589
8.390642
8.345943
8.994524
6.334032
9.258871
6.794371
7.933099
7.484018
7.554055
7.712825
5.442207
6.369379
4.668461
5.972616
4.145977
3.834464
3.784970
5.513197
6.398130
3.814092
3.219918
3.779794
1.323782
1.769751
2.526740
2.982392
2.587931
-0.841780
3.579772
-0.007048
-2.105857
-0.881712
-0.312947
-0.706067
-4.168711
-0.676047
-1.470079
-2.073999
-1.820074
-1.368443
-1.593096
-4.656611
-5.164415
-5.875970
-1.672513
-1.861337
-7.425086
-5.600600
-4.426046
-7.710244
-7.372974
-4.176725
-6.293986
-6.716676
-5.969729
-9.031971
-5.708009
-5.684067
-5.198307
-6.749509
-5.213568
-11.146124
-5.535136
-6.476869
-6.504732
-8.441091
-7.527542
-6.648370
-10.389181
-8.046657
-6.616371
-9.234528
-9.024991
-12.678521
-11.061086
-10.565491
-12.672278
-12.647185
-10.842523
-10.403294
-7.799181
-12.155513
-9.119161
-12.716779
-11.816348
-10.879171
-9.196952
-9.550565
-8.941639
-11.792181
-11.294383
-11.089858
-8.438792
-8.396210
-11.865039
-7.866338
-6.841089
-11.423051
-10.526122
-6.624789
-7.626989
-10.684992
-5.627611
-9.950047
-8.559625
-9.034555
-9.435601
-6.747356
-9.247134
-8.341434
-6.705311
-8.186576
-8.351312
-4.865982
-7.530715
-6.695837
-6.925630
-2.946561
-3.078516
-6.281951
-0.272271
-2.090313
-1.659297
-4.040850
-4.843625
-3.743223
-3.773471
-3.568353
-2.585359
0.996657
2.002548
