1.388532
0.558688
1.571760
1.211082
-0.468126
1.388300
3.271977
0.379202
4.082919
5.727467
3.346054
3.509588
2.426707
4.147245
5.586997
6.413507
2.399996
6.246532
5.380959
6.550955
3.170965
6.201411
5.595430
9.245048
4.243391
5.799613
10.152771
5.465734
9.395448
5.772241
5.676013
9.752188
5.900404
6.778696
10.172680
6.527463
9.410717
10.713738
8.625486
12.391626
7.080606
8.514043
9.229065
8.889807
8.486907
9.633353
9.267882
10.856416
10.623251
8.932704
11.331807
12.110672
8.488000
12.802450
9.187251
10.307430
9.618884
10.032987
7.065734
7.027464
6.643187
8.230649
6.980913
9.115825
7.035119
6.389597
6.589026
10.056248
10.615164
7.558164
9.305630
8.802962
9.441721
9.498044
6.290687
5.667514
8.605518
4.234614
3.133721
3.087976
3.058117
7.132526
6.543383
2.849990
5.217005
5.996568
3.188470
5.092137
5.832219
0.250390
4.914770
2.250714
1.141559
-0.070514
-0.830135
-1.117696
1.358986
-1.770945
-2.351508
-2.069840
0.622478
-1.794082
1.767279
-2.901543
-3.291251
-2.697134
-2.685753
0.224779
-5.513356
-1.861572
-3.072050
-4.160732
-6.169710
-5.439411
-6.430120
-2.875811
-7.834043
-2.650418
-8.520832
-3.724930
-5.384397
-6.793810
-5.480468
-8.127339
-9.362027
-7.381953
-8.631547
-5.239629
-7.882135
-11.042050
-8.957779
-6.437252
-11.142621
-10.566157
-8.047746
-7.278916
-11.485031
-7.670051
-12.325774
-7.382594
-10.514597
-8.602456
-10.769816
-11.418852
-11.527464
-9.051466
-12.896632
-11.067571
-7.468341
-8.624436
-11.569107
-10.030388
-9.719744
-11.214084
-10.067568
-7.869976
-9.452159
-6.690665
-10.495630
-9.517163
-12.065535
-6.815085
-11.134232
-7.570059
-9.407951
-10.789242
-11.134672
-10.493502
-10.113549
-10.881219
-10.490365
-9.488034
-5.425355
-10.250758
-8.932740
-4.659803
-6.893621
-6.785317
-5.602327
-7.296267
-2.780510
-6.886598
-3.789249
-6.792000
-6.356289
-4.788573
-3.321081
-6.117213
-3.787176
-4.990454
-4.871938
-0.434479
-4.019866
-0.727699
-4.003441
1.705639
-3.541223
1.114400
-3.082617
0.548947
