-0.232894
1.845411
-0.000209
2.198758
1.564029
3.232291
4.061938
0.782844
2.654017
2.820903
6.013640
4.906376
6.673543
4.255499
6.343727
6.017388
6.297514
7.368308
6.097720
4.627194
6.256313
4.115024
8.267213
6.808538
4.891475
5.142149
9.784568
7.675619
7.271585
8.709707
8.372053
8.577387
7.048403
11.690676
9.053600
7.640169
10.102343
10.829633
8.189157
10.519664
9.876364
12.511524
7.003969
8.387828
7.751781
8.702290
7.523170
11.301184
12.661206
7.596645
10.496623
9.895597
10.862455
7.262271
11.958616
7.839105
9.878599
9.583963
7.152180
10.892278
11.020419
9.388607
9.927632
9.139800
6.344914
7.456466
7.776481
9.410031
6.556213
5.125600
9.863918
6.492692
5.476049
9.010923
5.477377
5.669527
7.533083
8.775355
5.918137
7.899607
4.305516
4.362092
6.078274
3.469076
7.471762
4.661052
5.717386
2.759420
2.413695
3.761538
4.481925
0.733476
0.058377
1.700243
2.805075
0.028609
3.219002
-1.480426
2.178401
-2.111549
-2.971917
-0.268733
-2.750443
-2.700453
1.307961
-0.319872
-5.066798
-0.341356
-0.769352
-1.936120
-5.089950
-6.618159
-1.460908
-6.717402
-4.001996
-6.752109
-3.753859
-7.859830
-6.964152
-6.048501
-7.335821
-7.756875
-9.347770
-7.913573
-6.347240
-4.583103
-7.058617
-8.511322
-5.516226
-8.570603
-9.253367
-6.241799
-7.585187
-9.061465
-9.251921
-10.504739
-10.729497
-9.102812
-6.849125
-11.764826
-9.635163
-6.808306
-11.824402
-7.526555
-10.123965
-10.510479
-8.215460
-9.736871
-10.419312
-12.670811
-12.935350
-10.306741
-7.057447
-9.247423
-12.100861
-9.687351
-12.349380
-10.970482
-9.367370
-9.193291
-8.803697
-10.355292
-8.700133
-9.515412
-11.849585
-6.738059
-11.564271
-8.173126
-7.860823
-10.337969
-9.446060
-9.523992
-7.913649
-5.273053
-9.770759
-8.916584
-6.518188
-4.292432
-6.858576
-5.530544
-8.241871
-6.160360
-6.913142
-4.146359
-3.133953
-5.795754
-5.307403
-3.439413
-2.547693
-5.880494
-4.421242
-3.048304
-0.738073
1.081587
-3.131957
-3.560272
-1.210352
-1.237294
-0.673445
-1.090261
