1.880290
2.169366
1.919799
3.011804
-0.347364
2.963470
0.231072
2.150988
1.611341
2.896684
1.957087
5.680919
5.904643
5.801093
6.473730
3.898675
4.587577
5.150288
6.896249
6.324929
3.731248
8.535352
6.040478
7.984077
6.671643
9.159010
7.160812
9.011637
9.430828
8.270720
7.653170
11.403351
9.802338
8.147015
11.539863
6.524277
12.117553
9.000637
10.797516
9.604549
8.664213
7.887069
9.911465
7.196208
11.851947
8.547768
7.142665
9.318569
10.083899
9.635638
8.574216
8.353116
11.344843
9.159833
10.668825
8.416375
9.297265
7.282220
6.697968
7.555586
7.533292
10.694489
10.251411
7.873596
11.139101
10.335354
7.384455
9.791837
10.517329
8.178095
8.468343
6.351759
9.731937
6.308192
9.547175
8.044603
7.232852
4.384632
6.808379
4.494522
7.189623
6.458270
5.502104
6.147065
2.393313
2.217166
1.600241
4.737514
5.973664
1.856436
4.895286
3.244088
-0.372780
4.697460
1.561590
0.779165
-1.859880
2.263409
-1.431329
1.445067
1.625539
-3.224807
0.534485
0.736525
0.823113
-1.620467
-0.210326
-4.059102
-3.531422
-4.497719
-1.249176
-4.814716
-4.730709
-6.174591
-3.885406
-4.456317
-6.696488
-4.103633
-6.842598
-6.754185
-7.927798
-6.945965
-7.787689
-5.407337
-6.301097
-8.395360
-7.683780
-9.860831
-8.373556
-7.667865
-6.870890
-7.536663
-11.047419
-6.267247
-7.843187
-9.549059
-12.138451
-9.800226
-9.156895
-10.131800
-7.746523
-9.559123
-10.531783
-10.531378
-9.613668
-10.713556
-11.842461
-12.756670
-9.475361
-8.863683
-7.594786
-9.116195
-8.366446
-7.194686
-12.388425
-9.875967
-6.946400
-10.660522
-11.971884
-9.792540
-7.429172
-11.566479
-8.621889
-6.539039
-6.494496
-9.139037
-8.455329
-10.205946
-9.712850
-7.765947
-9.817941
-8.657383
-5.890048
-5.950802
-5.521702
-4.593731
-4.958202
-4.728737
-7.609945
-5.050584
-6.136336
-7.149554
-7.841739
-3.870069
-2.739961
-6.534329
-4.536972
-4.330827
-2.466065
-5.296631
-4.752532
-1.498978
-3.354829
-3.087377
0.745491
-1.594976
0.224188
0.660228
-2.658178
0.797534
