-2.522631
-1.196611
-1.755139
-1.077906
3.330483
4.009107
2.768603
1.994145
2.647527
0.995135
4.842350
1.123544
4.987726
2.824736
5.433333
6.513625
7.652535
2.496646
3.475592
6.043303
6.258702
8.353320
6.756242
9.196285
4.851842
9.078399
4.553067
8.803362
9.597902
9.513286
10.867580
9.078803
11.050148
10.259623
10.703132
8.634591
10.014573
6.990613
12.273274
11.989573
11.067907
9.297585
12.295096
11.681029
10.928468
8.283194
7.700431
11.227013
12.379875
12.342232
12.064329
8.447077
10.725430
7.788227
12.489670
8.854851
11.165189
8.654024
10.722108
7.288246
9.377528
6.880175
10.014009
10.573188
7.437037
9.043419
10.803740
5.617722
11.142268
9.346618
5.950238
6.282872
5.411798
8.007301
6.968961
5.257452
3.829985
6.959408
8.142113
4.278774
7.730975
3.780374
5.750105
5.622507
6.240529
4.324314
4.222285
2.928932
5.648733
2.920319
3.098520
3.375712
4.225995
0.495313
0.397229
2.802384
-0.018081
0.212232
1.401909
1.436703
1.333836
-2.666414
-1.731786
-1.471198
-1.419077
-0.365991
-4.327632
-3.488427
-4.042613
-5.850738
-1.530001
-5.161715
-1.352794
-3.371125
-1.866659
-4.899588
-5.810020
-2.416387
-7.719322
-5.714451
-6.127721
-7.578479
-3.767151
-4.588773
-7.744997
-9.785209
-8.872749
-5.858637
-6.292640
-10.347694
-10.872107
-9.486524
-10.109874
-11.634822
-7.867736
-7.951833
-8.701004
-8.007110
-10.809573
-8.207411
-10.533627
-10.699413
-8.247534
-9.121857
-7.198551
-10.126048
-7.501773
-11.842458
-7.654102
-7.016012
-11.586364
-8.964132
-10.507172
-9.460269
-7.472915
-12.418070
-9.553206
-11.767980
-10.680005
-9.872241
-7.231147
-9.665953
-6.184873
-6.769078
-11.903651
-10.371103
-6.994930
-9.401347
-6.513176
-10.904170
-8.411042
-5.625741
-6.781883
-9.977694
-9.459512
-9.270417
-9.194699
-7.705182
-8.169805
-2.909162
-3.341810
-8.241236
-5.553007
-7.653311
-3.390263
-6.999749
-3.362924
-5.640248
-1.634921
-0.534375
-4.564608
0.015038
-4.664051
-2.874789
1.403846
-1.941730
-0.430292
-1.894713
-0.084136
2.347342
