-0.148177
2.986990
2.856653
3.048133
2.906063
2.064681
1.623465
1.060063
0.034015
2.940656
1.881624
3.809825
5.523356
2.143178
7.505332
2.011601
5.523096
3.686069
3.617640
7.591136
3.793835
4.314187
6.378423
5.906260
8.411650
8.143777
6.495336
9.288491
5.642822
6.968310
7.201940
5.852773
9.264923
6.415083
6.193612
7.275134
8.649343
9.287723
12.046731
10.625844
7.198857
9.662531
11.334069
9.763967
8.646495
9.070493
11.178328
7.955181
11.521233
11.681361
12.171640
8.287272
10.493394
10.965711
7.219480
7.657473
9.325741
6.829787
10.895926
9.538959
8.142140
9.838046
9.557013
8.235154
11.613412
9.237078
7.507391
8.171987
5.330563
9.740215
6.909990
5.738195
9.052171
7.527001
4.336001
8.913573
4.151659
5.779667
8.465271
8.857467
8.357210
7.143784
2.872292
3.882694
6.257396
3.578368
6.048523
1.830808
0.514231
4.556747
5.438451
2.493193
4.375957
2.525940
1.170175
3.614326
1.855648
-0.982452
1.588666
-0.186384
-1.292694
-0.103976
0.279064
-2.405971
-1.961571
-4.413238
-2.548296
-2.415834
-4.492580
-0.632127
-0.398018
-5.765295
-4.214735
-3.019397
-5.544277
-5.825727
-2.170880
-3.026432
-5.944874
-5.698886
-6.126230
-5.667951
-4.361106
-5.870803
-6.801622
-4.821423
-9.371698
-10.025102
-6.887250
-6.257386
-5.893086
-10.532656
-9.718388
-5.882694
-6.959686
-8.678187
-6.498584
-12.206767
-9.857096
-11.966883
-6.793479
-11.343541
-10.741031
-8.678267
-11.476209
-12.481474
-12.884327
-8.043267
-7.368946
-7.234524
-9.046143
-11.041027
-8.240476
-12.144842
-12.525822
-11.911298
-9.195446
-8.964826
-10.660990
-8.520239
-11.735348
-11.212734
-6.776963
-8.029567
-5.982401
-9.099788
-8.668300
-7.029100
-11.087984
-8.051674
-7.725878
-8.745576
-6.837768
-6.801167
-9.044327
-7.023118
-4.741227
-8.711355
-8.626823
-6.167839
-5.214070
-4.328500
-4.327073
-6.784709
-4.949019
-6.014593
-5.426301
-2.401945
-5.107738
-3.669316
-4.127320
-2.174732
-2.652447
0.029708
-1.297476
-0.107199
-0.802439
-2.540299
-1.810932
2.019033
