1.583114
3.252725
1.693262
2.536588
-0.161968
4.304988
0.190216
4.036579
0.551059
4.820489
4.699332
2.597824
6.748818
3.272200
3.768167
6.645220
6.108393
6.260690
7.556607
5.346183
3.220414
4.927408
4.955773
9.687226
7.396264
9.909638
8.129056
9.830221
9.506605
10.193114
5.433620
8.675918
7.808540
6.721751
8.135029
9.575227
11.155222
10.082220
9.495638
11.291410
12.232333
8.535569
8.716204
9.990647
10.676187
9.493481
12.679897
10.230542
10.248195
11.298647
10.674970
8.208264
12.703610
11.371343
10.293355
8.056034
8.482366
8.272352
9.401979
12.164124
9.729237
9.816293
12.020310
7.943983
11.303660
8.115362
9.396218
10.187423
6.847377
7.118012
6.325777
6.577588
4.785076
4.413071
8.754361
8.978643
7.700257
5.382669
7.165764
6.740300
7.623031
5.418704
5.776119
4.678266
5.283078
7.185349
3.624703
4.239524
2.039230
0.603489
5.006832
2.130655
0.786300
-1.094374
-0.395442
1.569426
2.251899
-1.591204
-1.809503
2.812353
1.415370
-2.720294
0.890105
0.461447
-1.304139
-3.521082
-0.061592
-2.741453
-1.221338
-6.009390
-4.757147
-2.109764
-1.240948
-7.191663
-6.625792
-4.516452
-7.422435
-3.412161
-4.472277
-4.060401
-5.072861
-7.520443
-8.126807
-6.772766
-9.616078
-7.203590
-5.148449
-5.051707
-10.042007
-9.522509
-9.384575
-8.531914
-10.406725
-11.414016
-9.918722
-11.602410
-12.151259
-7.412430
-10.861652
-8.811262
-12.049193
-7.729066
-10.645764
-8.106990
-9.302388
-10.399032
-8.738808
-11.433422
-7.246494
-12.864730
-9.033040
-7.541320
-9.702621
-7.762910
-10.355003
-8.556071
-10.596865
-11.691336
-9.700130
-7.998317
-7.554314
-11.007951
-10.518095
-10.709895
-10.367592
-10.449358
-5.754503
-5.674506
-7.601554
-10.444392
-8.907864
-6.746147
-4.867687
-7.704445
-8.064526
-5.006135
-3.796003
-8.229272
-7.722216
-5.586315
-3.162597
-5.552509
-4.353018
-7.291667
-6.487937
-6.046024
-4.897637
-3.174483
-2.463705
-5.622886
-0.952935
-1.727022
-4.241255
0.912840
-4.149470
-0.796974
-2.425073
1.963925
1.523385
2.077245
