-1.755185
-1.500210
0.335350
3.636049
3.172273
4.220364
3.460768
5.245224
4.604669
5.476374
4.884589
5.860164
5.572080
2.648671
1.716337
5.280086
6.898960
7.264019
2.719340
6.308362
9.070265
5.362876
6.916623
7.050042
5.972055
8.659928
10.036425
10.468526
6.298172
10.145407
6.216484
10.482949
10.666860
11.443340
8.686648
10.516983
8.311060
9.949726
6.682042
10.633455
11.178275
10.050833
11.706628
11.080004
8.288359
8.497819
7.314113
8.723873
11.834290
12.280127
8.459683
8.222586
12.324374
7.704310
12.530229
8.263547
8.681183
10.453625
11.937079
7.481592
9.774421
8.972873
9.617368
10.426689
10.715320
10.841137
8.942792
8.044892
10.118339
5.396672
8.659163
9.404374
5.031970
8.268763
6.640679
8.805823
3.661602
4.937958
3.366316
5.373152
3.462136
6.182329
4.563198
1.994834
3.354570
6.742556
4.670797
6.197415
3.482740
0.177570
4.989937
1.387710
-0.164240
-1.121600
1.719311
-0.330225
0.758825
-0.233941
1.461669
-0.964783
0.721841
2.341886
-3.529962
-3.561528
-0.121426
-4.658746
-2.804163
-3.805617
-2.985420
-4.094408
-1.686980
-5.995188
-4.109941
-6.373314
-6.608827
-3.220250
-4.155625
-8.206944
-4.407261
-8.169277
-8.049721
-5.960341
-4.430193
-6.317840
-6.409912
-8.450169
-5.264959
-7.972603
-9.994094
-7.675669
-7.139766
-9.127061
-11.260029
-10.993294
-11.318100
-9.293733
-7.008509
-11.403720
-11.984915
-10.237752
-8.932306
-10.455567
-7.852627
-8.830271
-7.978510
-7.529345
-12.551801
-7.164010
-7.014343
-10.286381
-12.829131
-11.986389
-7.678157
-7.703908
-7.281495
-9.016347
-9.378625
-12.362969
-11.707011
-9.158244
-11.567163
-9.653349
-9.273607
-8.712809
-10.299754
-5.996255
-7.866536
-7.507306
-8.504580
-10.103720
-8.798459
-6.905670
-6.482964
-9.212328
-8.788876
-9.773186
-6.508715
-5.288750
-7.874924
-7.399649
-8.498007
-2.420731
-6.253014
-4.334058
-5.647490
-6.080176
-3.186453
-6.602565
-4.938267
-6.086388
-1.891796
-3.280095
-1.897912
-0.761876
-2.996444
0.668973
-1.613653
0.011700
-0.739711
-2.990018
