-0.795253
-1.767283
1.824187
1.769502
1.140179
-0.805289
-0.509231
-0.456183
4.648623
3.732772
5.761049
5.632308
4.753464
1.483080
1.956652
4.746769
5.355308
2.860162
3.772339
6.888292
3.141459
6.982057
9.192937
7.913849
5.743523
6.253665
10.436945
10.267336
8.728166
5.938466
8.859425
5.913361
8.138824
8.513922
10.714222
7.455232
9.017934
9.881282
7.273498
11.689826
8.296122
9.541100
12.557648
11.923332
12.595371
7.648055
10.807622
12.601829
7.409276
7.057999
11.304906
11.323441
10.618808
10.776454
9.487128
9.279510
9.579414
7.794126
9.132582
6.997902
10.005430
9.423422
8.443611
9.512544
7.258044
9.950805
9.221347
8.433180
6.316309
9.421746
6.137901
10.683149
9.931715
4.436103
6.139792
6.527349
5.061240
5.370044
4.333351
5.745893
2.696093
3.462890
5.400380
4.323992
2.180155
3.931200
6.210896
5.572179
3.781964
4.087857
1.738525
0.889512
1.830634
3.868881
0.679439
3.514691
-0.547353
0.678064
1.915209
-1.247587
-3.246773
-2.205865
-0.707230
-2.650751
-0.646051
-2.374686
-1.534274
0.468304
0.110423
-4.408315
-0.600950
-0.796796
-1.475220
-4.590832
-5.057700
-2.262009
-2.100610
-3.389756
-4.324410
-4.693434
-8.344786
-5.304200
-6.908180
-5.386834
-5.265932
-9.951532
-7.369441
-10.392590
-7.126146
-5.241207
-5.751954
-10.870124
-10.730756
-7.217189
-9.894218
-10.820009
-7.147257
-8.792478
-8.996443
-11.315406
-8.406811
-10.678634
-8.756980
-10.290885
-11.906059
-9.894841
-10.375866
-12.723025
-7.859026
-7.220271
-8.339161
-10.853989
-11.470894
-12.046033
-12.777281
-8.392632
-11.143679
-11.309339
-9.691738
-11.999950
-6.591403
-12.114842
-9.196439
-11.465317
-6.786541
-11.652135
-9.259997
-5.904041
-6.279358
-8.489166
-7.414744
-8.389934
-5.361026
-6.428444
-5.580043
-7.624007
-7.154883
-6.050897
-5.908677
-4.709148
-5.827385
-4.801665
-2.816264
-7.171129
-2.464171
-4.881361
-4.174226
-2.322691
-1.014581
-4.792916
-2.310684
-3.835797
-4.404875
-0.659092
-4.484440
-3.162818
1.558562
-2.649219
0.604371
0.507788
