1.594544
1.945529
2.798898
3.945431
2.509548
1.782389
0.622937
5.462846
2.458162
2.967512
1.940380
3.361472
3.502731
6.116726
4.636947
2.933102
3.811890
3.072222
8.577282
3.185727
7.362393
6.910185
6.162706
8.025290
5.360347
5.742968
8.532932
5.275451
6.327335
5.986212
7.258543
8.908278
5.614889
7.188198
7.190272
6.632626
10.991374
11.694102
9.026268
7.602701
11.316108
6.799391
7.977449
10.415208
7.046820
9.765765
8.147014
7.252325
9.397806
8.763953
8.664011
11.850628
8.910395
7.429463
11.085819
11.064419
10.412009
8.666277
7.961790
10.861561
7.350295
9.502955
11.178367
8.813792
9.443973
6.318737
10.701118
6.496056
10.401270
7.409507
7.190591
5.191378
7.695047
4.887402
4.370405
8.065631
3.867533
4.488071
5.047752
7.229117
3.688213
2.996658
2.257453
3.995744
1.542632
3.481762
1.153435
6.317254
0.969252
0.193935
1.538863
2.989301
-0.370061
4.483424
-1.021355
-1.664141
-1.280480
-0.569718
2.512546
0.841800
2.320131
-3.078706
0.020786
-3.998062
1.380280
-3.977224
0.401388
-4.929987
-1.352893
-0.134145
-4.264397
-6.043501
-4.334652
-2.149960
-3.266409
-5.532509
-7.883545
-2.365266
-3.256728
-3.424266
-8.096166
-5.472996
-7.370620
-8.064961
-9.247131
-6.411220
-9.590017
-7.502714
-8.788618
-6.469274
-6.659290
-8.657105
-11.550911
-6.687462
-11.239251
-9.426248
-9.020256
-8.508876
-9.919206
-11.481685
-11.673649
-8.538974
-12.276280
-9.256011
-11.868211
-11.600421
-12.489740
-8.364516
-7.208515
-10.012030
-7.807665
-10.919028
-11.441656
-10.711891
-10.873980
-11.875678
-12.093434
-12.191376
-7.630570
-6.937312
-11.987834
-11.696482
-9.736198
-7.692655
-7.087461
-8.949193
-5.968740
-7.203633
-6.206718
-5.201952
-9.039378
-8.673589
-8.205462
-6.771681
-9.249016
-8.326921
-9.422605
-7.234143
-5.568324
-5.012511
-6.439101
-5.524994
-6.446681
-4.534974
-7.009809
-6.540159
-5.542498
-0.759273
-1.612849
-2.957164
-3.890623
-3.043996
-1.756158
-1.791574
-3.742469
1.421876
-2.204033
-0.630688
-3.255586
0.283982
