0.156247
2.694457
3.261492
2.805640
0.606472
4.450993
-0.472676
4.493284
0.236403
3.019776
2.478246
3.743911
1.432650
5.572503
6.811235
6.673007
4.042528
4.778472
8.266544
4.817097
8.943731
6.018684
5.940507
8.531515
9.236849
6.492834
7.530913
7.289641
7.767346
7.895811
9.422819
5.643211
10.001319
7.097836
6.676265
10.360839
7.162290
7.252974
10.688152
7.919122
6.888203
10.157249
10.755775
12.422790
9.214374
7.753676
9.917179
8.751263
10.468224
8.054397
8.703273
7.153530
7.174327
8.215900
9.665114
9.361056
8.015926
11.720950
9.992382
9.738847
8.213278
8.202031
7.144222
9.714337
9.064049
9.005658
8.224949
5.549698
6.533556
9.675111
7.275645
7.801501
9.571396
6.847442
4.587136
5.527877
4.304891
3.937617
7.005309
5.195750
5.969190
5.530762
5.807118
5.517888
5.382217
5.293014
3.492251
6.348775
4.392053
5.818331
5.422617
4.229184
-0.101118
4.122100
2.139204
0.543646
-0.496862
2.553380
3.234631
-2.805390
-1.528812
1.118758
-3.327357
0.156933
-4.404364
-4.252269
-4.393533
-4.489010
-5.390887
-1.366015
-0.519250
-5.527460
-1.723682
-2.144242
-4.669920
-3.457476
-7.015598
-4.899855
-3.012832
-8.101081
-7.790277
-6.811992
-8.255695
-4.745139
-9.321157
-9.501753
-6.930499
-5.131051
-9.611973
-9.020208
-10.446871
-9.198340
-7.411204
-8.021526
-6.721501
-9.265111
-7.201275
-11.676266
-7.761280
-12.001108
-12.131789
-8.645529
-10.195507
-8.287436
-10.421726
-10.545548
-10.084954
-10.705514
-10.627902
-7.622435
-10.913274
-9.646137
-11.525169
-11.288563
-9.691328
-7.707744
-10.512491
-9.743583
-7.056025
-12.112184
-7.200354
-7.245025
-6.389227
-8.325319
-11.885078
-8.820228
-8.753800
-10.996080
-7.905628
-8.212675
-6.668352
-9.942573
-4.668664
-7.901323
-9.499935
-7.203823
-9.177962
-9.077202
-5.714056
-3.399098
-2.781440
-3.780036
-6.857245
-1.920917
-2.922660
-4.149641
-5.398048
-3.158359
-3.809676
-3.066791
-3.630213
-0.193676
-3.040042
-2.056473
0.643175
-3.236492
-0.454846
-2.767286
1.138123
-0.766670
