1.827771
2.853499
-0.596409
0.252893
1.043976
4.620013
3.865254
1.951275
1.975323
2.787853
5.635652
4.060786
1.044387
4.487930
7.524706
2.214102
3.758033
6.847869
7.996946
3.024131
8.456063
6.099087
8.075840
6.695105
5.274544
8.907761
9.019528
9.815370
9.847545
9.538636
6.105003
7.217736
9.195109
7.909797
7.902702
11.769736
9.795294
7.545678
11.332923
10.651378
9.872782
12.045398
7.254684
7.685889
10.856259
7.356859
9.794116
7.720942
11.050713
10.409242
10.034330
7.810165
9.685504
9.008055
10.179231
8.066594
9.021431
11.642938
10.973745
9.153384
7.090449
11.320272
6.591222
7.856551
7.769120
7.908755
9.216650
9.973088
10.625917
10.174883
5.354812
9.798472
6.671325
5.994656
4.355219
5.900674
9.182671
5.231054
8.280711
4.087832
3.042380
6.543075
5.323318
3.056674
5.364783
5.527679
1.771290
1.831369
2.855633
1.524193
2.135578
5.455341
2.323209
1.441069
1.926341
-1.250235
-1.623599
-1.043852
0.050519
-2.703209
1.089741
1.592523
-2.288751
0.565160
-2.529519
-1.619152
0.516836
-1.245091
-3.693261
-3.082345
-2.858328
-4.225810
-4.764691
-6.028560
-6.604972
-4.546706
-7.296152
-4.188437
-8.490662
-5.002082
-5.539121
-6.043265
-8.539781
-6.910435
-5.242276
-6.630196
-6.096673
-6.327593
-5.483916
-9.962897
-11.190096
-8.724455
-6.043718
-7.949777
-6.002502
-9.702080
-11.183190
-7.396497
-9.027619
-9.401428
-11.144251
-10.289544
-12.151559
-8.131699
-9.771818
-12.473273
-7.088737
-8.874897
-11.476638
-12.109591
-12.049340
-9.380010
-7.619557
-12.180941
-8.397275
-7.703299
-7.932735
-11.216962
-7.538077
-12.344521
-8.573681
-10.124363
-10.598114
-8.365205
-6.809043
-7.270981
-11.330072
-9.226879
-6.368581
-8.207884
-5.239664
-5.044161
-7.374112
-7.296171
-10.046258
-6.066474
-5.028770
-6.923128
-8.484081
-4.926794
-7.505847
-3.376801
-4.738519
-2.572563
-4.861373
-1.894873
-6.554099
-5.734149
-2.022124
-1.065841
-5.085130
-2.028260
-3.526033
-3.903142
0.586483
-1.819257
-0.811674
-0.462093
-2.028922
-1.777358
