-1.280143
-0.822137
2.550941
1.341227
0.446262
-0.937500
5.011789
0.989619
2.366539
5.203620
1.646702
2.780203
3.207789
6.616540
7.269135
3.674895
4.088840
5.930796
5.906412
4.954379
4.110733
6.083922
3.723485
8.739027
6.387560
8.498353
8.168894
6.754047
8.816751
6.119171
10.687091
7.311014
9.144160
8.042480
11.131401
7.018982
10.129769
8.751730
7.680109
7.167302
12.240185
12.570280
12.371199
10.780547
8.761131
11.699572
10.463910
10.899116
9.839147
9.972558
10.290371
9.873689
12.844899
8.306088
12.520628
12.196453
8.767357
9.244606
10.958456
9.298280
8.048163
6.994273
6.411162
6.918494
5.988260
6.808707
9.262205
11.021326
9.755133
10.962168
7.473537
7.459067
10.320501
7.706972
4.875633
7.727141
6.935424
7.590613
9.052118
3.702408
4.494876
7.626345
3.845897
4.431787
7.415165
6.291999
6.824954
3.433874
4.835261
2.986899
3.480869
1.126287
3.035828
1.423881
1.018687
-1.250561
1.766657
0.430092
0.208809
-0.599356
0.265469
-0.864584
0.206208
-3.938695
-0.499723
-0.928127
-1.766214
-3.091088
-0.020215
-5.237263
-4.774324
-4.667685
-4.304972
-2.275334
-4.789013
-6.962204
-2.224783
-6.789066
-7.438899
-3.234362
-4.302678
-5.175808
-8.455306
-5.989139
-9.892610
-8.707445
-8.791832
-7.532368
-7.393512
-6.204756
-6.104261
-8.117579
-8.288713
-9.127292
-7.834087
-10.099694
-6.840690
-6.600046
-9.827925
-7.953300
-8.959725
-10.023621
-8.274095
-11.269183
-9.328321
-8.129385
-10.089489
-12.208429
-8.676743
-10.548138
-12.784410
-9.905291
-9.173150
-7.892789
-7.047610
-9.433928
-8.700376
-11.733867
-9.059435
-7.539171
-8.953586
-6.652088
-11.190608
-10.539034
-6.808927
-6.785970
-9.102660
-5.965312
-5.455779
-9.587242
-7.450793
-7.647092
-8.064572
-9.991718
-4.294305
-8.190397
-8.460499
-4.119333
-6.176030
-8.087961
-3.790102
-3.520767
-7.678268
-5.459064
-7.219285
-2.881123
-1.138218
-3.851910
-4.946309
-3.136988
-4.916441
-1.434482
-4.411479
0.383291
-0.255818
-1.780040
0.502376
-0.960177
-3.237908
0.566589
