-0.743799
-0.299741
1.740210
3.149313
4.255030
3.127821
1.624777
2.105543
3.249789
1.312490
4.744922
3.811256
4.045845
1.277593
6.987302
2.617390
7.743296
6.153799
3.043992
4.525102
3.859136
7.966289
8.089275
7.072700
4.212785
7.313318
5.811355
7.035709
9.014965
7.281382
5.489007
6.225317
6.458105
8.561660
9.333821
9.598246
8.421818
7.154297
10.433813
7.611005
6.762492
12.478717
11.540295
10.625306
7.573432
11.762428
8.255893
10.917746
9.187867
9.836344
11.388090
12.237970
10.077034
7.246165
8.038067
11.038889
11.512860
10.858593
6.674632
9.080958
12.214586
9.963326
11.155870
6.580401
7.020273
6.985434
7.653635
8.871052
9.398135
5.515345
6.318465
6.610798
4.803049
6.015234
7.925301
8.552755
4.531098
5.719607
7.154697
5.007421
4.892866
3.871287
4.733210
4.774374
3.901977
3.303329
5.441838
2.474664
3.416551
1.774381
1.459816
0.176910
3.455196
2.939476
-1.343100
1.203112
2.235225
0.039189
2.125326
1.249717
1.077442
-2.374051
1.846135
-1.793442
0.366910
-0.019481
-4.046355
-3.119916
-4.547405
-3.019745
-3.396336
-2.510913
-5.977222
-2.756554
-3.094649
-4.213726
-7.713041
-3.849649
-3.483717
-5.139446
-4.021257
-6.435785
-5.079838
-4.268337
-8.866238
-5.776363
-9.756118
-9.352694
-7.442358
-10.522411
-7.462273
-11.082996
-7.857095
-11.215438
-8.229391
-10.908623
-9.604959
-8.307554
-9.192834
-8.298845
-8.356861
-12.559476
-12.147484
-11.008039
-8.059051
-12.182063
-8.630857
-11.318725
-7.576128
-7.998260
-7.144268
-11.224600
-10.757439
-11.007747
-12.654147
-7.042689
-8.125802
-8.969315
-9.439733
-9.030041
-7.471930
-11.903140
-7.099442
-10.618311
-6.900672
-11.053025
-6.978954
-6.570860
-8.214060
-9.832017
-9.064275
-7.479273
-8.476417
-6.016002
-9.581166
-8.415390
-3.696284
-6.794154
-8.867324
-8.297102
-5.100118
-7.248002
-6.116640
-4.576958
-6.108340
-5.610790
-5.970419
-3.310006
-1.915069
-2.125389
-0.155229
-0.893083
0.752216
-0.530447
0.486322
-1.672212
-2.895899
-1.908937
-2.019648
1.152256
