1.643769
-1.297013
2.799378
-0.663620
-1.200099
1.156467
2.262573
-0.259454
2.266751
5.532589
1.564217
4.706939
2.663737
7.238056
6.692463
7.485357
5.628317
2.622415
5.978597
8.640866
7.655299
5.444566
7.671774
6.809750
7.323099
7.562117
10.275278
4.812133
10.478398
5.740137
10.769838
6.626207
8.393324
9.431949
8.466408
9.227225
8.017576
8.448145
12.085516
7.917133
8.722122
7.582354
11.538594
7.752194
10.911548
8.365379
7.922031
7.780794
8.884685
11.459375
10.962701
7.764953
11.131391
11.849483
7.468299
11.853237
9.615169
9.128235
6.944227
11.718927
10.905661
6.366026
6.621547
6.588790
9.033883
8.492553
10.085971
9.612329
10.223730
8.690080
8.171504
5.719722
6.727853
8.984345
9.978309
6.646820
9.169598
6.776816
6.982632
8.712167
4.662704
7.050458
5.071288
3.518256
4.789165
2.935617
5.312183
6.561490
4.036835
1.932882
4.483693
3.264236
4.010402
4.179962
-1.079531
-0.518281
-0.197478
1.261353
2.648742
2.801834
0.957427
1.807260
-3.615122
-1.055217
-2.464149
-0.328949
-1.914606
-1.688730
-0.643403
-5.571501
-1.878441
-4.287631
-4.347915
-5.894697
-5.296675
-7.501930
-4.303618
-3.487994
-5.494575
-5.457961
-5.735789
-6.304463
-7.397601
-7.456689
-6.552807
-7.715416
-6.162356
-9.342154
-7.459894
-7.268894
-6.482794
-7.470383
-10.304823
-10.105441
-9.781792
-6.437179
-6.811288
-12.207687
-6.940816
-8.356427
-9.322563
-10.451587
-12.503191
-10.969297
-11.600844
-10.394100
-10.718304
-12.272232
-10.804404
-11.393317
-7.762389
-9.173615
-9.411774
-7.345153
-10.798888
-9.059727
-11.929206
-12.141280
-10.139579
-11.355776
-11.298496
-7.525711
-9.210117
-10.247733
-9.843251
-8.155310
-10.961683
-9.043884
-9.403341
-10.733008
-9.802738
-5.384236
-6.295632
-5.005103
-9.282103
-5.327585
-6.665724
-9.318788
-5.970468
-4.865790
-5.593274
-4.385643
-3.253297
-5.531953
-4.492397
-6.085105
-1.122559
-5.091613
-4.154839
-3.354780
-2.240820
0.412512
-4.963678
-1.364455
1.240674
0.007330
-1.039495
-3.251818
-0.898638
2.832035
