-0.443899
-0.682438
-1.737435
0.179326
4.258239
1.092970
-0.324011
0.784817
4.712325
0.204135
6.200679
3.770492
4.364083
1.639844
1.603032
4.113653
6.731192
6.162709
8.287199
5.809761
4.879765
5.145206
7.529394
8.190127
8.445659
7.523220
9.237534
7.462033
10.399254
5.751082
8.668219
5.794963
8.041905
8.081635
6.082882
6.425902
9.534968
8.548491
8.329361
10.994682
8.848981
8.269111
10.837485
7.717445
11.104194
9.982750
10.746589
11.302836
8.396929
9.930061
12.406824
10.997777
8.692591
11.257983
9.667920
7.973096
10.784349
6.734038
10.882616
8.170328
9.836213
6.607371
6.828470
9.200185
11.672077
6.905355
7.550590
11.412682
7.565926
5.677634
7.135262
7.985817
5.952465
8.243465
8.810014
4.808402
4.474682
4.490807
6.757021
7.380312
6.329820
2.946839
3.298796
3.290211
1.655500
2.669480
2.248846
3.386547
2.160242
4.720255
3.644087
-0.047634
-0.417077
3.867310
2.863171
3.574151
-0.624054
1.534207
-0.568650
1.769854
-0.085011
0.408548
1.316363
-3.818380
-1.932180
-1.844967
0.583093
-0.352993
-3.477240
-1.029006
-2.402095
-2.880945
-5.262341
-1.709709
-3.636244
-7.015443
-3.087021
-7.415922
-8.531178
-3.145723
-8.515683
-9.264379
-8.414061
-3.962518
-8.169135
-5.937216
-5.139846
-10.282230
-6.567914
-6.028540
-10.733717
-7.908998
-8.714155
-10.741200
-6.115065
-7.587781
-7.836832
-11.649580
-10.204865
-10.543020
-11.023512
-10.808195
-8.940053
-10.144171
-7.265774
-8.976991
-11.943901
-8.433509
-11.677390
-9.358974
-12.124357
-11.467024
-10.868935
-11.544298
-9.567415
-9.780012
-12.392365
-7.774422
-12.381080
-9.416483
-10.102036
-8.303772
-11.015535
-6.338543
-11.400217
-8.611210
-5.826344
-8.814729
-10.789765
-8.264040
-7.837199
-9.679690
-6.333820
-6.947010
-5.290180
-5.602051
-4.910845
-8.813644
-5.049228
-4.190098
-2.966623
-6.865040
-5.334412
-5.880671
-3.907175
-3.154609
-4.506297
-4.879495
-5.874253
-3.418296
-1.845228
0.038027
-1.059768
0.841240
1.046179
-3.502412
-3.244111
-3.399953
0.297040
2.988867
