0.148382
0.959280
2.147621
0.263936
1.171004
0.343875
-0.133086
3.481067
0.277465
4.913738
3.064032
3.302921
1.787651
6.720767
7.267791
2.278369
3.564257
3.978625
4.899254
6.726772
6.429153
6.452404
7.072254
7.147790
10.028691
8.591465
9.590629
8.017917
10.104519
6.135880
9.132733
6.713384
6.400619
7.473046
10.371929
7.460788
9.628188
7.145457
10.271788
7.354884
7.730164
12.206698
10.726002
10.400342
11.571052
10.226670
7.942650
12.918029
8.121158
8.999001
8.347833
8.173776
11.523517
7.584808
9.704910
10.165660
10.083358
9.741561
9.372791
8.551445
9.514342
6.518997
10.742946
7.093694
8.813752
9.244995
9.706674
8.136965
9.095750
6.170977
6.564349
7.147773
10.237144
5.917582
9.622603
6.050299
5.024671
7.073766
4.042679
6.053286
6.520425
5.780272
5.020211
4.171820
2.636639
2.433089
3.184001
4.503951
4.523672
5.409367
3.878740
0.371772
2.693979
3.963057
2.819947
2.571480
0.974583
2.004032
-0.124227
2.978922
-1.109096
1.077691
-3.542620
-1.635337
1.408742
-0.239958
0.549680
-4.629933
-3.522419
-4.667169
-6.028097
-1.730657
-6.202459
-6.245634
-4.904094
-3.240013
-7.625253
-7.224747
-4.046684
-4.892096
-6.200881
-7.586327
-5.474116
-6.421482
-6.680034
-6.524149
-4.578680
-10.438582
-7.201397
-7.212509
-7.025049
-11.286424
-7.914536
-10.708000
-11.631834
-11.192321
-7.297182
-11.653890
-8.665228
-9.499577
-9.416443
-8.967408
-11.314943
-11.249713
-8.017989
-8.334853
-6.981401
-11.016432
-12.530119
-12.029993
-8.200203
-10.067554
-9.972897
-12.679329
-10.445697
-10.343442
-12.249752
-8.756588
-10.401149
-12.389239
-12.031377
-11.201614
-11.441453
-9.501629
-9.146836
-10.783208
-9.567816
-7.898079
-6.552918
-6.019383
-8.240781
-9.612258
-6.341334
-8.006850
-7.523845
-9.063891
-7.112249
-4.225894
-5.003809
-8.323985
-3.625698
-3.619887
-4.756789
-4.107528
-3.493421
-6.688598
-1.943108
-3.317520
-5.562667
-1.804014
-1.144257
-3.533556
-3.640043
-3.734961
-2.602607
-1.011670
-2.750554
0.048852
-1.758866
-2.254787
