2.367249
0.067450
3.900599
3.866473
1.918850
2.479735
1.192733
4.614263
3.894665
0.881022
5.930760
4.516183
3.907687
3.748335
6.474330
3.374720
6.272859
8.348492
2.923835
3.039249
5.523105
4.315254
7.634860
4.159582
5.039358
4.555288
6.196296
8.027152
6.115197
8.352533
6.183010
11.352700
7.774168
6.980478
7.230974
6.229261
6.201310
12.192401
8.597756
7.471211
9.605948
12.659722
9.428161
7.136506
7.513829
11.876996
12.065879
12.276396
11.780872
10.885518
11.609164
9.490544
10.679681
8.292423
11.426815
8.089450
9.841915
11.598423
6.756997
11.317564
12.236090
11.045992
11.429199
7.919898
8.843811
6.786943
5.844487
5.572190
8.210168
7.270099
6.677265
9.347774
9.980261
7.468664
8.053889
8.900830
6.216380
6.591104
3.349035
8.665472
5.831499
6.275158
7.369883
4.941775
5.308474
4.563387
3.092650
1.187493
1.809986
4.240723
3.173632
1.056400
3.247626
2.474132
-0.949162
0.688156
0.931854
-0.344035
-1.598164
-0.434526
-2.929976
-1.327795
-0.177299
-2.370485
-1.150087
0.966817
-4.011365
-1.771175
-2.038117
-4.365955
-6.212208
-6.112672
-2.264710
-4.914879
-3.447739
-2.675159
-5.104859
-8.241472
-7.860380
-6.678608
-3.162020
-4.894692
-8.606943
-7.147960
-4.483065
-7.469331
-9.343443
-6.285060
-9.635875
-9.613632
-6.684261
-9.110264
-8.872434
-11.109248
-7.020276
-9.748341
-8.649831
-9.790193
-10.088867
-8.286556
-10.073868
-9.687115
-12.467477
-8.321670
-10.545723
-10.641530
-11.743781
-9.020992
-9.678950
-9.737787
-11.010317
-12.474704
-12.495112
-9.172498
-9.842284
-7.459593
-10.277424
-8.558178
-8.060014
-8.299723
-10.219361
-8.929696
-7.256272
-8.762899
-8.131893
-10.073944
-10.920962
-9.256109
-5.529884
-5.129285
-8.584342
-6.873797
-9.925343
-8.675998
-7.952056
-8.797379
-7.242019
-3.432189
-7.784808
-7.994401
-4.946476
-3.018380
-6.225586
-2.179279
-4.695259
-3.757332
-2.190539
-3.339122
-3.516832
-3.135459
-5.717737
-1.877746
-2.860520
-2.814131
-2.408273
-0.639177
-2.422335
1.776023
0.126898
2.459296
