1.363103
-1.204824
0.823544
4.037262
2.382525
4.673962
-0.606226
2.842761
2.431021
0.493664
3.272034
3.479556
5.493237
6.728654
1.799216
3.648322
6.653259
8.347013
8.314892
8.238357
7.833214
5.061556
5.965191
5.814284
9.054449
8.111952
5.691652
7.282918
9.531167
6.184213
7.122147
8.439734
8.883926
6.701335
11.713796
7.964558
6.325779
9.677331
10.022188
8.803053
12.252868
7.560516
7.344541
9.816653
6.993438
10.810684
8.613001
7.140142
9.449787
9.761871
7.876992
8.010430
11.411834
9.963475
7.199586
9.719443
12.639701
11.495484
9.143576
10.230169
10.012566
8.432117
7.724934
8.043129
11.804847
10.132605
7.136384
10.712189
8.507420
8.938435
10.695926
5.385787
4.905678
9.699278
4.099419
4.355177
8.384738
5.262725
3.940825
5.792667
3.622464
7.368838
2.548632
6.322612
7.508100
6.197155
4.052554
2.619039
5.235933
2.232072
3.114722
2.280142
4.892110
1.460916
0.847575
-1.485907
3.341082
0.553100
3.059501
1.615404
1.231878
-0.437834
-3.051812
-1.173597
1.291810
0.048857
-4.231655
-1.572574
-1.106490
-5.965136
-3.114799
-5.188234
-5.698809
-6.682169
-6.314691
-5.128413
-5.937981
-2.962616
-7.872830
-5.533407
-9.105886
-9.352831
-8.549827
-4.033057
-7.462226
-7.295402
-5.276321
-7.703261
-6.125093
-6.307759
-11.004365
-7.528642
-6.302459
-8.283654
-11.676644
-9.879283
-7.142566
-12.273789
-9.057775
-9.525846
-8.537702
-7.729851
-12.587555
-9.881243
-10.654531
-9.415889
-7.890065
-12.152034
-11.545862
-12.424311
-7.829368
-11.765225
-8.641589
-9.467193
-7.610851
-7.471788
-7.520351
-8.264219
-7.640572
-10.218752
-7.939047
-8.405336
-8.318209
-11.836794
-10.705070
-6.471898
-11.491610
-10.877025
-6.403487
-10.939236
-6.398721
-10.345757
-9.157873
-6.686500
-9.676141
-5.707198
-6.227221
-8.219678
-5.442042
-8.587532
-6.708226
-7.778670
-5.429591
-5.818047
-3.106585
-1.810755
-4.671856
-2.419296
-4.719004
-5.799630
-2.046379
-0.960509
0.664024
0.262324
-2.862377
-2.188381
-2.347253
1.489005
-1.774543
0.318691
