0.045302
1.015844
-0.508908
-0.959683
-0.162421
0.873712
0.992842
5.481132
1.592293
4.208672
3.351884
6.617666
2.790360
1.562491
5.435688
6.739816
7.094582
3.112569
3.113270
5.498649
4.270266
6.602149
7.425948
6.788493
9.325595
5.154742
5.932682
4.872695
9.027071
5.366496
5.285473
9.638490
9.806095
7.334775
10.776171
6.916184
9.268261
9.818704
9.688487
12.174310
6.750543
8.885285
10.558187
6.995915
12.803911
8.395983
9.567502
12.678810
11.861858
9.917620
8.132451
11.405180
10.966147
8.195348
10.935514
12.589800
10.648370
9.250958
8.826467
7.675697
6.523534
8.894718
7.562698
9.785784
8.232353
9.773909
10.167371
9.405331
6.083889
6.212854
8.388246
9.205862
9.025334
8.748632
5.955865
6.237925
9.599481
7.903123
5.044548
4.803857
6.668552
5.943562
6.825664
5.015969
5.036703
3.954885
5.833951
5.479896
1.394984
5.652897
2.799238
2.668693
0.859076
4.472036
2.414734
-1.471991
3.445572
-1.776400
2.423844
1.901934
-2.706403
-0.318661
-3.268533
0.749934
-1.833929
-2.712502
-2.129973
0.038547
-0.751861
-3.114696
-3.834239
-1.143670
-4.883659
-5.872970
-6.240306
-4.703110
-7.094621
-2.597560
-6.865344
-8.520107
-7.340050
-3.409449
-4.288243
-4.381099
-9.693161
-7.709327
-8.502200
-6.186086
-10.667440
-6.950962
-10.758391
-9.666805
-7.175250
-10.721125
-8.595170
-6.215873
-7.086185
-6.852206
-9.324798
-9.965235
-7.324084
-8.709779
-7.287660
-10.930158
-8.167344
-10.159769
-9.524183
-10.319344
-12.198146
-7.294553
-9.938302
-9.216112
-11.391916
-7.016476
-11.791169
-9.898535
-8.346257
-8.310316
-7.969332
-7.480153
-7.121672
-11.174025
-8.434509
-10.258200
-7.074612
-7.763380
-10.190493
-11.227538
-9.418308
-7.264238
-8.960281
-9.631383
-7.527489
-7.529464
-8.452092
-6.026201
-7.357644
-6.663824
-4.268164
-6.719459
-4.646332
-3.942930
-2.424996
-5.050583
-6.167795
-4.573055
-2.499612
-5.588420
-5.426016
-2.546366
-0.128860
-0.383891
-1.199829
-2.275115
-3.066717
1.606830
0.154206
1.104882
-1.844612
0.885038
