0.443628
-0.681628
2.381589
2.325539
1.406918
1.258349
3.861662
4.798993
3.103474
1.788899
2.021604
5.870281
3.348062
3.755118
3.973192
4.387282
6.648551
4.304658
8.048943
8.598438
5.964574
6.733265
8.173981
7.457641
5.969688
9.676042
7.396929
10.437265
9.762991
9.776199
9.245335
9.454459
7.233076
11.442631
8.255321
8.878236
10.113988
7.608200
8.039880
7.655887
11.869017
9.915509
10.711737
8.730717
7.106223
12.374736
11.491061
8.305242
8.287639
12.365521
9.090639
9.741137
10.031610
9.776412
12.797509
8.213400
9.238005
6.828212
6.823386
11.883654
11.402532
6.804076
8.434912
9.078660
11.269376
10.734774
7.344978
10.445000
6.327194
6.027132
6.544722
5.951610
10.399128
6.376205
6.840244
8.999455
4.061344
4.641252
3.466859
6.506296
4.794854
4.017013
3.972481
7.618172
6.676763
2.324749
5.800199
3.706470
5.229345
1.833383
0.490782
2.597322
1.950625
2.485489
3.042179
-0.279335
-1.533312
1.293342
2.763139
-0.036153
2.346518
-1.760952
0.416487
-3.085829
-0.908579
-4.376265
-1.411610
-4.419383
-3.222397
-0.844997
-2.727525
-5.317709
-3.097190
-3.317026
-5.197370
-4.775445
-6.021008
-6.207961
-5.310120
-7.633272
-7.996800
-7.751426
-4.755324
-9.091231
-6.965112
-10.012508
-10.380434
-9.135588
-10.229343
-7.944491
-11.024015
-6.137436
-9.236697
-7.257645
-7.875095
-11.578829
-8.847507
-6.986055
-11.642337
-10.267984
-12.389603
-11.965144
-10.407641
-9.782775
-8.829844
-10.014034
-12.316134
-12.811765
-7.204974
-10.502267
-10.699422
-8.283965
-12.905358
-10.971318
-11.284797
-8.490838
-11.048582
-12.046622
-12.322042
-11.848199
-11.042113
-6.778603
-11.903052
-8.160942
-11.296259
-9.593370
-9.108453
-5.766793
-10.501722
-9.756588
-9.848662
-4.898535
-9.629031
-5.543672
-5.228966
-5.437445
-3.773044
-4.569632
-5.944701
-3.902547
-7.618030
-4.797891
-4.761823
-1.914024
-3.988914
-5.513833
-6.802517
-2.339704
-1.951226
-5.134799
-2.638715
-2.455437
-0.273437
-3.452227
0.882619
-2.455161
-2.133650
1.237646
-2.393256
-1.979574
