-0.799616
2.518932
-1.105725
-1.442787
3.307001
1.895491
2.139373
0.014548
2.144146
3.100579
0.615052
1.627838
5.008999
7.036326
1.600682
7.778039
5.190677
6.728785
3.405500
3.846751
6.858683
6.328575
6.394613
4.314831
9.467610
5.132651
8.547425
9.132480
9.574715
5.812103
9.480899
9.228465
6.812117
9.276353
7.979121
6.565596
8.645972
10.511855
9.254283
9.386807
8.531254
7.464537
7.841810
9.719470
8.266743
11.303218
10.789872
7.108248
12.749079
11.904337
12.767570
8.380286
11.276731
10.280630
10.136028
11.420767
8.922133
8.671313
11.034358
10.435682
11.767297
12.124428
7.668814
7.818227
6.065096
10.308665
8.513214
5.677209
7.101049
10.653364
10.758804
9.379834
10.087752
9.707668
5.550460
7.784048
7.992139
7.463026
3.955521
4.747965
5.000878
7.239340
6.281767
4.204304
7.189897
6.752999
2.675586
4.444506
2.597101
0.336626
0.736567
0.859250
2.651356
0.383814
2.296039
1.008959
1.990301
0.832693
1.573059
2.798513
-0.873227
-3.345528
1.303041
-2.140088
0.082724
-2.109870
-5.139887
-4.252122
-1.624531
-5.004561
-2.366244
-4.062245
-3.373761
-3.487557
-7.395655
-5.727334
-4.842781
-5.897972
-3.266930
-8.682569
-7.738693
-8.929910
-7.417224
-4.860261
-10.012708
-6.597457
-9.641640
-5.653251
-10.240423
-7.834198
-7.951790
-9.823973
-10.072396
-11.414102
-11.289330
-6.260487
-11.746938
-9.305020
-11.959803
-7.371062
-7.678738
-12.130778
-9.927410
-8.697531
-6.879160
-10.286927
-8.920102
-9.034506
-7.656593
-9.113540
-9.055380
-11.286654
-9.120941
-12.012577
-9.086316
-12.797465
-6.954021
-10.757339
-11.636665
-9.559416
-8.986073
-7.584800
-10.995264
-8.481836
-7.593491
-11.584508
-11.316968
-7.922062
-9.865497
-8.289420
-6.485231
-9.280621
-10.011846
-9.869839
-4.932398
-8.224408
-8.920374
-4.868711
-6.405549
-4.534362
-6.827463
-6.487356
-3.709493
-5.648333
-4.823364
-6.459136
-6.425991
-4.828062
-6.122877
-4.725663
-2.459699
-4.322620
-3.722157
-3.516189
-3.716955
1.395250
-2.977900
-1.028387
2.156610
-0.628360
