2.331894
-1.159477
2.208913
-0.210847
3.757460
2.359248
2.285795
1.160933
0.914149
5.634431
1.723577
3.224928
4.683246
2.143709
3.627377
6.597409
6.073131
6.132618
4.388403
3.999686
3.355280
8.090550
4.831672
9.224065
7.102589
4.790076
7.875027
9.139757
5.399629
9.350184
10.708091
9.587050
10.692399
11.003082
10.040366
9.328544
9.051485
10.908851
8.126683
9.016277
7.706589
7.050461
6.805438
10.454952
10.364325
9.624057
9.649540
9.824349
11.293670
12.106981
9.228379
12.912687
8.819034
11.308088
12.341205
8.619224
12.048201
9.096846
9.249747
11.336885
7.014835
10.880702
6.705701
6.586394
10.993548
10.607151
6.260178
7.303825
11.135000
10.652234
9.113631
6.261827
7.600427
4.708262
8.002106
6.762913
4.553671
4.515957
4.804018
7.658562
5.112898
2.738638
3.803853
1.951546
1.688960
5.760071
5.171735
1.752348
6.120508
5.819885
4.183148
1.413575
4.367776
2.426174
-0.907249
-0.966435
-0.614278
1.558986
1.889131
-2.851145
-0.356078
1.933705
1.995951
-3.748396
1.185969
-3.186348
-0.321162
-4.619006
-0.638083
-3.843880
-2.582599
-5.551144
-4.654965
-3.919920
-7.212105
-5.875633
-6.383368
-4.886813
-4.448373
-8.215861
-4.972158
-9.047352
-8.331584
-7.215519
-8.042477
-8.318260
-5.765619
-9.089612
-8.073878
-8.184258
-9.038299
-11.045670
-11.592156
-11.182527
-6.703291
-6.825749
-6.623175
-11.881094
-7.867747
-9.577758
-11.165165
-11.610155
-8.445587
-11.568867
-12.693256
-10.022578
-10.542508
-12.812096
-8.925250
-10.303825
-9.046527
-12.508785
-7.607521
-12.604778
-8.953115
-8.904012
-8.413783
-10.378209
-12.100653
-11.803724
-6.699709
-12.074912
-7.275109
-9.258017
-8.115119
-10.434620
-7.644872
-8.565095
-7.913508
-10.008927
-8.720547
-10.400003
-9.229072
-7.273130
-7.488089
-9.151336
-8.384741
-7.610380
-5.311038
-3.989606
-4.088056
-7.069026
-2.297895
-5.442232
-3.052759
-2.202198
-1.594305
-0.963918
-2.741733
-6.051257
-3.930992
-1.349159
0.235803
-0.890040
-3.874749
-2.215626
1.792835
1.285700
-3.220137
-2.852501
