0.763224
2.487274
-0.267665
-0.942399
2.566986
1.912970
4.019422
1.125602
2.239291
5.470929
2.154694
5.458703
5.987690
7.254996
2.046052
2.743748
2.947868
4.387403
7.618437
3.757500
4.255477
3.623820
7.607004
6.391653
4.591656
7.884377
6.261595
5.127964
5.273190
5.345526
9.590388
9.230775
7.554077
6.908900
8.244384
6.242810
8.741977
6.405891
11.689434
9.581539
7.901401
7.537586
11.469415
8.648095
11.472054
7.667198
8.945211
8.173943
12.055884
12.031275
9.812949
7.162463
9.596293
7.325405
11.703155
8.626709
9.029032
12.407447
9.409253
10.732046
7.174332
10.848329
8.565502
7.085272
8.263963
7.780630
6.820973
6.122229
9.117003
6.823744
9.600423
10.118712
8.720247
5.439433
5.217631
6.981068
4.870503
3.515140
3.639652
7.002585
7.465153
5.963609
7.193782
2.611229
5.230149
7.104159
2.391296
2.344731
4.775995
1.046297
3.912652
0.107181
4.806486
-0.905555
3.104057
3.068690
0.201560
-1.544140
-0.661943
-1.627731
-2.358307
2.252442
-2.842270
-4.015999
-2.082528
-3.294606
-1.143136
-0.293574
-0.764494
-5.334764
-1.578308
-2.997603
-1.009307
-4.666365
-2.739338
-5.022879
-3.395254
-7.041477
-5.327306
-3.282103
-8.982461
-9.208263
-8.396762
-7.076588
-7.769992
-7.915380
-7.744967
-8.679414
-6.394684
-9.358596
-8.837784
-9.667629
-11.292269
-10.078765
-10.805805
-8.787448
-7.889905
-11.570352
-10.059830
-12.261505
-9.404742
-10.491030
-6.988428
-11.449372
-9.976962
-7.262765
-12.074031
-9.391718
-10.948120
-11.731921
-10.305929
-10.167979
-10.712537
-9.212835
-9.556790
-9.456533
-7.317188
-9.510208
-12.461837
-12.037874
-10.774228
-11.100342
-9.889109
-8.538352
-10.406084
-7.239282
-10.714589
-7.751197
-10.458190
-6.982569
-9.181662
-9.014647
-5.266855
-6.735408
-5.174283
-7.730546
-7.334262
-8.021083
-8.016090
-5.729516
-5.651834
-6.687541
-2.186655
-6.763524
-4.699705
-4.306194
-1.152575
-4.683127
-3.916215
-4.673380
-0.784954
-3.544376
-1.529725
-3.932440
-3.397875
-2.289707
-0.217111
-1.240582
-0.026414
-1.527001
