-1.002757
0.822893
2.496509
3.043566
1.702668
2.992899
0.062018
0.625426
4.437562
5.242446
2.099623
3.501599
2.824914
7.130283
4.191395
6.999056
3.888572
7.576798
5.134029
7.218587
3.168716
5.295987
4.455874
9.142778
8.368705
8.153405
8.831669
4.768600
9.325321
5.275948
10.212685
6.147151
7.731172
6.330142
10.600456
7.250705
10.988765
9.357815
7.674801
6.823777
10.283640
11.620141
7.971490
6.976635
9.677036
10.376484
10.433042
9.636486
8.732768
12.523935
11.508391
11.067982
11.094317
11.773763
8.463512
10.378608
11.666496
10.621734
10.101163
6.632095
7.905149
10.072305
9.619704
7.452402
6.401480
8.565295
6.216944
7.644118
8.675203
7.683977
5.958758
7.060737
9.519330
6.919946
9.181992
6.089747
5.236695
7.655264
6.800323
7.289311
3.026124
7.611720
7.391005
5.093616
2.196147
1.583712
4.421760
2.440050
4.504280
2.367982
0.621843
2.066006
4.050301
3.746397
1.289246
2.734154
-1.237803
-1.924765
-0.681620
2.406854
-0.588820
0.056038
-1.663417
0.951912
-0.960428
-1.529764
-2.432488
-0.773190
-1.192605
-3.750275
-1.594125
-5.776118
-5.400273
-3.314043
-2.718270
-7.748503
-2.703532
-6.057004
-4.754968
-5.534579
-3.266639
-9.112596
-6.378311
-5.775272
-4.549359
-7.288934
-5.422227
-5.187876
-7.219043
-5.239393
-10.125422
-9.412364
-9.327745
-7.546313
-7.714354
-11.148755
-7.814126
-11.640810
-12.085791
-10.638106
-11.912539
-10.337562
-12.102769
-10.233757
-11.862219
-12.293221
-11.830267
-9.241049
-12.069486
-9.554519
-11.876050
-8.580345
-10.683225
-11.499164
-7.062429
-10.035786
-10.968908
-8.897767
-7.837366
-9.883149
-11.766387
-11.692634
-7.020449
-9.432280
-8.519048
-11.324684
-7.176410
-9.097675
-10.537778
-5.631973
-9.638351
-7.542801
-5.315862
-4.714764
-9.956927
-9.598314
-8.908228
-6.083694
-8.052277
-5.509651
-4.503043
-2.367572
-6.597640
-2.884852
-1.574453
-2.426602
-5.072745
-4.620348
-2.684302
-1.585093
-4.489051
-2.912806
-4.033181
-1.608680
-1.869762
1.580696
1.173594
-1.332861
-0.650729
-1.685797
