3.270034
-0.456117
-1.348520
-0.106400
1.025222
1.949760
0.243880
1.137635
1.635591
0.680027
3.999371
4.544294
2.159528
5.748186
4.704809
2.741159
5.638737
3.574481
7.189251
7.338147
8.397245
9.350764
7.799401
5.793770
9.981440
8.779036
10.035290
8.587958
6.165938
5.348912
5.619191
6.704496
6.152758
6.366052
6.429747
9.376347
6.350956
7.523608
12.244213
8.281444
12.476814
8.189222
7.460583
12.679317
7.300002
10.155083
7.510294
9.048863
11.258398
12.307672
9.860038
10.464714
7.836272
10.189464
9.251011
10.001312
11.897077
8.218340
8.689172
8.582790
7.339262
7.139474
9.868296
11.059226
7.799822
6.558145
7.336778
10.809314
10.151082
7.305169
7.055202
6.676116
7.908330
6.698033
7.598618
9.209634
9.481231
7.753907
7.176370
8.613359
5.819055
7.722776
4.116069
4.171277
2.146071
5.608760
3.141729
6.020296
5.656524
1.810768
3.005899
2.095678
2.789571
-0.347570
4.512166
2.076314
1.608385
2.950477
1.710503
-1.396207
0.092735
-2.246696
-0.174517
0.530885
-1.976602
-3.426737
-1.261935
-4.269553
-2.667209
-1.268031
-0.589222
-2.009697
-4.657258
-3.272919
-2.137315
-2.014090
-5.632602
-8.068976
-4.806552
-8.044455
-5.413381
-4.713999
-6.435118
-6.424622
-5.367715
-4.694341
-6.721198
-8.238435
-7.899548
-6.260393
-8.365708
-8.892044
-6.395273
-9.567304
-9.840241
-6.671480
-8.210628
-10.517846
-6.623754
-11.088795
-7.865687
-12.575821
-10.471232
-10.218392
-12.105750
-8.481932
-8.125732
-8.337570
-11.757179
-11.889014
-9.441390
-7.480476
-7.345515
-10.934201
-7.068096
-9.527982
-8.509358
-10.256623
-9.974468
-11.349247
-10.973787
-8.585299
-7.492888
-6.387749
-10.395794
-10.588418
-10.640276
-7.198277
-7.565585
-10.772028
-6.894319
-9.713741
-6.216580
-4.554883
-9.996050
-5.532252
-7.964621
-6.157832
-7.741629
-5.985040
-4.635607
-2.825700
-5.742060
-5.372323
-6.283340
-2.373072
-6.963976
-3.511369
-6.330267
-3.105755
-0.640739
-2.584476
-0.201096
-2.891846
-0.170881
1.595961
0.045453
-2.178692
-2.561625
0.467840
