-0.271033
-1.344510
-0.204968
2.090947
1.077982
1.499384
2.507667
5.199544
3.443606
1.584132
5.932411
1.523950
6.964191
6.149885
3.082306
5.532599
5.765273
5.791666
4.516584
8.429032
5.361400
3.512185
6.861441
6.977997
8.528786
6.979356
5.120355
6.701676
10.338802
6.415608
9.956250
5.850520
10.695063
9.097988
7.616532
10.323579
8.531048
8.406986
11.598691
11.238446
9.882291
7.822026
9.853771
7.587800
8.836583
7.554995
10.630429
7.330760
10.776034
11.877393
9.876035
9.326211
6.971250
11.692021
9.312928
11.856125
8.050529
8.080363
7.012805
7.574124
11.547523
9.929576
8.459881
8.397891
6.626517
9.625302
6.905659
8.471563
6.848607
10.682794
9.224192
6.787728
7.041361
4.812779
9.886039
9.507142
8.470756
3.793931
7.447855
8.210469
3.967908
4.303502
7.463502
3.951595
5.693623
5.977150
6.475858
0.686561
0.691861
1.971759
5.762235
2.596283
3.183955
2.553820
2.985852
3.876828
-0.090754
-1.032719
0.854735
2.359382
-2.300863
-0.585069
-1.684679
-0.008693
0.585261
-1.155488
-1.360733
-4.113944
0.035858
-0.468945
-2.317935
-6.459142
-1.209315
-4.719482
-6.342354
-7.142939
-4.684984
-5.967469
-3.732658
-4.882062
-7.162338
-5.908505
-7.715616
-4.367783
-7.428986
-10.015051
-7.184875
-7.279478
-7.478763
-7.416486
-11.122166
-11.115877
-10.187839
-6.565981
-9.568798
-10.250743
-9.889426
-8.531332
-8.275119
-10.961439
-12.326222
-10.333125
-11.979177
-11.053437
-10.192604
-9.980238
-9.393758
-8.878517
-12.090786
-10.999943
-8.426022
-10.536480
-9.872690
-10.188885
-7.936006
-7.408746
-11.864112
-8.612343
-11.799882
-9.794936
-11.642824
-8.917751
-7.709855
-8.159948
-10.450377
-7.084544
-9.987410
-10.447826
-7.253883
-8.989051
-9.753816
-8.538253
-4.702149
-8.888148
-9.352812
-9.751086
-8.727198
-5.145737
-8.303248
-4.960303
-6.818619
-4.149385
-7.146801
-7.512211
-2.528715
-6.168738
-4.835660
-3.922910
-5.858178
-4.223240
-0.474797
-2.531335
-5.168198
-2.234047
-3.953492
-1.448006
2.006045
0.593989
0.791878
-2.190824
