-0.894575
2.235831
3.843320
2.507848
2.052037
0.380591
3.950122
1.647186
5.628197
3.302276
4.376621
5.531616
3.842830
4.877316
5.173038
1.844124
7.545684
3.178608
3.811669
4.855980
8.004858
5.087446
8.389716
8.087144
4.500135
7.189078
9.996291
9.945922
7.957003
6.743308
7.759458
6.119061
9.454093
6.888676
7.388725
8.059320
6.290390
6.733708
12.251857
12.331807
7.754516
6.728709
12.429520
8.222695
7.067970
8.550507
11.105561
11.848659
8.293004
7.972054
8.615424
7.980610
8.112202
9.290667
7.175464
8.858956
11.970024
11.480026
9.362256
7.224709
8.639332
9.263112
7.602411
9.212558
10.334834
8.424736
8.449910
6.823352
10.829204
8.874235
6.729760
5.207753
6.784460
4.307927
6.785072
9.135746
6.178926
7.940960
7.202166
7.071766
6.206911
3.905926
6.789113
4.359370
6.184774
4.641104
2.093565
6.080985
3.389176
2.690577
0.110885
0.455953
-0.241622
-0.612482
4.424111
4.201891
0.849214
-2.185451
1.290102
-1.996656
1.167920
-1.837327
-3.473005
0.841345
-3.786084
-1.833211
-3.055627
-5.426392
-0.683455
-2.333152
-1.308054
-3.947477
-1.597959
-2.394022
-3.017954
-5.403593
-3.318590
-8.083434
-7.217221
-3.190666
-3.206106
-8.804111
-4.288109
-6.703778
-7.274676
-9.736575
-8.265036
-5.646977
-5.068916
-5.720715
-8.738873
-10.375649
-10.539578
-9.942024
-7.096634
-7.800972
-9.232344
-8.184287
-10.679955
-9.916394
-9.288408
-9.956293
-7.073993
-7.196654
-12.113230
-11.544588
-11.864977
-7.310560
-8.586856
-11.794364
-11.426957
-8.773693
-12.001170
-12.099842
-8.471049
-7.307165
-8.122344
-9.291841
-11.209190
-11.853448
-11.045380
-11.752107
-7.831699
-11.461182
-6.013805
-10.414494
-8.707080
-7.701767
-6.824236
-9.894599
-7.151314
-7.897535
-7.428478
-7.250026
-4.104112
-7.388431
-8.394179
-9.356254
-5.005883
-8.056486
-5.554439
-5.254251
-6.623292
-4.314085
-5.582322
-1.832230
-1.460620
-6.533556
-5.695328
-5.016518
-5.720974
-4.475398
-1.420562
-3.104982
-2.943069
-0.986076
-2.117557
-3.022852
-0.306797
1.446671
