-1.879980
-0.372079
0.763243
1.467325
3.351988
1.905166
1.940755
3.471517
0.501744
1.666621
5.150366
3.232607
2.916119
2.775291
3.883202
4.322582
7.725265
6.183389
4.465418
8.185733
7.532235
8.056907
7.496110
8.795308
4.902378
10.253010
6.718827
9.138170
4.913565
5.198568
9.721616
6.277079
7.679978
9.114145
11.423921
10.232495
11.870771
11.645855
7.516997
10.928022
10.933627
7.817122
9.590630
11.166665
12.296371
7.696907
9.765675
11.700838
10.552874
10.173608
7.507848
10.112996
8.953019
11.210165
7.955803
9.435056
8.846829
12.178808
7.921069
11.012360
11.108514
7.471235
11.177772
6.556346
11.629780
11.708018
6.565724
8.331188
8.777031
8.969999
5.836519
10.459671
5.117846
7.124896
5.401055
9.522358
3.852435
4.748410
5.869436
5.709595
6.441320
4.929769
7.336455
6.702256
6.233585
1.513462
5.184352
3.405107
3.129010
4.657197
2.581161
-0.308812
1.471737
2.451319
3.598670
0.096390
-0.408621
0.350723
1.584432
-0.748585
1.171466
2.123662
-0.224169
0.034063
-3.752533
-0.194049
-1.543582
-1.355093
-3.024251
-5.174107
-3.551685
-4.625657
-4.666160
-4.374554
-2.231380
-7.529962
-3.454047
-5.189464
-5.374942
-4.176924
-5.085832
-7.480872
-5.387629
-7.938243
-9.851696
-7.360612
-5.457755
-8.135175
-6.934005
-9.983528
-9.852286
-7.542801
-7.268596
-7.920430
-11.541957
-11.801241
-9.608433
-7.017919
-10.260722
-10.485695
-8.979194
-9.120832
-12.730471
-10.898719
-11.692269
-9.179836
-9.498520
-7.647721
-12.911807
-9.157535
-9.326505
-12.346367
-7.823845
-8.426865
-7.229770
-9.719249
-11.706353
-10.341859
-12.583327
-8.070684
-10.669018
-6.731076
-8.128273
-6.399719
-6.139085
-7.733284
-10.100087
-10.860174
-10.030156
-10.777143
-8.345039
-6.363939
-6.007780
-7.729300
-4.383136
-7.200934
-6.428320
-5.376729
-3.912761
-8.321418
-7.478369
-3.329967
-4.008243
-2.551043
-3.676641
-2.538806
-2.266042
-4.607152
-2.514708
-2.532367
-5.155316
-2.217637
-5.101975
-2.585360
1.015668
-1.282680
-3.886866
2.211215
-2.193209
0.795112
