-2.044445
2.369476
2.632556
0.601439
1.604350
3.990040
1.865559
3.204397
2.909625
3.960448
5.206308
2.502125
5.025367
4.515960
6.500194
3.693725
7.054889
3.175949
3.994234
6.789937
3.591293
5.395546
7.072418
3.849331
7.515091
7.269857
9.753846
8.506405
9.696243
10.219241
5.437810
10.860452
7.602031
10.166931
7.317035
9.296488
10.587389
10.640481
11.599429
6.513313
11.229026
10.330603
12.511459
10.236189
8.848895
7.223677
11.027139
12.214876
12.812961
7.197930
12.002944
10.382665
10.167147
8.481453
9.216804
7.161436
7.560882
9.596582
9.918097
9.433318
10.849578
11.725503
7.031885
8.040718
8.692073
8.952833
10.340466
10.020644
9.250933
8.868272
9.238786
7.362730
5.982224
5.963035
9.409025
4.528834
6.290590
5.872065
6.063784
5.619861
6.542710
3.345912
5.996345
4.314126
6.332553
5.353389
2.475124
4.437625
0.757641
4.440090
0.977706
5.226956
4.591799
-0.510066
1.169985
0.399713
3.478912
1.085426
-1.896953
-2.824313
2.344648
-2.834662
1.106528
-3.475387
1.276517
-4.761988
0.620072
-1.367930
-3.067284
-0.720039
-3.291662
-1.669235
-3.218149
-2.315735
-4.622104
-3.409706
-2.775633
-3.659721
-6.338491
-5.437905
-8.043702
-4.706279
-7.667577
-9.480479
-7.096037
-4.463762
-10.295279
-7.560373
-6.598582
-6.204762
-6.192739
-10.219723
-10.874755
-7.408283
-8.166295
-8.412528
-7.576515
-8.800961
-10.608126
-10.266557
-11.900225
-8.072604
-9.760792
-7.200203
-8.260335
-8.900097
-8.299343
-7.963370
-12.542928
-12.533892
-9.002486
-10.085650
-7.131885
-10.319164
-6.955727
-12.408259
-7.485994
-10.783466
-9.212921
-9.654847
-8.617968
-10.463742
-7.516221
-7.117575
-6.906688
-6.195650
-8.442488
-6.740700
-9.532274
-6.453078
-7.416189
-4.805837
-7.419664
-5.580422
-8.758051
-6.272443
-9.336243
-6.905268
-3.692704
-5.382326
-3.292437
-2.577421
-4.994791
-4.003121
-3.793088
-6.342149
-4.882993
-3.604021
-5.614781
-1.068138
-5.717940
0.422001
-0.795297
-0.302324
0.748040
-4.201010
0.241911
0.270031
-0.568875
-1.933608
