0.366289
-1.008748
-2.031099
4.095129
0.541017
3.839591
1.705589
0.106729
1.245980
2.880788
3.021070
6.445186
1.309796
5.863004
4.201139
2.214781
2.393358
4.586728
2.708095
5.928930
5.277987
9.040044
5.299593
8.605544
9.719018
6.270501
6.179313
5.832524
8.329856
8.132452
10.505782
5.907905
9.176649
11.092433
8.738690
11.287895
10.395320
8.113816
8.529308
7.439013
10.759841
10.750401
9.961954
11.394144
10.934892
8.522643
7.546524
8.519558
7.720603
11.428576
11.984659
9.074462
7.915262
10.906586
10.475224
10.403670
8.699502
11.948449
6.813718
9.613396
11.973119
6.749210
8.966939
7.313931
8.261749
8.057352
8.690470
8.833701
7.936421
5.585068
6.531265
10.690958
7.588164
6.700551
6.399169
3.948689
9.197258
7.179410
4.171878
5.771197
3.262942
4.447001
7.883222
3.931507
4.448847
6.290018
2.013297
5.267770
2.173966
5.089952
-0.004014
2.765382
1.340443
-0.157327
3.246298
3.622434
-2.044786
-1.138141
0.340235
0.518741
-2.601805
-2.819988
1.976934
-0.732128
-4.459585
-3.746266
-4.247353
-4.923691
-4.680372
-1.529732
-1.014446
-1.520550
-4.695736
-2.141970
-3.975840
-5.638634
-2.685999
-3.766611
-7.153251
-4.020254
-4.714354
-3.772999
-5.016038
-9.504230
-6.496519
-8.038271
-6.006894
-10.211237
-8.857445
-9.799907
-7.629967
-8.477112
-8.656707
-10.724449
-6.328220
-7.878479
-11.986694
-10.698628
-8.131540
-10.426146
-10.834178
-10.055717
-9.699289
-12.430319
-11.451128
-7.313026
-8.533698
-9.267882
-12.436735
-8.761761
-7.293257
-7.949317
-10.788386
-12.368174
-7.844950
-9.496254
-9.840214
-7.103454
-10.007055
-10.455640
-6.663625
-9.829459
-11.064757
-8.927366
-9.312069
-9.090273
-7.327667
-7.070880
-11.046130
-9.506443
-5.981216
-5.604535
-8.077182
-7.973770
-4.987232
-6.399443
-6.371659
-7.956644
-3.275917
-7.904304
-5.571059
-2.858183
-4.861067
-5.130863
-5.602790
-1.476214
-5.625479
-0.917609
-1.773953
-5.243428
-5.099260
-1.614382
-2.329961
0.337599
-2.425367
-1.534518
-2.920254
-1.638948
0.839567
-2.851084
