-0.489560
-2.227552
-1.380541
0.016131
-1.143891
-0.091972
3.514949
2.222796
3.865738
4.002708
0.720010
3.851281
4.436331
1.340692
4.166176
7.795287
7.999404
6.888908
8.182636
8.536103
5.139408
5.241845
7.037269
7.985511
6.761926
6.888542
6.970587
10.524597
5.108116
6.940974
7.757979
7.409053
9.537978
7.572717
11.782511
8.275586
9.394823
11.579089
6.546596
7.305133
8.524645
6.705132
12.315705
12.138703
9.297876
7.616292
9.608097
8.233714
10.674880
12.801057
8.357226
7.218200
11.779028
9.787880
11.810905
11.613034
8.553865
11.626741
8.886121
9.868873
9.079887
7.143007
10.079186
7.617188
9.985656
7.524137
9.575407
6.106100
5.884459
7.114662
8.718953
7.457056
7.701401
4.869303
6.529567
6.874052
7.426285
4.273909
6.662661
5.662961
5.954226
7.549531
5.644101
3.924402
4.833072
6.242800
3.844781
4.074483
6.212034
0.275746
5.049564
0.112068
0.239149
3.354306
2.412106
1.596277
-0.848581
0.414320
0.349433
-2.607691
0.099644
-1.763732
-3.607697
-1.210080
-2.961558
-1.768646
-2.905518
0.091051
-4.945009
-0.361783
-2.544525
-3.718720
-2.075699
-4.485912
-2.045323
-2.861220
-3.247577
-4.375854
-3.592054
-3.642358
-3.534459
-8.891573
-9.571663
-8.998993
-8.797438
-6.914199
-9.944859
-8.574735
-9.709287
-7.862454
-11.114995
-10.730859
-9.789267
-5.781829
-9.253739
-8.919566
-6.482076
-11.895047
-7.656467
-6.822275
-7.453664
-7.287428
-11.876726
-9.229051
-9.117657
-10.557546
-10.555018
-7.651955
-11.463676
-10.077296
-8.279203
-10.782661
-8.175175
-11.900233
-8.187091
-8.459643
-11.379011
-12.629903
-6.628308
-10.281730
-7.776190
-8.970339
-9.250339
-8.967828
-9.269112
-8.738160
-5.819249
-11.161924
-10.203595
-8.414790
-8.054711
-6.659898
-9.404259
-6.754417
-7.034367
-5.393127
-5.887039
-7.976965
-3.655986
-3.585032
-2.805981
-8.207098
-6.542152
-2.247628
-1.880494
-3.325766
-6.401171
-6.245629
-0.738090
-1.630552
-1.096632
-4.557524
-3.427364
-2.731654
1.422949
-2.160064
1.095567
-2.789191
-0.350624
-2.432999
