0.470418
1.930211
2.325528
-1.077411
-1.249011
-0.310052
0.369513
0.254934
2.921642
5.955817
3.416588
1.630463
3.943487
3.448603
6.307353
4.463451
4.299606
6.855544
2.956886
5.168627
4.752482
4.552378
8.272507
5.177917
8.565462
8.319010
5.293912
7.169716
5.804233
9.179673
10.329344
9.493727
8.688104
6.738688
9.963534
11.276771
12.106179
7.706396
10.915019
7.971993
10.817376
12.674539
11.345615
11.237307
10.551789
10.285465
7.551839
11.878769
7.478150
7.199081
7.196776
9.793627
11.871526
12.640377
7.245365
12.012473
12.088012
11.682851
7.037855
7.974630
6.589953
8.577469
8.740782
7.078861
9.498979
9.946651
9.403635
6.648414
9.218052
6.547963
8.205010
9.378245
5.082403
6.837998
6.275151
3.933021
8.780646
8.280505
7.254743
8.361794
8.006875
7.982215
7.536011
4.650080
4.963819
1.606154
2.198819
3.082683
6.028959
5.288346
3.505916
2.594923
2.235992
-0.740844
3.531191
2.398025
3.588494
2.436068
-2.295254
2.911569
-0.465371
1.124214
1.055526
-3.962471
1.390848
0.477680
-1.401136
-3.277071
-4.391840
-0.165620
-1.009038
-3.405403
-2.576255
-5.847049
-5.301593
-2.577748
-5.256264
-6.036779
-5.993017
-3.100914
-3.326475
-4.368163
-7.099405
-5.476116
-4.684873
-9.810086
-8.678827
-9.820201
-5.356870
-7.450698
-6.181897
-7.244680
-9.724841
-5.972924
-10.548125
-9.945934
-7.158980
-6.451347
-8.378514
-10.408855
-9.549133
-11.201321
-7.168295
-9.844839
-8.926182
-12.795685
-8.816919
-9.959450
-10.375822
-10.059246
-7.259558
-12.114114
-12.299637
-6.953365
-12.581339
-11.237529
-8.441032
-10.340511
-11.658113
-8.538551
-11.630710
-9.181170
-9.594205
-7.902837
-10.074550
-10.750810
-6.451706
-9.034493
-8.752185
-7.408182
-7.178957
-5.633571
-9.082811
-9.408114
-4.415597
-8.605385
-5.677902
-4.890008
-7.159490
-7.747354
-8.258431
-8.188939
-3.042929
-5.605139
-5.955694
-5.112516
-3.103323
-0.994739
-5.563456
-3.107384
-2.462297
-1.964033
-3.319859
0.741739
-3.049574
-2.497669
-1.835041
1.937878
-2.656370
-0.946806
