0.124975
-0.568716
-1.596912
-0.292566
0.617774
2.024139
0.615267
1.829288
4.378090
0.888046
0.732228
4.568700
4.575141
4.290838
2.104131
4.043476
6.209480
6.109900
6.404940
8.568605
5.618794
5.792608
9.298644
4.633535
6.712506
8.244298
7.934522
6.411251
4.970445
8.673448
10.114911
8.993853
5.727638
8.276311
6.658107
6.863979
8.466717
8.114905
9.486993
8.584063
7.638441
8.702784
9.490771
12.460721
10.082072
8.426977
12.535559
11.752905
10.717367
8.265105
10.540799
10.641738
11.951724
11.325964
12.521264
10.464664
8.676230
12.311231
10.455494
8.439170
7.075664
10.848077
10.173406
11.136895
7.381913
11.412407
8.163177
11.331966
10.093836
10.841115
10.327672
6.085325
7.796184
7.450977
8.876682
9.150249
4.388544
5.186049
6.486472
3.619995
3.530152
6.119403
3.115014
5.896845
3.987771
4.866231
2.725544
4.093652
3.314179
0.361359
5.754541
-0.083641
3.040098
4.641888
-0.814311
3.168366
3.227429
3.087309
2.463402
1.603475
-1.158160
0.565497
1.234582
-0.910823
0.972496
-3.644053
-3.599559
-5.270619
-1.166235
-4.156517
-1.711982
-5.883230
-1.261988
-3.713551
-2.404200
-6.025352
-3.526671
-7.491140
-6.631947
-4.038732
-4.125460
-3.584743
-9.141258
-9.402258
-4.688044
-7.463647
-6.728043
-7.778852
-9.687877
-8.623801
-10.098957
-6.293364
-7.590629
-6.404762
-10.176484
-11.727621
-7.558857
-9.035903
-7.637180
-9.849609
-10.776963
-10.117536
-11.489176
-10.446665
-12.045635
-10.527779
-12.515196
-12.644161
-10.356406
-9.097780
-9.807310
-11.402842
-9.920340
-11.532294
-10.669115
-8.698221
-9.947616
-12.257352
-10.145347
-11.732596
-8.233961
-7.174590
-6.330867
-9.601613
-6.842290
-9.125897
-11.271680
-7.164761
-8.906592
-10.024848
-7.196160
-4.725299
-4.556503
-8.593258
-6.310875
-4.298571
-4.702369
-4.647011
-4.564288
-8.217819
-3.786136
-7.783227
-2.612099
-3.182431
-4.554847
-2.149651
-3.843216
-6.422638
-5.189889
-4.184582
-1.262741
0.203050
-1.960755
-4.263271
-1.588271
-2.859352
1.834994
-1.420509
-1.990842
2.345866
