-1.199841
-0.831422
0.659086
0.957482
1.795967
3.906950
3.938953
2.167332
3.709726
4.309463
0.934938
1.220992
6.603052
6.728921
2.660451
2.347209
3.853509
5.126044
5.128879
7.625856
4.219006
6.033137
6.305318
5.309196
7.881815
9.143875
9.919790
4.990577
6.584572
7.066955
6.662534
7.301486
10.910717
7.862388
10.391164
11.333750
6.452308
8.794488
12.383289
8.331229
12.249731
10.391573
9.356708
12.262866
8.288816
9.434108
9.184054
11.581962
7.944472
9.160799
7.908566
7.651840
10.895026
11.141426
10.599537
7.859360
12.103982
7.125489
6.954420
10.445798
9.045973
10.781262
10.125707
6.399712
7.535788
10.461142
10.418703
7.328175
11.064471
10.375697
10.643048
7.631602
7.585428
4.429375
8.751934
5.218295
5.601491
6.969627
6.068261
8.777841
4.862638
4.477764
3.736152
5.731385
5.577885
1.416821
5.810139
6.572467
3.195962
4.890325
5.158051
1.609598
5.097091
4.359473
-0.877748
2.282585
-0.093287
-1.744051
1.937786
-0.066803
-0.387061
-3.194375
-3.410851
0.709018
-4.103586
-0.685753
-2.843487
0.229917
-0.216687
-2.905383
-4.536774
-2.493661
-1.641199
-3.666606
-6.913739
-3.476560
-4.036876
-4.510842
-8.273097
-6.405428
-5.760535
-7.898888
-5.342532
-3.929539
-8.837793
-7.546641
-9.508954
-10.275906
-7.126441
-6.797483
-10.023993
-8.476225
-10.223475
-6.924297
-11.325928
-6.813749
-8.358823
-9.453505
-8.384016
-11.042134
-7.250771
-12.206178
-8.328230
-8.429208
-10.574176
-9.543331
-7.692633
-10.259710
-7.675768
-11.379082
-12.137606
-10.243551
-11.957160
-8.993741
-11.045297
-9.704045
-7.414440
-7.175076
-6.932794
-7.655404
-11.138347
-10.304931
-8.145266
-10.187585
-8.977392
-6.750594
-7.724110
-9.167438
-7.694464
-6.869492
-7.203391
-10.603930
-4.620641
-7.104884
-9.325013
-4.275675
-4.017120
-4.717823
-5.034104
-7.200429
-8.523193
-2.887362
-4.318877
-3.834486
-7.537499
-3.163904
-3.990886
-1.675872
-3.159926
-3.612912
0.096640
-2.131315
-2.980718
0.959571
-3.126976
-0.646256
1.154024
1.518994
-2.389099
0.112215
