-0.202454
2.445727
3.047088
-0.668973
4.270414
-0.390361
1.097333
1.118995
3.422662
2.666562
1.919344
3.213474
6.929480
2.026753
5.452483
7.157994
7.416624
4.218974
5.078646
6.464097
4.107564
6.560583
8.526113
7.482193
9.710528
7.953857
7.674359
10.141096
4.907244
7.657517
10.985866
8.926797
8.851287
6.089901
9.009099
8.892887
12.163317
10.807925
7.498140
7.647672
10.011994
12.262810
9.355779
7.849136
8.366194
8.724376
10.106135
7.247836
9.823533
10.119327
11.308003
12.906284
11.832301
7.402382
11.075445
8.792061
7.210368
6.751856
12.072684
11.008398
10.304524
11.763465
10.451720
8.356468
11.794320
7.251061
7.716799
9.444204
9.712240
6.994061
6.750753
9.653274
4.755901
9.590368
8.791129
5.334801
9.126442
5.027649
8.609020
6.485662
3.252482
6.563317
3.022109
4.541319
7.346341
5.307771
4.486076
5.368076
4.539057
5.499917
2.781856
4.307747
-0.333985
4.400568
3.403226
0.467414
0.675898
-2.092754
3.293887
-1.212930
0.788509
-2.708569
-1.965073
-2.484462
-2.627337
-4.105709
-0.586823
-1.841258
-0.784404
-1.541904
-1.561367
-5.194660
-2.406007
-6.514878
-1.970103
-5.664542
-3.015096
-4.364528
-7.310567
-7.810303
-4.084107
-7.630994
-4.193763
-4.799256
-9.156667
-6.633936
-10.498035
-5.262217
-5.978658
-5.833791
-10.186080
-8.388006
-10.758865
-9.278881
-9.562514
-6.520889
-8.874522
-7.772502
-11.293954
-10.757053
-10.194966
-7.920740
-8.527581
-8.946991
-11.626863
-11.011498
-12.649361
-10.507463
-8.660872
-12.148635
-8.059667
-9.695569
-12.890566
-7.615401
-9.096743
-9.517978
-8.242217
-8.127279
-12.473751
-9.057024
-12.366426
-8.043050
-10.219830
-10.399112
-11.498844
-11.137784
-7.271958
-9.654738
-7.360073
-10.197416
-7.752564
-6.458613
-8.141529
-4.746833
-6.155482
-6.592940
-6.298333
-5.594905
-5.746384
-5.268621
-2.980316
-7.528840
-4.136546
-2.328381
-3.488501
-3.349973
-1.002793
-0.989594
-4.533108
-4.944053
-4.226889
0.325119
-3.643698
-1.891429
-0.311144
-0.210588
-3.645729
-3.529316
-0.666191
-0.231551
