-2.481943
1.746718
2.192927
2.017020
2.929788
0.489292
1.084874
3.939394
2.564141
4.836566
3.792690
1.810643
3.461275
2.899080
4.235208
5.009247
5.408723
6.643744
3.259888
6.271832
6.304620
5.069112
6.721283
9.716832
4.109054
6.082384
5.522706
5.458800
7.446341
10.256152
8.178132
6.869911
6.884296
7.719581
9.610089
8.352971
10.163220
11.707982
8.752417
9.078672
10.918886
6.994896
9.859238
8.195647
7.838580
8.169567
10.848661
11.587857
10.433653
10.646641
7.864801
9.400872
8.365799
9.675903
7.810475
9.172956
10.654622
12.059723
10.351238
6.919596
10.617529
9.451533
7.357979
11.063366
6.393576
8.089474
11.511062
11.168134
10.601936
10.419558
6.021420
9.573854
7.773654
9.024758
9.755876
5.214285
7.907110
8.060882
5.456597
8.341912
7.581010
4.047859
6.125668
6.634677
7.421591
4.401428
6.222094
3.641491
3.394067
1.637674
4.031233
3.112731
3.589456
3.637958
0.125445
-0.129154
-0.367333
-1.005447
-1.079873
-1.179397
-0.455245
-3.317645
-2.757701
-3.892615
-0.327570
-3.034208
-5.082773
-4.345941
-4.987688
-5.073506
-5.775620
-1.076413
-3.946813
-2.108100
-2.875551
-5.623410
-6.414246
-5.242937
-2.643615
-7.618956
-8.567725
-9.040499
-5.218471
-7.288687
-4.899208
-6.341603
-6.016937
-7.047972
-8.257597
-8.970493
-6.316516
-8.563757
-7.683291
-6.303835
-7.951945
-10.565323
-10.534331
-6.907511
-8.044697
-9.470908
-8.582510
-12.586648
-6.977927
-7.845579
-8.829465
-9.593152
-7.226023
-12.256523
-9.525856
-10.328681
-7.704190
-12.577774
-7.990330
-11.189534
-9.747528
-10.223746
-12.553009
-12.502432
-8.252511
-7.623971
-12.101035
-12.143697
-8.989891
-6.945006
-8.772059
-11.052152
-9.070950
-10.462782
-8.315460
-10.712827
-10.803994
-5.861855
-7.103942
-8.368288
-9.961034
-7.160627
-7.381644
-6.605643
-3.714059
-5.919788
-8.365822
-6.236268
-6.197254
-3.155946
-1.918745
-2.414089
-6.842632
-6.157230
-5.922017
-3.080544
-4.110062
-3.488727
-4.148836
-1.438870
-4.441391
1.079735
-2.275835
-1.268014
2.258018
2.816175
