-0.731434
3.029966
2.020451
3.631321
2.694756
-0.473943
0.447528
3.252553
4.982304
4.844439
2.271349
5.571583
4.659588
2.067989
2.712955
5.599179
5.720017
6.725157
8.392843
3.830181
4.116765
8.511318
4.235212
8.725172
4.192355
9.003090
9.721337
5.326592
10.717564
5.996147
7.894972
10.461058
9.696880
7.568770
7.308840
7.328496
9.909125
7.702989
6.803122
9.307154
12.207564
9.550874
10.380035
10.165084
7.538819
9.966568
12.500165
8.356352
8.611609
7.795837
11.624123
11.024130
12.025727
10.650469
10.337990
10.272882
11.557793
11.231384
12.169965
9.028089
8.856023
10.211445
9.182114
10.226469
9.848023
9.883053
6.814600
8.921075
8.761337
7.688367
10.179823
9.452517
4.559550
7.939774
8.168182
6.762074
5.426059
7.176793
7.378590
3.286479
3.485348
6.479944
7.474832
6.847587
2.788069
2.084124
4.174944
1.195995
4.430461
1.828737
4.755637
3.343585
-0.575515
2.817609
-0.811714
2.382968
1.543124
2.175574
-1.255345
2.368147
1.792695
0.536238
-3.893012
-1.126354
0.159275
-4.025314
-0.626383
0.352418
-5.006777
-3.963233
-4.176673
-1.745008
-2.081101
-7.247261
-3.056089
-5.024249
-5.249439
-5.828680
-6.745732
-3.092365
-5.362532
-3.584916
-5.297527
-4.942777
-6.763956
-9.438333
-8.919509
-9.270019
-10.221758
-7.905282
-8.089484
-10.512817
-5.725150
-9.946407
-10.053031
-8.429262
-7.707816
-9.874578
-8.891175
-7.863001
-7.094886
-9.650774
-10.697408
-12.620421
-12.544240
-10.967242
-11.339218
-10.780352
-7.748670
-9.355966
-8.799308
-12.714607
-7.272272
-8.486860
-9.504360
-8.727376
-8.573936
-12.518969
-10.316467
-11.681063
-10.709445
-10.743344
-7.089585
-6.598527
-6.716039
-8.381697
-8.683231
-9.079086
-11.164683
-7.403963
-9.431086
-10.592396
-7.964429
-8.599915
-9.298401
-4.931404
-5.686021
-5.271801
-8.744864
-7.937650
-3.339690
-4.991720
-2.701706
-4.890964
-3.974742
-2.212845
-2.561942
-3.101535
-4.690713
-0.651666
-5.239740
0.091736
0.722070
0.475466
1.402313
1.157353
-0.046311
-2.893080
-0.137683
-1.391339
