0.254579
-0.643668
2.731898
3.966913
2.570381
-0.772278
3.237189
3.541946
3.182825
5.595965
0.899580
6.386572
6.573660
5.552911
7.482478
7.358205
5.267464
3.095823
4.762296
8.447070
7.561868
6.967581
9.028308
5.394255
9.124658
7.375210
10.093765
10.389545
10.407259
7.083878
6.942743
6.359126
11.111987
8.121561
6.124182
9.587252
9.761664
10.025537
10.295170
9.149889
11.346671
10.403188
12.537506
8.279450
10.368470
8.831813
10.171122
12.448866
9.505780
7.434211
7.428632
7.290653
7.247061
7.758922
9.816600
8.730964
11.774513
8.650350
11.662511
12.201237
9.053191
10.405147
9.048621
6.644392
10.692079
9.441804
7.367084
6.259708
5.916274
8.395553
7.364309
8.769081
4.718727
4.588655
8.916367
8.813101
3.723708
5.914449
4.192611
6.703940
5.245433
4.347143
2.976543
1.892200
5.525789
1.268578
2.135216
2.720421
3.216589
6.046572
2.014280
-0.446230
2.992622
2.599851
4.472180
4.022278
-0.168497
-1.022314
-2.291399
-0.720145
-0.256257
-0.305170
1.344973
-3.808939
-1.976731
-3.564516
-2.528003
-2.038458
-2.441290
-0.736147
-1.107010
-4.133074
-4.733500
-6.971269
-3.929901
-7.681023
-2.554032
-5.700558
-8.390504
-3.060183
-4.314576
-9.058755
-7.576116
-5.372127
-8.951433
-8.540208
-9.895301
-8.201427
-9.535621
-9.088694
-5.497368
-5.635347
-10.643926
-9.921492
-8.721475
-8.098246
-10.245166
-11.052437
-6.754785
-10.464580
-11.270655
-6.740922
-10.428584
-10.850097
-7.136833
-9.602333
-11.284444
-9.408145
-9.010157
-8.553526
-9.983499
-7.436583
-12.271247
-10.654189
-8.405510
-12.240270
-7.797155
-6.710187
-12.004706
-6.606515
-8.122462
-9.568026
-6.332583
-9.340051
-6.500053
-6.594186
-10.011914
-10.164970
-11.012383
-7.273002
-8.374426
-8.703611
-8.729719
-4.408805
-8.646506
-7.047323
-7.874969
-3.531899
-6.960512
-8.597046
-8.068405
-3.194676
-7.145442
-4.449854
-6.204477
-4.605178
-6.457132
-6.641179
-0.576015
-0.411904
-5.620704
-4.610236
-2.490917
-2.498473
-3.694326
-0.753814
0.495988
-0.940206
0.057350
-0.708322
