0.706089
2.273675
-0.649801
0.169717
-1.413873
1.692155
2.811163
4.954928
4.812229
5.191823
0.540370
1.509957
4.948866
6.866051
1.540947
3.985560
6.988318
3.780258
8.380561
8.514164
6.485785
5.966472
8.506679
5.090726
6.195863
7.167019
7.914257
8.116249
5.316747
5.775509
9.312563
8.051575
6.547206
11.296544
10.903485
11.096650
9.606951
10.490966
8.699033
12.354686
8.114327
7.226839
7.604241
8.335410
10.094793
10.855746
10.107889
7.611519
8.950251
11.773921
8.075001
10.123680
10.963304
12.282664
12.606869
12.473513
8.193374
8.309546
8.595270
9.993898
8.364178
7.820500
11.856192
9.498132
7.160752
11.428255
11.478689
7.096650
8.195165
9.263053
9.889806
7.711430
4.524604
7.389573
8.603697
4.334275
5.809494
7.779117
6.512914
4.477719
3.092635
2.571985
2.233056
7.196209
2.572025
3.446511
6.642409
5.395590
0.454338
3.081528
4.230656
-0.067903
3.733131
1.882841
1.279137
-0.490422
0.379338
0.558533
2.063228
-2.318305
-0.898454
2.052351
-2.633347
-3.669281
-0.263090
-4.818190
-0.342020
-1.775946
-2.938139
-0.286345
-6.281928
-2.544415
-2.300889
-2.416573
-6.788231
-7.776850
-3.091534
-7.687184
-3.900307
-5.187220
-5.527646
-5.999804
-9.007085
-7.996038
-8.406045
-4.294969
-7.301860
-6.547911
-7.903584
-6.333738
-7.032809
-10.719750
-6.769416
-7.436825
-7.248886
-6.644994
-8.333102
-8.309068
-9.208819
-7.889571
-7.535078
-7.348810
-9.178763
-7.628437
-6.990506
-11.394070
-8.058262
-8.006850
-9.641833
-9.705571
-12.510716
-7.509225
-10.388605
-10.867482
-9.197040
-11.594616
-7.216007
-6.700779
-7.162484
-11.699069
-9.009346
-9.098127
-6.525822
-8.756586
-10.663623
-7.764990
-6.363511
-11.239772
-8.232057
-9.155993
-4.908763
-10.572411
-6.915172
-4.609086
-8.404258
-9.752787
-6.037052
-4.329424
-6.300616
-3.243902
-5.339794
-7.123459
-3.009640
-4.798961
-4.035508
-5.006464
-5.736220
-1.529485
-3.192500
-5.073440
-0.309548
-1.437156
-1.080933
-3.349126
0.482477
0.702402
-3.562639
-2.519077
1.584462
2.141184
