1.785775
-1.160879
0.573291
3.803561
0.721275
4.588422
2.493716
1.344602
2.074542
0.802279
1.100747
6.232078
2.051942
6.003007
6.227379
6.722603
4.643154
8.061996
6.602800
8.114880
7.859801
5.548372
4.206747
5.766513
7.235837
10.249935
9.906586
6.899170
6.220840
8.855200
8.752034
11.398064
6.020797
6.361491
7.552262
9.464667
8.745222
6.854245
7.269885
10.837146
6.724118
10.725152
6.819294
10.353552
10.051350
8.787614
12.222264
10.107133
11.396242
11.284967
11.302408
8.640479
11.701294
9.813528
8.299762
12.498309
8.757133
7.961237
12.229240
10.261324
6.806357
8.947486
11.957780
7.093746
11.540139
8.344699
9.453693
5.899083
7.937498
10.017298
8.668295
6.052196
6.393093
4.596243
6.717250
7.812770
7.966283
7.726688
3.580231
2.922285
3.688988
7.803749
4.036355
4.159541
5.912816
1.400177
2.188451
4.603613
3.333956
2.559006
2.920751
3.300224
-0.626743
0.601534
2.526538
3.545772
-0.103744
2.641263
2.287028
2.335013
2.582579
1.696776
-3.513646
-0.067119
-0.371347
-0.592548
-1.760131
-4.492487
-5.406668
-5.263014
-6.175182
-5.738550
-3.071024
-3.046092
-3.264308
-5.571358
-6.035812
-3.910817
-5.342586
-3.306121
-5.324761
-4.009713
-5.231651
-9.242877
-5.819945
-7.985891
-9.716882
-5.135369
-10.407674
-5.677267
-9.177891
-10.209322
-9.700970
-5.834739
-11.306291
-11.950468
-10.869384
-7.162286
-11.433573
-6.627231
-11.647467
-11.223854
-9.688728
-9.022285
-7.090977
-7.406108
-8.742737
-9.811529
-7.468057
-9.907384
-10.667737
-9.673705
-10.758110
-12.638637
-9.593289
-11.103474
-11.409944
-7.839738
-9.530759
-6.852873
-8.712387
-11.736948
-7.654499
-8.350506
-7.667197
-11.025437
-8.907150
-7.190821
-9.516296
-9.181245
-4.964601
-5.545290
-7.407968
-5.899431
-8.641361
-7.070869
-6.235700
-7.226202
-7.543871
-7.250960
-4.765173
-7.131160
-3.814167
-6.471834
-5.556235
-6.181112
-3.601219
-2.649489
-1.668010
-5.496508
-2.458361
-2.809093
0.758881
-0.531947
-1.460666
-3.201095
-0.682100
1.527545
1.920177
1.715947
