2.935982
3.141876
-1.271713
0.525391
3.903679
3.192586
1.035044
3.751742
2.574498
5.681870
0.583735
3.120555
6.922977
4.713931
1.614127
5.951948
2.189863
5.929127
7.324928
3.404151
4.410483
7.598326
5.873887
7.159060
4.381350
5.241039
7.938090
10.377024
5.631433
6.042054
5.323146
11.018350
6.743739
7.560404
9.233601
11.953234
11.533325
6.470351
11.227253
8.181667
12.048313
10.304699
9.099852
10.964939
10.336494
10.484392
9.582546
12.074395
7.715926
9.246339
10.223594
8.868467
9.322241
12.009967
12.750985
11.113818
9.693634
7.259125
11.572266
11.764266
6.880707
9.147140
6.784128
8.636145
11.310177
7.104831
9.917951
7.291749
8.495580
5.398606
4.958809
6.525321
7.249953
5.956939
4.436899
4.444745
5.544909
7.814119
5.947437
5.087328
8.328805
5.867661
2.451259
6.926974
5.782172
3.382657
4.573878
5.192794
1.879246
2.594833
-0.059796
2.286200
4.307625
3.224656
3.798213
0.299937
2.233590
2.338392
3.297616
2.382791
-0.266669
-0.805837
-1.791198
0.160685
-0.606308
0.663126
-3.059049
-3.362132
-1.119703
-4.443284
-4.400562
-5.820230
-4.637910
-4.679298
-5.835777
-3.032217
-3.770348
-4.706642
-4.749106
-6.144333
-5.548163
-7.181251
-3.980662
-4.181200
-9.731639
-7.973374
-5.280437
-9.964264
-10.608661
-8.891005
-8.302304
-9.670162
-10.038042
-8.796176
-7.484347
-10.480454
-8.455909
-11.650710
-8.228277
-9.133567
-12.319027
-12.622250
-10.848337
-12.170312
-11.998807
-10.593598
-11.272551
-10.632676
-7.069592
-10.686956
-10.058829
-11.672966
-11.538700
-12.892418
-12.462447
-12.346917
-7.053589
-11.602353
-10.266916
-6.517737
-10.005941
-9.166681
-7.126535
-10.485526
-6.168801
-8.839154
-6.794571
-7.116915
-6.312163
-10.460908
-9.169762
-9.750933
-9.354019
-6.029329
-7.744243
-7.058652
-5.149131
-3.866560
-3.682215
-8.696587
-7.625911
-6.003846
-3.442519
-4.637226
-2.622099
-4.692096
-5.547964
-3.823812
-1.473041
-0.099113
-4.915073
0.312861
-4.157598
0.512709
-1.171989
-1.032319
-2.393350
2.260046
0.346218
2.019410
