2.108117
-1.251307
-0.838331
2.731808
-0.216778
3.373554
4.405090
0.315031
1.443694
5.123760
2.313600
5.332737
6.735977
6.936394
5.687236
5.234020
6.403537
2.655179
3.251505
4.214711
6.957486
5.609687
9.551250
4.411593
7.089584
8.183358
6.882901
8.849474
6.058744
6.657161
7.140364
9.611957
6.858932
8.534817
6.868182
10.349538
12.052727
7.548481
7.689502
12.315921
12.088338
10.286632
7.660878
8.624209
8.494366
9.392465
11.273105
10.655869
8.149677
9.077267
9.488075
12.783464
8.924337
10.174705
9.844516
7.493575
7.615111
10.056672
7.090004
9.069299
10.375243
10.077223
8.446174
11.721885
8.019907
10.059733
7.494190
9.298755
5.727188
8.776387
7.076328
9.292086
7.340731
10.152060
4.119781
9.416389
7.925612
4.691338
4.315284
5.102466
4.134243
6.453950
4.442019
1.941641
4.481627
2.186136
5.744219
4.811715
4.257236
0.312550
4.651211
3.785143
-0.684298
4.800806
1.110174
-1.642426
-0.288401
-1.208863
0.451031
-1.767272
0.499530
0.188756
-1.430277
-3.662808
-1.341660
-3.988313
-1.889308
-1.815204
-3.418391
-5.346366
-5.979527
-1.938486
-4.251288
-5.436929
-3.052577
-5.459714
-3.057294
-5.899016
-4.850451
-8.420432
-8.184370
-7.667550
-8.759984
-8.328064
-8.396272
-6.109776
-9.726271
-6.450299
-9.316178
-9.284679
-6.292039
-10.131219
-5.802123
-7.476480
-9.197688
-6.512724
-6.738981
-12.076966
-9.380898
-10.677138
-7.645958
-8.333927
-7.013369
-10.906310
-8.643076
-7.377641
-7.222698
-7.191159
-8.832720
-10.233018
-7.402428
-9.690918
-8.182872
-7.251392
-10.649503
-9.625579
-8.179289
-12.004754
-7.801958
-7.019260
-11.698010
-10.898307
-11.236672
-7.411942
-11.660750
-8.481859
-9.851081
-9.724574
-8.596068
-8.789059
-9.443606
-7.600189
-4.963597
-7.227455
-8.187053
-9.726822
-5.657576
-4.731589
-4.512378
-7.932157
-8.318147
-7.326651
-4.810645
-2.116552
-7.105348
-1.517989
-6.900898
-2.944304
-3.481954
-1.423136
-2.393694
-1.449346
-3.796341
-4.066010
-3.224372
-0.677388
0.898666
0.704077
-1.345700
0.208443
