0.004585
2.336311
3.631768
-1.165058
3.888523
2.342124
4.104254
5.184680
1.877162
1.799103
5.769864
6.066489
6.126328
6.960105
3.799911
3.138920
7.422472
4.072232
5.019492
4.049760
8.005967
4.921651
7.520178
5.552601
6.023124
9.960092
4.866703
8.893153
8.346454
7.658464
6.732972
9.332957
9.478277
7.551314
8.531261
8.088220
9.820656
8.903764
6.482642
10.325936
6.894602
7.708737
7.563640
8.189132
9.611061
12.866569
10.307617
7.553083
11.575011
8.344755
8.656407
11.886306
12.408637
10.429755
8.375344
11.436478
11.160980
7.039191
9.652089
9.180674
6.980328
11.247607
9.935473
7.500127
9.976921
9.025787
5.818576
6.790031
10.128108
6.102215
10.709186
9.965111
5.466568
7.095473
9.108597
4.566439
4.633477
7.771281
9.003016
6.284114
7.396307
3.667627
4.608342
5.620389
2.191369
6.631169
3.684522
2.386357
2.513276
2.146158
5.201652
1.485564
3.433378
-0.068761
2.556456
1.786729
-1.746033
-2.304960
0.371653
-0.344009
-1.110600
1.988821
0.519481
-0.503148
0.142411
-3.044249
0.408351
-0.218515
-0.885253
-0.742416
-4.474545
-2.831153
-5.234836
-3.535880
-4.088664
-1.823993
-2.355228
-6.234479
-7.579528
-5.882493
-4.214479
-3.651894
-5.313879
-9.303915
-5.194895
-10.179675
-8.596607
-6.907556
-6.228967
-9.920474
-10.047438
-8.947338
-10.074932
-7.143456
-7.970269
-7.325572
-8.687121
-10.913145
-9.806317
-11.148201
-8.186166
-12.595658
-11.597302
-8.388940
-10.248356
-12.777415
-9.040028
-12.090897
-12.116582
-7.127604
-8.013668
-9.546497
-8.763933
-12.682526
-11.301531
-11.491406
-11.853578
-11.420445
-11.344514
-7.177432
-12.391143
-6.734857
-7.513305
-9.683839
-11.443099
-8.729695
-8.703801
-9.350013
-6.736977
-9.036331
-10.773952
-9.587257
-9.084246
-6.348269
-9.707014
-4.314446
-6.224135
-7.876005
-5.719684
-6.438484
-8.448086
-7.729559
-2.947056
-5.016982
-1.689968
-1.511539
-2.946262
-4.088816
-1.421599
-2.501161
-1.482804
-2.372636
-2.571291
-3.720524
1.106245
-3.281759
-2.441917
0.789748
-1.196534
-2.315119
