2.539782
-1.142084
-1.707352
-0.027530
0.492026
2.426300
-0.551617
0.358997
3.194943
1.026546
4.079066
3.837446
1.850266
5.288223
5.381325
4.119852
2.675615
3.600103
4.100132
7.504683
5.432697
9.011066
8.250339
5.098913
6.891773
10.263338
7.732655
5.928331
10.429288
5.194456
7.844960
6.854276
10.522891
11.538602
7.655612
7.361739
11.344615
6.534207
11.951840
11.874300
11.780429
9.119369
9.340695
8.224048
7.425614
11.475268
8.122950
7.849889
10.685058
12.770843
9.933317
11.632775
10.660433
8.244526
10.518364
9.563792
10.803076
11.132191
8.607415
10.833654
9.357511
8.694974
9.905290
11.463495
7.838318
7.775209
7.013651
7.310969
9.267633
9.175444
8.504490
6.302410
9.036636
5.619352
9.411799
4.845989
6.646144
6.210580
7.075404
3.417552
4.509506
2.654366
5.155131
4.082493
4.910781
4.210975
5.559603
2.366904
1.150796
5.267750
0.127786
2.059853
4.730023
4.692047
-0.846150
2.951296
0.315260
-0.974704
3.200936
-0.456157
0.030603
-0.049628
-2.772708
-1.700656
-1.355568
-2.273754
-4.841865
-0.461880
-2.218117
-1.977620
-0.603477
-4.135210
-3.603520
-5.290046
-5.055517
-4.177649
-6.269214
-4.695309
-6.547123
-3.119275
-9.095949
-5.260377
-6.024586
-5.386987
-6.441743
-4.951635
-9.126398
-4.960325
-5.819630
-5.340746
-10.666552
-6.857482
-6.504339
-9.886278
-8.543590
-6.319735
-7.792057
-12.043263
-9.966989
-12.025103
-8.615693
-11.551770
-8.020488
-12.296045
-7.316684
-9.850016
-11.680754
-10.626179
-11.672202
-10.478755
-12.560881
-11.094944
-10.252561
-7.397249
-10.646208
-10.352647
-11.652906
-8.768582
-7.697022
-12.224037
-8.152706
-11.948802
-10.531752
-8.667232
-10.964255
-7.080397
-7.246333
-9.906204
-11.051137
-8.729947
-8.867947
-6.045955
-10.433978
-4.691942
-9.790375
-4.507922
-8.215302
-6.792771
-5.324101
-4.676240
-8.405327
-5.109611
-6.008379
-3.759698
-7.413800
-4.108441
-2.055175
-1.603736
-6.383275
-1.053036
-4.542564
-4.695427
-1.260836
-2.877470
-3.579230
0.214884
0.837813
-0.018014
2.427833
0.962214
