0.624047
1.502093
-1.395653
2.247704
-1.431411
0.825642
0.834941
0.207489
2.817797
3.420505
1.467603
5.177275
4.491841
3.315993
3.598420
2.943738
4.306264
2.700320
4.594421
3.757150
6.758454
7.944946
5.226231
5.791713
5.111752
8.925276
4.814756
6.005230
10.412411
11.072287
7.452586
6.352194
10.071394
9.091850
9.093815
8.736112
9.390217
9.609169
7.352986
6.945439
7.214574
6.869576
9.096788
11.836614
12.576598
10.937579
12.473800
11.077524
7.896944
9.153530
7.345361
7.313770
12.727476
8.877313
10.290836
11.477310
12.137705
12.239209
8.541227
9.946778
12.148356
11.102298
8.076090
9.629704
7.190469
9.785790
9.188158
10.795152
6.547531
5.091820
5.674462
5.410443
8.698035
7.748099
6.219631
6.579780
4.580143
4.854853
7.456119
7.282173
5.561265
7.577517
4.214969
7.450616
6.094555
4.376420
3.209469
2.931617
3.361464
1.992320
1.982019
2.401819
3.437398
-0.929086
2.488728
4.160547
0.683014
-1.179206
2.045683
1.284381
-0.270939
-3.480478
0.096075
1.546996
-3.227090
-3.115800
0.061420
-4.918465
-3.231228
-2.895448
-2.594418
-4.126336
-4.427559
-4.986686
-6.528483
-4.619184
-7.542879
-8.323304
-5.974804
-8.646439
-8.548263
-7.694840
-8.672436
-9.797457
-8.426777
-7.282444
-4.859932
-8.040118
-4.975107
-10.781875
-9.004220
-8.899411
-8.935442
-8.341749
-11.484358
-9.516586
-6.389445
-6.978655
-11.410958
-9.908293
-7.805135
-8.695855
-12.039780
-11.459048
-10.417537
-8.224613
-9.026457
-12.133888
-11.957881
-12.058508
-8.477315
-8.330673
-8.665886
-10.528256
-7.043985
-11.501418
-9.721793
-8.684106
-6.895958
-8.174701
-7.590959
-11.105381
-10.779069
-10.776386
-7.120324
-11.250299
-7.858811
-6.773785
-5.359238
-5.963950
-7.379491
-6.209619
-9.616864
-8.519682
-9.149865
-9.004145
-4.189591
-5.871805
-8.862759
-3.090350
-8.240624
-5.215840
-6.398237
-2.793530
-4.986142
-7.073270
-6.407336
-3.487231
-3.378317
-2.008329
-4.271527
-5.104216
-4.479630
-0.949595
-0.876570
1.629260
0.840118
-0.451089
-2.457340
-0.719081
