-0.638235
-1.988832
-0.221839
-0.808640
2.530921
3.878216
0.704223
2.020355
0.726197
1.723707
0.770031
5.471660
4.641601
1.856874
5.602384
4.532852
3.465487
7.569698
5.581990
4.556375
5.431480
4.103742
5.563131
9.501306
6.465283
6.509346
5.761341
5.157204
6.897017
6.565653
6.079198
7.006702
8.670623
8.611999
7.865856
11.765761
7.024824
9.082431
11.897329
9.404627
12.145701
10.351128
9.664564
8.001238
7.507792
8.243971
12.761751
12.639053
8.613542
7.256992
9.948823
11.547092
8.227813
11.673115
8.642225
12.791030
11.077934
9.811865
12.526870
8.174086
8.522568
10.772149
6.183295
6.639103
8.644673
7.524255
10.935394
10.669966
10.036566
6.084479
10.831509
10.517594
7.339601
5.446546
6.671839
7.886863
9.083737
8.844735
6.516604
5.784767
5.742832
5.902568
6.844764
3.626495
2.313252
3.789722
1.386393
4.771044
1.518738
3.033714
2.445548
2.024797
3.168913
4.769765
3.566217
-0.739124
-2.047536
-0.321742
3.120389
-0.235303
2.217929
-3.306296
-1.437928
-0.448635
0.020139
-0.644770
-3.704656
-1.821723
-3.627014
-2.556127
-0.686868
-6.296805
-1.310751
-3.611147
-3.897818
-6.006354
-2.909678
-6.737126
-4.724689
-7.588151
-5.679655
-7.586149
-6.475747
-8.152164
-5.685214
-9.481560
-9.892048
-10.119850
-7.911078
-8.038214
-11.029223
-10.535317
-9.767254
-10.856839
-11.820522
-8.333616
-9.003801
-8.916790
-6.474560
-6.619969
-9.082714
-6.685970
-9.846995
-11.989343
-8.268371
-12.566010
-8.208043
-12.574495
-12.882097
-10.415594
-8.984036
-7.189933
-10.871346
-7.441762
-12.688812
-9.681057
-10.901893
-12.370965
-11.842857
-7.949357
-7.250137
-11.381504
-12.034525
-10.477272
-10.550990
-10.271555
-7.145630
-7.717216
-9.790923
-6.493321
-9.556612
-7.282262
-5.108895
-9.873142
-6.183464
-7.354193
-7.529141
-4.113096
-6.762797
-4.386367
-4.657854
-5.970535
-4.026256
-3.843336
-7.538817
-4.143615
-6.463074
-4.370913
-1.305353
-1.988855
-2.699576
-0.294821
0.748258
-1.228044
1.013810
-0.821542
-3.301601
-0.470237
-1.790747
-1.073358
