1.499116
-1.797241
-0.953113
1.974664
4.018083
-0.241712
3.418778
2.897856
0.481106
6.023408
5.956973
5.153692
1.644705
2.438509
6.886968
5.550288
6.308347
3.917652
5.440358
5.839768
6.955118
5.207720
5.838127
8.072027
4.700069
8.663716
5.160524
9.169646
8.232235
8.312192
9.744113
6.124565
7.408502
10.176628
8.139471
11.303494
7.457246
7.132976
8.545954
7.103790
10.889736
10.645836
10.691591
10.796021
11.309278
10.420219
8.419251
11.145792
7.060285
12.425276
9.729423
7.632612
11.260184
9.077993
12.443785
8.297521
7.071054
7.691990
10.656075
6.849246
11.013866
7.241597
8.693201
10.064420
6.329618
10.469343
7.772739
9.414502
7.348213
9.808997
6.498976
7.387298
5.996525
6.237974
4.547741
6.986729
9.080950
9.216792
8.813788
5.511473
5.668078
3.338172
3.683277
6.800640
5.633439
3.931694
2.934705
3.227740
1.760491
5.025844
4.004225
1.625321
0.547397
3.140913
1.211659
2.734867
3.638421
-1.460547
-0.186940
0.280558
-2.647598
2.058886
0.154194
1.562103
-2.571900
-3.386206
-4.505391
-5.344302
-2.175169
-3.449508
-4.426381
-1.469824
-4.917705
-3.841639
-2.100720
-6.950016
-4.265062
-4.758205
-6.083713
-5.815245
-5.397271
-8.460857
-6.824366
-8.549998
-5.692771
-5.595975
-10.264101
-5.146281
-7.241392
-5.460164
-8.379490
-11.063962
-7.447928
-7.896940
-10.732090
-8.085721
-7.707371
-8.747747
-9.034804
-10.985945
-6.842802
-6.906647
-7.772229
-7.255589
-12.230200
-7.819425
-9.980219
-12.938112
-8.625693
-12.644704
-11.349956
-8.092713
-9.885805
-7.882558
-12.273676
-9.257952
-10.607434
-6.865473
-7.539339
-12.346325
-9.945005
-11.785540
-7.340266
-8.138180
-9.499299
-8.035785
-5.863362
-7.642032
-9.801954
-8.962502
-7.581793
-6.039139
-5.667157
-9.462262
-7.580791
-4.825254
-5.194595
-9.004073
-6.092271
-7.616265
-3.901116
-5.705757
-6.269040
-5.319566
-5.500829
-1.760894
-6.600386
-1.698078
-5.316307
-1.070061
-1.618963
-2.444318
-3.603072
-3.895646
0.083837
1.195919
1.421295
-0.724284
-1.783595
-0.218729
