-0.450093
-0.736635
-0.739963
1.358657
1.272463
0.439713
4.132794
1.814579
5.513704
1.166055
4.267791
0.949198
6.893187
2.354638
6.652226
6.643562
7.390966
2.575042
5.440370
8.189719
3.387183
6.890887
7.468270
8.541703
7.067459
5.960473
7.003239
9.000211
5.197284
10.264847
6.701625
10.196146
11.543656
6.704290
11.810891
6.196764
10.504259
7.408640
9.675358
7.839623
10.611783
8.252188
9.584488
12.664848
10.700811
10.347468
8.348419
12.941087
7.364905
7.227886
12.730256
11.578981
10.463873
10.473830
9.294622
8.529996
9.327312
11.455857
6.826373
10.140617
8.484181
11.490889
6.852725
8.040312
7.378090
10.155811
7.298230
7.829498
9.964580
5.282149
8.507720
8.512060
5.755269
7.089686
5.759714
9.604761
7.279430
3.844938
4.089199
5.219457
6.265557
6.603533
6.414159
6.416568
6.126206
3.572552
5.348799
4.794633
3.739598
5.227465
2.530486
3.027116
5.039617
-0.032973
0.230417
-1.144416
-1.683136
1.189620
-1.174604
2.626154
-2.590141
-2.217324
-0.295490
-3.052580
1.429960
-3.098711
-3.193740
-2.190649
-1.079469
-4.586545
-4.251381
-2.250681
-4.795650
-6.362426
-3.374858
-2.547717
-2.250988
-7.501058
-5.959035
-7.300648
-7.109488
-7.862055
-5.743293
-5.583683
-4.821293
-8.452603
-4.905064
-5.809986
-10.297371
-8.739143
-9.262992
-10.652264
-9.324477
-10.757271
-10.131593
-6.560550
-11.373626
-9.185943
-8.568348
-8.619654
-11.832607
-10.290247
-10.951864
-9.457405
-12.553982
-7.608623
-7.333152
-7.431482
-10.101573
-12.398470
-9.006928
-10.005168
-7.417136
-10.181743
-8.381209
-9.303748
-9.800897
-9.377259
-10.115710
-10.831513
-11.628106
-11.850293
-8.576468
-11.889383
-8.408621
-9.918317
-7.765691
-7.328879
-7.894780
-8.071609
-8.921647
-7.288349
-5.659380
-9.646930
-4.661215
-8.418468
-6.954919
-7.564431
-5.642003
-4.600453
-6.843781
-3.734407
-6.567981
-5.671829
-2.479217
-2.749229
-2.727420
-5.111910
-3.841657
-2.123516
-4.847088
-1.709859
-3.309274
0.332563
-2.274302
-0.693173
-1.113883
-2.277573
0.992850
0.193425
