-1.140285
1.193482
3.639568
-0.325248
3.812149
2.348564
-0.142907
1.710623
3.204140
0.373876
5.706028
5.292799
4.034306
4.758027
5.945014
4.956438
6.537760
7.514742
8.348905
5.522211
6.770757
6.883976
9.127589
4.439041
4.984608
8.984368
7.176109
8.409642
8.404927
5.625481
5.560523
8.153184
5.990041
10.745305
7.657237
6.168574
8.412056
10.457927
8.427734
10.044253
8.013211
8.496926
8.172487
11.446356
7.447815
10.461626
12.194788
11.931300
10.316002
9.789591
10.538748
10.015594
11.143623
12.609296
10.929955
12.441488
9.730801
10.519510
9.610160
7.675400
8.210920
7.103986
10.169005
9.265417
7.443608
6.908068
8.819701
8.459786
10.823719
6.283698
7.843970
5.823833
7.022618
5.941738
7.515099
8.850366
5.481800
4.061066
7.517530
7.052306
5.098316
7.062135
5.382268
2.146513
4.955411
4.532507
3.015883
4.916167
4.226488
3.286808
3.732357
4.312590
5.093907
-0.698182
-1.224480
0.049035
3.812726
1.694319
1.525555
-1.837369
-2.580166
-2.955457
-2.935715
1.692686
-0.756859
-3.481528
-0.537262
-1.129390
-0.335935
-0.406987
-2.913062
-0.949421
-3.083362
-6.529675
-5.897287
-3.930804
-7.681010
-6.177332
-3.455240
-5.001023
-7.599233
-3.747423
-4.705209
-8.595150
-9.709520
-7.369929
-10.231672
-7.026803
-9.396273
-10.613121
-6.495957
-5.548524
-8.292027
-7.863791
-7.571906
-6.257882
-7.946119
-7.093429
-8.059598
-7.577424
-7.363662
-10.843084
-9.063035
-10.422106
-12.490194
-11.739693
-10.397928
-7.307440
-7.351139
-12.735703
-11.888193
-9.795062
-7.965460
-7.533100
-9.297005
-8.064973
-8.491482
-7.804272
-7.511251
-8.909273
-6.502565
-8.856114
-7.012005
-8.269651
-10.556414
-11.732643
-7.168405
-7.056819
-7.170653
-8.584112
-9.003969
-8.853642
-8.803613
-7.088115
-6.466418
-7.896129
-8.689731
-3.761852
-4.625043
-8.285937
-2.733725
-4.480314
-5.832832
-2.104250
-6.642550
-4.940933
-3.788041
-6.664832
-3.647386
-3.169571
-4.846787
0.434269
-0.739100
-3.771563
-0.900638
-4.016172
-0.874846
1.324337
0.396969
-1.673088
