-1.098399
2.240117
1.944368
0.052854
-0.275916
3.190343
5.031693
3.125461
0.066625
4.311304
3.846460
4.323006
4.607558
5.110495
6.002114
7.630779
7.392239
2.932203
2.930874
6.620805
8.096639
8.908951
6.351940
5.947032
6.251738
8.259049
8.722160
6.131510
6.558607
9.058262
7.853312
11.136476
5.918376
10.195240
8.609769
8.600628
12.018271
11.719883
6.594982
9.243803
10.375199
11.614456
7.799391
10.556996
11.470442
8.292735
11.030864
7.314800
8.939314
10.473372
9.971524
9.583826
11.287542
7.945660
11.720444
7.441347
11.368501
8.634851
9.643264
10.649084
12.165626
9.999125
10.112892
11.518028
5.941147
9.366168
11.533167
6.210132
10.978568
10.140716
6.732824
9.986062
8.154553
8.825723
8.568303
4.681668
4.787455
3.578572
5.891587
7.628427
5.276607
3.745654
7.757442
6.639302
4.996837
4.337409
5.438026
5.199080
5.902944
5.609174
2.271905
0.788161
1.236748
4.394063
3.220340
1.523693
-1.801453
0.239549
-0.931220
-1.383898
0.351853
0.283126
0.000168
-1.483606
-1.545140
-3.512408
-5.007215
-4.011525
-1.187196
-3.639444
-0.518622
-6.566025
-2.263776
-3.820815
-3.583882
-2.956149
-2.157867
-7.737656
-2.935857
-8.700386
-5.415042
-6.306768
-7.273395
-6.991139
-6.033579
-5.644308
-8.937305
-6.513006
-9.196580
-5.096094
-5.785167
-8.181370
-5.908824
-8.160475
-8.960404
-8.204793
-8.357002
-7.009052
-9.553697
-6.616302
-10.798869
-6.853969
-12.728385
-11.690689
-8.462653
-7.972570
-8.127084
-7.884493
-7.987683
-8.486079
-10.693751
-8.244198
-7.555835
-10.543825
-12.712015
-9.114375
-12.300490
-9.682716
-12.069705
-8.556376
-6.999670
-9.093124
-9.558337
-9.720839
-10.151752
-10.350514
-9.657205
-5.926944
-10.872234
-7.240646
-8.255317
-5.348249
-4.700537
-5.055777
-7.407442
-5.604468
-5.866571
-8.265195
-6.170088
-6.197390
-3.962173
-7.951770
-3.339335
-7.525971
-6.200057
-6.802651
-4.032814
-2.686276
-2.744945
-5.135008
-4.657267
-1.404066
-1.331131
-3.614287
-1.082548
-3.579064
-1.197339
-0.051726
-0.329761
-1.907379
