0.462392
-1.491824
1.131723
1.018369
0.415392
3.320418
-0.284465
1.423798
2.768059
1.476219
1.179913
6.141367
3.062605
5.170729
2.607734
6.028154
5.684954
7.342787
3.335776
4.569591
5.325137
7.227495
8.000595
6.652865
9.265984
9.037088
5.483000
6.252334
9.759206
10.897988
9.648414
7.649566
7.747503
9.015312
6.190400
10.003560
8.243493
9.917300
8.663966
10.777663
7.493885
11.286363
12.131454
9.084416
7.513557
7.456279
10.323492
11.043878
7.112870
8.701963
10.749456
7.859811
7.577283
11.048164
10.584868
11.176258
10.041456
8.416201
9.330728
12.310479
10.741196
10.954736
10.180459
8.369319
8.598586
9.827207
8.832945
10.065520
11.197920
7.839440
8.931015
5.119425
4.881083
9.647349
8.103977
4.578596
9.320761
3.544530
8.454397
5.726697
5.746050
7.077570
3.983065
5.739948
5.949514
3.354420
6.429035
2.411917
1.643264
6.013656
3.367283
2.816077
4.894380
0.402886
2.953108
-0.419820
-1.333037
-0.482548
-1.224331
-1.275522
-2.071903
-1.438406
1.462367
-1.761386
-1.797970
-3.284687
-1.679731
-2.050017
-2.506358
-5.340363
-5.423862
-4.636411
-4.910554
-2.143021
-1.865577
-6.234824
-4.510096
-7.552182
-4.242156
-4.539886
-8.527193
-3.844323
-7.242066
-5.152947
-6.766822
-6.456308
-7.256123
-8.689460
-9.938648
-7.974552
-7.839596
-9.542274
-8.237053
-8.963312
-11.124429
-9.461204
-9.639084
-8.966162
-9.408612
-8.454146
-11.576914
-7.631663
-9.416526
-10.895007
-7.467609
-10.776116
-12.591177
-8.052887
-12.079755
-10.101713
-8.301186
-12.824785
-8.750934
-8.445018
-7.590304
-12.299051
-10.205984
-10.072263
-12.294767
-10.385331
-11.205612
-10.839384
-8.466509
-11.784150
-5.985451
-9.239837
-7.012222
-6.848225
-5.946595
-5.430261
-7.843041
-8.168695
-4.892043
-10.054014
-9.325618
-9.168292
-7.136267
-5.942504
-6.775700
-3.347462
-6.524017
-6.473539
-4.695126
-5.650104
-2.405340
-7.141006
-1.248704
-5.205999
-3.626031
-2.539600
-4.302087
-3.846545
-4.156275
-4.591637
-0.206600
-2.447090
0.733214
-2.648458
2.629673
2.313828
