-1.452962
2.049653
2.514447
2.921272
4.229505
2.911612
4.081189
4.730514
2.366251
2.978977
1.882072
3.193387
6.695075
6.036710
2.818974
2.307351
4.477312
2.639371
3.095828
8.184808
3.560400
6.618064
4.875177
7.228861
6.106143
9.121992
5.574658
9.435141
8.606931
7.458316
6.026727
8.375278
6.245602
10.334225
6.232157
8.192109
9.835972
11.516604
7.485346
9.637124
7.299331
8.049698
6.865088
11.381106
10.139543
12.654864
11.798027
8.005377
11.460628
11.010875
7.899536
11.544604
7.924854
11.699360
12.717870
7.439285
11.871813
12.020206
12.591416
9.312760
10.915494
6.562586
8.256809
12.031339
10.395031
8.047817
10.188159
6.423030
5.570884
8.932095
8.507157
8.364940
7.565701
6.899933
5.406160
9.375573
5.146496
5.938514
7.422062
5.803617
7.146053
4.618719
6.955116
6.446683
2.156378
6.123633
2.451732
6.005846
6.017525
4.225093
3.808089
4.738044
-0.340768
1.489344
2.728014
0.980799
3.881608
3.120084
-2.470051
1.621682
1.006105
-2.375443
-1.506514
-2.804064
0.963163
-3.876723
-4.653329
-4.430830
-5.546291
-4.144146
-2.625669
-5.512480
-2.076873
-3.547575
-6.108875
-2.531761
-2.912688
-3.810175
-5.524926
-8.272520
-4.055075
-6.338071
-8.804193
-5.898437
-9.986922
-8.488454
-7.994799
-8.660737
-6.071518
-6.113432
-6.116920
-9.958924
-10.629026
-7.849995
-6.150076
-8.850539
-8.162065
-8.008516
-6.588886
-12.172483
-10.576950
-7.119416
-7.555700
-9.166371
-12.240097
-8.693992
-11.653726
-11.061008
-8.250901
-9.331284
-11.570148
-8.731289
-9.154198
-11.889562
-7.673582
-10.989995
-9.726362
-8.873008
-8.283812
-12.493332
-12.068873
-8.590508
-11.110012
-6.596371
-10.619407
-8.350286
-5.915786
-9.038545
-7.033988
-9.127630
-10.494533
-8.138562
-7.869295
-4.932459
-6.625769
-6.223747
-8.432635
-6.630299
-8.058881
-4.432895
-5.136184
-8.222931
-2.379241
-7.400315
-6.199792
-5.800537
-4.337799
-5.891625
-4.339731
-3.740528
-2.687873
-5.388146
-2.981509
-4.002246
-1.858160
1.370698
-2.304709
1.725490
-1.517735
2.952810
