-1.919159
3.437357
0.296898
3.557154
0.301694
1.738413
5.132200
1.900762
0.519064
2.033184
2.369190
4.767572
3.857802
6.500397
4.149968
5.624840
2.188845
6.058434
5.916089
4.926482
4.340988
8.732612
4.494596
5.912782
6.568683
8.496371
10.166217
6.316675
9.288175
10.387805
8.122427
8.215035
6.495648
7.532493
8.382062
10.408339
8.833257
9.492785
8.109258
11.644956
8.405943
10.255722
7.569020
7.082538
12.136282
11.453605
10.864487
9.669460
11.349998
7.933119
10.598018
8.395025
10.052318
10.145575
8.702911
7.796933
7.911189
10.332304
7.353467
7.669737
9.344438
6.968755
8.450407
11.812488
11.807584
11.539403
6.013654
9.078818
5.688122
5.279232
8.410849
5.179829
7.318591
6.494653
5.484276
4.320332
5.265845
5.815876
4.599607
5.275509
8.575980
3.765742
3.565138
2.785803
2.470855
4.657128
1.286179
3.411161
5.905784
2.477453
0.931421
2.818669
1.172789
4.329223
-1.030306
1.318235
-2.000783
3.021347
1.814558
-2.040588
-1.329625
0.729578
0.176704
-3.234729
-1.649833
0.025749
-1.874100
-0.533438
-4.070482
-3.585496
-3.480975
-1.353691
-1.412295
-6.236415
-4.619148
-6.578402
-5.701363
-3.268425
-2.721468
-4.811801
-6.593358
-8.389529
-3.719433
-4.623166
-7.673623
-5.692087
-10.473337
-7.181724
-10.006514
-9.063422
-10.504670
-8.295880
-6.295194
-11.282063
-5.949220
-6.409425
-6.880888
-11.363386
-9.135390
-10.212368
-9.923195
-9.727448
-11.391386
-11.565664
-12.210884
-9.795361
-9.352271
-7.923928
-8.371452
-8.125845
-10.502160
-11.575461
-10.038899
-9.025223
-7.924697
-9.516425
-9.140207
-9.860671
-9.062860
-9.416589
-10.663105
-8.947009
-11.260462
-7.844110
-6.461511
-8.194664
-10.674320
-9.386708
-9.796299
-6.867795
-8.196901
-6.277093
-6.543159
-4.442226
-4.796439
-6.082618
-8.816915
-7.735787
-5.561444
-5.879288
-6.796616
-2.731954
-6.406451
-6.545741
-3.444483
-2.595577
-6.653489
-3.700041
-2.753890
-0.861875
-5.582387
-5.455931
-0.373457
-0.706418
-1.948750
-0.228755
-3.469795
-3.358876
0.919354
-2.940062
