2.413068
0.763579
1.492525
-0.595457
-0.788734
1.569151
3.760471
1.741377
4.744845
0.630541
0.650845
5.818331
1.731802
7.142064
3.300370
3.743600
6.177110
7.960545
8.205421
6.370149
3.819304
8.565340
8.422035
4.743221
5.841218
6.408716
8.678984
5.412997
6.739096
6.154201
9.697827
6.987511
11.594583
11.114924
6.311543
11.143542
6.909584
10.254674
10.336097
8.395518
7.641457
10.402860
8.476474
12.731103
9.248148
10.787797
12.249948
12.649172
9.666596
9.664982
8.299854
12.364549
12.106576
11.425109
8.578309
12.676641
7.370751
12.606612
7.407053
10.888327
10.262521
7.446575
9.375477
7.607491
10.303483
6.837083
7.267974
7.281461
9.833888
6.163661
9.456603
8.024098
8.419684
6.971594
7.950864
4.243432
6.134424
3.467873
5.220981
3.060094
5.824311
2.884028
4.731432
3.215018
2.435039
1.452973
1.276646
5.857879
5.892483
1.790814
4.326090
1.858536
0.375158
4.194906
0.312519
2.695539
-1.974155
2.811825
0.281438
0.246639
1.407172
-0.598712
-1.047944
-1.440432
0.142671
-4.253086
-2.431290
-3.853024
-0.542586
-2.586563
-1.858800
-0.819469
-3.889626
-3.717401
-4.736036
-3.951646
-2.362363
-5.950093
-5.195725
-8.778066
-5.537335
-4.903660
-9.497739
-4.632590
-8.900571
-5.145705
-7.791185
-4.891439
-6.649017
-5.870903
-5.414770
-10.354914
-9.147321
-8.871824
-11.619846
-6.950041
-6.480889
-7.741256
-7.190888
-11.281490
-12.244182
-10.867012
-6.999365
-7.317756
-7.958614
-8.925016
-6.994211
-7.476463
-10.566121
-11.877471
-8.568064
-11.361125
-7.149025
-10.615464
-10.088252
-9.940621
-8.420157
-11.635677
-12.066648
-8.480138
-12.329287
-6.910785
-10.809918
-11.511497
-8.339918
-6.513183
-7.265189
-9.670024
-6.869488
-7.813003
-6.918330
-6.531652
-8.798507
-5.901360
-5.795217
-7.234289
-4.225278
-5.566764
-3.655362
-7.229838
-6.859048
-3.080813
-6.245779
-5.473052
-6.707080
-4.461188
-5.975291
-3.142982
-4.382962
-4.343935
-5.154214
-2.024628
-5.078239
-3.160645
-1.219111
1.495670
-3.648029
-3.534423
0.677565
-2.015390
