1.057364
-1.612694
3.906696
0.497065
1.233934
3.601241
3.777458
2.762514
3.330327
2.740875
4.804299
1.858803
4.915117
5.229404
2.844983
2.871546
5.955108
2.405501
2.759132
7.341720
3.948379
8.142822
5.679611
4.358179
4.454523
8.983573
10.227020
8.117815
10.391109
7.664171
5.623052
6.105784
6.000497
6.526527
11.140951
6.566061
6.865579
12.035268
6.663766
12.252196
8.079374
11.725696
7.971153
9.926902
8.521671
8.707950
7.617449
12.080300
7.017449
9.238901
11.360773
11.027875
10.956540
10.140241
11.769237
12.520236
10.200129
11.937180
8.892001
6.957856
6.672028
10.303335
11.473928
9.801236
11.363047
6.134284
7.988970
5.875774
7.965229
10.437145
4.965888
6.528649
8.193866
9.633325
6.146242
7.783991
8.104130
7.762764
5.092490
7.832414
7.573823
5.441703
6.856140
4.770067
3.413911
5.604137
6.557969
6.516185
5.663970
1.902390
3.402085
2.191443
3.947501
1.043966
4.397146
2.485497
3.484726
3.290731
1.751824
-1.433259
-2.436557
-2.452796
-0.904210
-0.339780
-1.996789
-2.974526
-1.909613
-2.257970
-1.908869
-1.746933
-3.584857
-4.408084
-5.763270
-5.758956
-2.019633
-7.611252
-5.166645
-5.851888
-5.665444
-7.070026
-8.949942
-9.139731
-4.413240
-5.419510
-9.378539
-4.456996
-9.207537
-6.627710
-8.739905
-8.476406
-6.835961
-8.014352
-6.375122
-11.364026
-10.526479
-11.608210
-9.702782
-11.503999
-11.430901
-10.914077
-9.679175
-9.816488
-11.000817
-6.868224
-10.113706
-9.362400
-10.676330
-12.555716
-9.502166
-8.463392
-11.077004
-12.806647
-12.127704
-11.305134
-12.187729
-10.080580
-9.589054
-9.306783
-8.839646
-8.370417
-11.579583
-6.674930
-10.917882
-8.892138
-7.143529
-8.068518
-10.973661
-7.578468
-5.400892
-7.551553
-8.616936
-7.241778
-7.364818
-4.470380
-7.742242
-7.259954
-5.643490
-6.243068
-5.138085
-7.994469
-6.852905
-7.025514
-4.944325
-4.980628
-4.382826
-1.676906
-4.568857
-1.545928
-0.924932
-4.036663
-5.007058
-3.031434
-3.299904
-2.369942
-3.663274
-0.034714
-2.947413
-1.354219
-0.008096
-1.177296
