2.980356
2.242870
2.564102
-0.174434
-0.570166
3.828385
4.663176
3.323591
2.734595
2.388579
5.121606
3.717143
3.445414
1.682640
6.802568
5.925678
5.899315
7.705905
7.649788
6.727145
6.395072
5.253323
4.822038
9.773392
8.604968
8.323367
7.305684
8.121233
9.430448
9.151509
5.874135
11.167439
9.680649
9.660551
6.858515
8.504922
7.618987
6.715063
11.768991
10.288715
6.982419
9.264574
10.707875
7.266700
11.860697
10.792868
10.959372
7.244531
11.488303
10.962337
8.586323
12.234055
7.753215
7.596792
10.189670
12.718468
11.295393
8.199014
7.131539
11.865281
6.613122
8.116842
10.634052
6.058354
10.931249
6.206280
8.351058
6.370342
7.125171
9.810955
10.133871
5.112231
9.648437
8.490801
7.913894
8.533976
8.756566
7.630637
5.893283
4.752221
3.607997
5.413474
4.521670
5.200080
3.682380
6.215538
5.331018
5.492494
3.545618
3.920045
4.407189
3.203799
1.417610
3.380354
2.428647
-1.715318
1.290679
-1.783605
0.671843
2.461551
-3.120253
0.015569
1.533080
0.400382
-0.964688
-4.051349
-1.046167
-4.545736
-2.530482
-1.870784
-1.829504
-5.025308
-5.726340
-6.493443
-4.822569
-6.815543
-4.419517
-4.071232
-7.482756
-4.205188
-8.622875
-6.679067
-9.374447
-6.379213
-10.004327
-7.376356
-5.359727
-5.434546
-6.485830
-9.437313
-7.389951
-9.101236
-9.923534
-8.834369
-6.926747
-11.741673
-9.456603
-7.555294
-6.599982
-10.482199
-10.332018
-10.161952
-11.402135
-7.415395
-8.188108
-10.352625
-8.639419
-12.413744
-11.169919
-8.909283
-12.971005
-8.588274
-7.220186
-10.167724
-11.907806
-10.010481
-8.770103
-7.061372
-8.501756
-10.960481
-9.305573
-7.196741
-6.884479
-6.701448
-9.835647
-7.236634
-6.318470
-7.711582
-10.881123
-10.017418
-9.376616
-9.322920
-10.298497
-4.696361
-6.282680
-8.858942
-5.385859
-7.339154
-3.837373
-4.459144
-5.576314
-5.527449
-5.083346
-4.596541
-4.165863
-6.774065
-2.124355
-3.943691
-2.362224
-3.614682
-3.253770
-3.156144
-2.063168
-2.099906
-4.441302
-2.211001
-2.949038
1.790548
-0.367695
-0.649459
