2.484607
0.064761
1.091334
2.270660
1.095975
2.197130
3.597479
0.676726
3.305976
2.108859
4.613551
3.127625
4.768102
4.552597
4.823223
2.888765
4.497411
6.437940
3.563827
6.714335
8.930887
6.409255
4.442191
5.386366
7.913001
7.630636
4.874086
7.496603
7.234015
6.419948
6.251630
8.704783
5.687866
7.406000
8.200147
7.122819
11.376665
7.438683
7.707816
11.541012
10.289915
11.819309
7.366474
12.642969
12.464073
11.710419
12.723515
10.839590
7.886547
8.949049
8.133833
9.695497
7.793084
11.214583
11.083562
9.554138
7.618550
8.117955
10.365951
8.096085
7.672907
10.984880
10.834428
7.113856
7.429893
8.872496
8.738638
8.739905
8.484197
7.605879
8.925000
9.507853
7.881343
4.663625
6.559107
6.814941
5.313477
4.899696
9.050949
3.570995
5.804314
8.151276
5.229808
3.480431
4.662830
2.968173
4.163781
3.994204
3.321972
6.017866
1.550629
0.147781
3.045352
2.178647
3.396055
-0.823310
-0.685038
-2.054971
0.458415
-2.309872
-0.273811
-0.965569
-0.189298
-4.138810
-2.770052
-0.076389
0.413390
0.410977
-4.559887
-0.509493
-3.992937
-1.199053
-4.981801
-2.820694
-5.001587
-6.692090
-6.050381
-3.307658
-7.297073
-4.020506
-7.599070
-7.293077
-5.335247
-8.027841
-8.237765
-4.543241
-6.119407
-7.417285
-5.406514
-10.965684
-9.110195
-9.581901
-10.514075
-11.685039
-8.190840
-9.724674
-9.023660
-8.544037
-8.354676
-6.527496
-6.835552
-10.894760
-12.037678
-12.404595
-9.733766
-11.299251
-12.164197
-10.069008
-10.365050
-10.131801
-10.779876
-12.529651
-7.026455
-8.542629
-11.579438
-8.600271
-7.016833
-11.956374
-9.742019
-11.252470
-12.114448
-9.860885
-7.958158
-10.664204
-8.221000
-8.319281
-10.610115
-11.188286
-11.058112
-6.249923
-6.034578
-7.415542
-9.286117
-6.748888
-5.260060
-7.212195
-9.308387
-7.137503
-5.684957
-7.850596
-3.527164
-7.052966
-7.680849
-5.919093
-7.538541
-6.879972
-4.755311
-0.894208
-5.162535
-5.865771
-1.063995
-3.984035
-2.092932
-4.771568
-3.559455
-1.518118
1.812792
0.509067
-0.636648
1.447982
