-1.712850
-0.036389
0.353850
3.719901
0.470099
0.239740
3.642573
-0.131395
2.010582
4.120535
3.962971
4.325867
5.298594
6.533842
1.568485
6.134930
4.043425
8.016388
2.997728
3.731394
3.997541
6.512161
5.616670
9.030768
9.861085
8.851372
9.642009
8.783950
10.101281
8.060815
6.380904
8.552796
9.553198
8.368994
11.096615
12.043319
9.730240
10.523259
10.987083
11.573711
9.213092
11.175382
10.243005
6.975647
10.675844
12.305206
8.436351
12.242118
12.221209
11.342758
8.607314
12.580793
10.642727
8.899639
11.699687
7.693793
7.508807
12.166885
7.758451
10.054033
7.659348
9.182131
9.521742
11.435556
8.748521
10.517520
6.729271
9.488369
7.735352
10.310682
7.225108
10.689644
9.087561
10.252148
8.785975
8.512248
8.898774
5.853736
5.783025
6.730691
4.922503
6.573115
4.196706
5.377054
6.115142
3.189128
6.102606
0.686648
2.861488
3.461064
2.267925
2.933925
4.938897
-0.633273
-0.820772
2.289681
3.805976
1.239297
1.684232
-0.814082
1.109152
-3.302587
-0.984492
-1.729324
-2.049320
-4.327303
-2.774437
-1.412479
-2.378912
-4.389551
-4.468673
-6.459823
-4.196877
-3.104644
-6.979491
-5.085808
-6.358438
-5.150545
-4.984180
-8.199022
-3.205041
-7.240621
-9.173351
-5.290468
-8.935755
-7.793341
-10.359029
-9.120423
-4.953653
-7.514086
-9.018244
-10.038893
-9.974002
-7.058984
-11.331538
-11.151998
-7.744247
-6.580829
-11.658965
-10.202473
-11.801013
-11.396021
-7.165145
-11.184288
-8.693372
-8.306455
-11.690626
-8.904601
-7.863588
-11.369174
-9.376411
-10.898510
-11.627979
-12.298121
-10.630399
-8.071306
-9.932307
-10.212379
-6.961860
-11.869710
-11.250520
-7.903392
-10.236336
-9.242333
-6.421258
-8.944123
-6.070915
-8.678975
-5.761109
-5.348562
-8.593683
-9.867699
-7.107082
-4.388207
-7.400211
-9.391758
-3.662430
-3.694518
-7.426698
-8.694094
-5.985578
-3.445921
-5.710036
-4.260645
-4.928283
-5.200275
-5.796823
-3.904841
-1.917816
-0.884811
-2.801941
-2.900534
-1.125673
-1.009921
-3.068438
1.241446
-3.066371
-2.756938
-0.727978
-2.065150
