2.251509
0.395335
3.041689
2.995120
-1.209283
-0.395797
2.109969
-0.055280
1.269894
3.691802
2.912219
3.353590
5.533609
6.692750
5.166988
6.942306
4.010390
2.431313
7.196910
3.754347
8.481805
4.463928
5.635488
8.352808
8.761732
9.768992
8.163449
5.223722
7.127029
7.614938
6.731051
8.013882
8.989093
9.556789
6.938558
7.993379
7.790608
6.329087
7.830770
11.819190
10.891004
10.773691
10.302219
11.666992
9.625081
8.256947
7.212505
11.259827
8.058226
8.787212
7.828214
7.535538
8.246844
8.612291
9.192632
10.810560
8.780894
7.548168
8.652019
8.857555
9.194867
11.475165
10.786467
9.581540
8.061393
11.247677
8.269284
8.456312
5.460369
10.825551
5.642427
10.224502
5.286011
7.612213
7.582627
4.387500
9.450298
8.971411
3.663360
8.497920
5.333753
7.611987
3.065864
2.135058
5.400200
6.783656
2.620187
3.877430
5.310318
5.031969
5.589039
1.631620
4.515356
1.942205
2.003840
-0.619402
1.652969
-0.847833
1.324169
-0.621711
1.991978
-0.616017
-3.909732
-1.950796
0.128341
-3.973331
-1.206028
-3.967906
-2.465078
-1.496450
-6.262566
-2.437687
-3.297285
-7.256136
-5.078883
-2.738148
-4.569902
-5.742997
-8.378686
-7.358820
-4.823661
-3.456102
-7.320630
-6.002633
-9.921649
-10.286472
-9.772822
-8.112243
-6.925416
-6.572802
-11.223597
-6.694866
-8.463424
-10.120240
-10.354438
-9.823964
-6.865437
-7.209401
-7.253446
-8.848805
-7.959187
-12.366149
-9.399067
-10.800048
-7.656748
-9.626296
-11.436442
-8.250393
-10.526900
-11.549432
-9.258516
-11.359625
-10.868049
-11.193542
-9.708129
-7.875338
-11.274752
-9.623373
-9.086313
-8.166625
-8.475391
-10.207978
-7.727466
-6.564881
-10.661098
-6.298741
-6.873740
-10.885199
-7.123782
-5.378513
-8.022384
-9.166349
-8.808416
-9.735282
-6.402591
-5.108829
-4.974370
-5.599573
-7.404232
-3.565297
-7.324567
-6.306419
-5.560924
-1.880978
-7.317253
-1.700197
-6.187561
-6.463941
-2.885948
-1.917905
-3.659929
-0.500548
-4.592189
0.005012
-4.272812
-3.129722
1.886792
-0.920733
2.147781
-2.653558
