-0.718289
-1.484244
1.436829
2.047485
3.888962
2.555164
2.622020
4.588168
4.193984
0.861292
0.852550
3.919078
2.327704
3.678841
2.406434
6.416270
6.676763
4.986703
2.727759
3.416194
5.855489
4.599539
7.351945
4.973686
8.559220
6.478592
6.954243
5.573122
9.282631
10.117306
9.321625
9.460054
9.603339
11.001148
10.822074
8.068208
7.103698
9.255819
9.931861
12.448510
10.497031
11.560922
10.132898
11.554651
9.198396
7.866232
9.964664
8.894404
8.533808
10.447498
9.096898
11.375451
7.356176
12.548449
7.323553
8.684254
7.467543
11.972443
11.237376
10.281359
10.711672
11.008483
8.143146
11.656108
7.798623
9.124496
10.457333
6.785002
6.706000
5.330139
9.414094
7.618181
7.533315
7.673554
4.991323
8.150610
9.129805
3.425930
3.171569
4.677776
6.954914
7.727488
4.526900
4.520570
5.973564
1.798148
6.234675
4.357805
5.581893
2.663418
1.776976
-0.246197
0.455224
3.132034
3.693752
-1.582016
3.448264
0.487691
-2.557420
-1.131038
-1.463843
-0.940627
1.904955
-0.373259
-4.415293
-0.924573
-4.517336
-2.263015
-0.918941
-5.835312
-3.177580
-3.463598
-4.892550
-4.186777
-6.921012
-4.475244
-2.807964
-7.131083
-4.838251
-7.963158
-5.793038
-7.201803
-5.587014
-8.559152
-6.927820
-6.808157
-6.575571
-8.706259
-8.921740
-5.177420
-9.587076
-9.467266
-10.601110
-7.925336
-10.426303
-10.956714
-10.901156
-11.480876
-8.572713
-11.007629
-8.670504
-9.203346
-7.069725
-8.751148
-8.186313
-11.329328
-8.922955
-12.613399
-12.196225
-10.822164
-10.436057
-7.152883
-10.511297
-9.586300
-12.138597
-12.049273
-10.764245
-9.642271
-8.952956
-7.604704
-8.331147
-7.507783
-10.042508
-10.298825
-11.507717
-8.571433
-8.436255
-6.498461
-9.813518
-6.622119
-8.249289
-7.841212
-5.844749
-5.190453
-4.830687
-8.744589
-8.711084
-6.599061
-5.363906
-8.080686
-3.123796
-3.988803
-2.895333
-6.221738
-6.605434
-2.215846
-6.842587
-6.004333
-5.060626
-4.118784
-1.708344
-3.706318
-1.698100
-2.857166
-3.567675
1.662234
-2.719489
1.546966
1.312547
-1.900435
