1.485752
2.586756
3.865563
1.069225
2.446597
-0.285249
5.090337
3.139354
3.650309
2.816145
2.615901
3.916586
1.854362
5.650801
1.764057
3.612390
2.543112
6.237111
7.169977
7.151129
8.989074
9.276723
6.502124
8.696457
8.052200
7.254583
7.034168
8.623665
8.762751
10.697876
10.902190
10.777627
6.970062
11.706203
10.918522
10.172235
10.250156
8.362538
7.146484
7.736545
11.419971
7.165172
8.326171
12.351184
10.727082
12.902546
7.960019
9.538780
11.293084
7.655680
7.585358
7.045603
7.019874
9.805676
7.254553
6.876043
9.259166
8.749809
11.641610
6.802597
7.518253
10.054682
6.280976
10.051208
9.675381
7.225706
8.149735
10.828565
10.635713
8.725628
9.503612
9.642853
9.323963
10.169119
7.376016
9.460015
3.782938
4.026548
3.482612
3.995674
8.532144
7.262484
6.450968
3.048265
4.514617
6.814321
4.657242
3.768468
0.624983
1.649835
3.486562
1.121373
1.419215
4.368871
4.529019
-1.010077
-1.159699
1.434035
-0.981688
1.495306
1.085268
-0.710741
-0.110831
-0.329672
-1.018043
-3.115771
-3.792241
-4.267642
-3.521343
-2.260510
-3.828227
-5.876327
-6.838570
-5.754655
-3.228057
-6.715347
-3.048611
-4.213643
-4.507352
-4.723981
-6.109085
-7.054904
-8.100398
-4.246229
-4.088674
-5.238105
-9.563260
-5.049430
-10.508226
-10.252401
-7.411101
-6.497605
-7.142881
-11.159268
-7.414480
-9.423976
-9.593848
-10.127840
-9.390975
-7.676367
-8.626747
-8.450267
-8.061023
-9.362727
-8.002899
-8.707514
-7.429930
-9.918932
-8.715058
-10.520259
-12.064403
-10.628802
-12.457027
-10.343618
-9.760795
-9.165283
-11.335470
-12.287940
-8.089940
-6.760330
-8.611873
-12.251303
-11.116070
-9.503449
-5.949260
-7.497426
-7.293386
-5.625464
-8.197009
-5.943725
-6.577426
-8.371046
-9.707385
-9.216436
-4.621394
-9.540517
-4.923649
-4.486847
-7.074167
-6.913176
-8.526677
-5.888951
-2.557734
-2.985035
-3.858917
-6.320980
-1.843938
-2.005793
-3.548894
-5.568158
-5.405536
-3.181928
-2.862583
-0.698806
-3.420317
0.166661
2.037969
0.919095
1.774555
-0.354949
