-0.698074
0.892256
3.226295
1.450664
3.459580
2.314796
1.970458
1.187231
0.655605
4.448285
5.281693
6.431904
5.226857
6.839023
6.644034
7.619795
2.846690
3.582379
5.745480
6.509669
5.831738
4.342084
3.624966
5.520325
8.402702
6.686945
7.139516
8.879971
6.991754
5.592094
6.583701
10.653938
10.559794
9.125365
6.171252
9.664355
9.367551
10.800926
12.398785
7.901258
10.885324
11.437664
12.549514
12.168784
8.535657
9.792308
10.224171
7.467660
10.907439
9.469311
12.604188
10.087173
9.388089
12.453498
12.055007
9.243003
8.899738
9.876518
8.139040
12.321396
7.373631
7.312466
11.350782
9.794410
8.076459
10.114956
11.048449
10.835985
9.635724
9.492266
7.644957
9.889370
5.233679
5.774129
10.052904
9.240561
6.665093
5.212761
8.100867
3.361859
3.702321
7.063053
7.672172
3.396975
2.999930
6.403383
4.352082
4.562702
5.454302
5.970577
4.028842
3.154066
0.591693
3.665787
2.018137
4.032481
3.707025
1.003523
2.317201
0.336522
-1.221562
-0.329823
-1.866926
-2.388801
-2.562739
-1.469516
-2.971341
-1.089538
-0.047567
-3.572904
-4.019643
-2.474914
-5.246202
-1.505685
-6.623421
-7.574692
-7.913643
-3.158468
-5.268952
-6.750935
-8.397282
-5.851682
-8.313660
-4.219127
-4.451256
-7.637883
-9.791891
-5.255503
-8.127224
-6.781405
-8.857482
-7.218848
-11.002457
-8.959130
-7.501746
-8.367000
-11.936988
-8.146448
-7.440483
-7.140540
-7.300596
-8.538557
-9.024363
-9.727406
-9.812929
-7.196692
-9.839257
-12.913310
-8.244570
-10.281425
-10.949865
-10.428508
-8.433552
-7.331078
-12.793973
-6.913812
-6.919335
-9.803886
-11.613249
-8.204711
-11.211008
-6.991589
-11.182343
-6.240879
-6.681577
-8.547672
-7.642894
-7.032605
-6.262906
-7.538923
-8.976153
-6.677522
-6.763487
-5.683043
-5.588481
-9.042444
-3.898871
-5.207403
-4.228113
-8.353247
-7.288733
-7.640470
-4.502945
-5.244597
-6.959613
-4.827609
-6.365989
-5.921243
-0.732325
-5.179492
-0.076516
-1.863177
-3.761455
-0.329236
-2.406724
1.571816
-3.038448
2.346241
-0.628150
1.116238
