2.194480
-0.979264
2.442508
-0.814443
0.333012
3.802363
1.882174
4.650188
1.946781
2.427071
6.166065
6.297811
1.213507
2.707218
4.453589
2.904452
7.662664
3.725873
4.939704
7.562815
3.299854
5.924947
7.022140
6.862689
6.445119
9.090871
8.123763
5.397354
7.976703
9.820873
7.631165
10.763987
8.712592
6.699125
10.188365
9.073204
9.318473
8.509212
7.925899
8.094974
11.463995
10.355708
8.027532
11.586679
10.451469
8.920224
11.260121
12.806260
10.012422
8.514704
11.168914
7.408700
7.075869
10.267393
8.427097
8.840702
12.228576
10.495632
11.916194
6.976678
7.816273
9.035880
11.841044
10.872630
8.812011
5.818836
7.735092
7.719898
7.186974
7.249514
5.501851
5.885711
5.693882
9.440373
4.679013
9.103594
6.365562
8.864968
3.977205
4.306049
7.759920
7.297602
7.518479
3.917821
3.829644
5.091999
1.764481
1.668092
1.193755
5.626309
2.054435
0.241221
1.416145
2.675751
1.472447
1.976496
0.835454
-0.597667
2.897347
-2.479846
-0.982162
-2.563927
1.879557
-1.878878
-0.706847
0.199220
-2.567962
-4.082179
0.160932
-1.442408
-3.657653
-4.744475
-3.740894
-4.453697
-2.451733
-6.872135
-5.825506
-3.211133
-4.021667
-3.096395
-7.365139
-5.784943
-8.239591
-8.008523
-4.828049
-8.126112
-6.632382
-8.069071
-8.091872
-11.018584
-10.536615
-11.020566
-8.051984
-8.361857
-11.431120
-7.878828
-7.148538
-9.829700
-11.042006
-12.354248
-8.635626
-12.352083
-8.324431
-9.613597
-11.404515
-7.225290
-11.807705
-9.836285
-7.495161
-7.135166
-8.688555
-9.567620
-10.001858
-9.022747
-11.592971
-11.327820
-6.931113
-9.837010
-10.089541
-8.763730
-9.571017
-7.380752
-8.360451
-7.359731
-11.658040
-7.752000
-11.438145
-8.759133
-10.647561
-5.966977
-7.652391
-8.986048
-5.892595
-9.215828
-7.679157
-9.534130
-9.439150
-6.896113
-5.705620
-8.410681
-6.487913
-8.177520
-6.877601
-3.946882
-3.502742
-5.996158
-5.480383
-2.005226
-2.380726
-2.241287
-3.372686
-0.953035
-0.334657
-1.920468
-1.305713
-0.454211
0.310485
0.296477
1.839287
-1.859902
