-1.524919
3.509283
-2.038071
3.481824
3.313877
2.988011
-0.318138
4.177141
-0.031700
2.631912
3.361738
1.118693
3.235725
1.409278
6.575469
5.739580
2.199447
2.820977
7.602964
6.373877
3.962524
6.747153
4.027476
6.845145
6.575415
10.066475
6.724349
5.262745
10.251688
9.468711
10.865214
6.978105
7.332944
6.910118
9.387623
11.079143
9.183713
7.729146
11.135338
6.547973
9.835288
9.484356
12.077725
8.737384
11.331383
7.947395
11.775718
10.879442
8.123049
10.532129
10.419893
11.102758
9.435913
9.122011
11.376911
12.581995
7.822735
8.599655
11.240110
11.671267
6.668471
10.747691
7.976262
7.332487
8.225498
10.074580
10.460028
11.175127
7.296452
10.023610
10.633404
5.675103
10.287749
5.114770
8.203002
9.118044
6.000232
6.604109
3.606161
7.552665
6.522595
4.879852
3.775346
4.725893
2.278359
3.347716
4.509057
4.996404
2.147825
3.694169
4.828996
2.304731
4.733094
0.808029
1.192333
-0.267343
-1.438607
-0.143742
-1.395526
-0.983946
0.606449
1.209178
1.916394
0.541026
-1.462107
-3.371835
0.101652
-0.921009
-5.668224
-4.198717
-3.347604
-4.529174
-1.189496
-1.470605
-7.456863
-2.024403
-5.462436
-3.876626
-7.149594
-7.233999
-3.248187
-9.151580
-6.023473
-8.234412
-4.119495
-8.326312
-5.177007
-6.132560
-10.366255
-5.289957
-5.464172
-8.683325
-10.354517
-6.117849
-10.147570
-10.422188
-8.171125
-10.087364
-11.456418
-7.360463
-11.550415
-9.908676
-8.578032
-12.020721
-7.186617
-9.128014
-11.213569
-12.901671
-11.929417
-7.347006
-12.465146
-12.666178
-8.531904
-11.617589
-8.487442
-12.568098
-8.231354
-10.097700
-8.066392
-11.632285
-12.362288
-6.401621
-9.420970
-6.688078
-10.265929
-11.188743
-8.660864
-10.294502
-7.175400
-8.304959
-5.285579
-9.166743
-9.302292
-8.649290
-6.583310
-4.452830
-7.435702
-4.811454
-8.635260
-6.505351
-4.301487
-3.632384
-4.877711
-2.547038
-7.434508
-4.630152
-3.076069
-3.720660
-1.572747
-5.245247
-3.868664
0.161495
-1.582729
-2.117360
-3.271630
-1.698122
-0.277372
-1.378934
2.151569
0.496180
