1.376631
-2.111651
2.025361
3.429476
-0.011269
-0.230250
3.287248
1.071940
3.603640
4.257825
5.587102
5.214179
5.137257
3.912955
7.497418
5.557004
2.511921
3.899324
2.799681
8.396609
8.297244
8.725007
6.271696
9.660983
10.051392
9.884253
6.058244
9.597779
5.141664
7.287809
11.065352
5.645392
6.094750
7.861492
10.211606
10.388419
10.168401
8.377440
11.720922
9.467748
7.613677
9.701171
11.028992
12.743711
11.988297
10.815762
8.327442
9.831278
9.120003
9.280297
11.789223
7.352740
11.134482
12.247006
7.109903
11.953907
6.862933
7.163266
10.028002
12.409334
8.634780
8.459764
9.066992
8.948521
8.902655
9.289487
8.657973
9.939489
5.397221
8.036005
5.954196
6.563769
8.878636
7.216132
6.026994
7.657283
8.044338
9.310522
3.228315
8.006780
5.585631
4.616417
5.042809
3.594011
4.651859
6.904564
1.933884
1.798298
2.993114
3.153851
2.137261
1.605011
3.609617
1.687840
3.110965
2.620433
1.774396
1.669160
2.772239
-1.083389
-3.224404
1.578109
-3.283014
-3.136988
-4.345442
-4.038886
-4.141242
-2.563351
-5.761262
-5.327152
-3.571029
-5.687720
-6.874168
-3.743187
-4.421336
-4.760521
-5.295516
-8.151749
-7.418444
-3.132657
-8.284035
-4.892081
-5.101362
-4.405756
-7.160977
-8.120136
-9.685288
-8.582806
-7.173674
-6.325527
-10.915812
-7.346857
-10.533582
-7.725300
-6.564634
-10.524833
-11.667911
-8.687882
-10.993115
-10.542962
-8.993143
-11.145410
-10.144138
-12.125094
-11.437657
-8.638835
-9.281754
-11.529875
-11.659619
-12.807415
-8.670970
-7.822837
-8.985140
-8.008548
-9.748576
-12.451102
-8.914835
-7.437373
-7.870031
-8.910759
-9.582102
-8.483228
-8.979578
-9.885696
-6.004871
-7.910340
-6.463547
-9.337528
-8.529692
-8.231007
-9.889979
-8.481745
-9.636110
-8.206589
-7.466822
-4.450677
-8.545915
-7.633481
-3.979974
-6.259853
-4.537385
-5.499811
-3.141381
-7.374605
-4.843183
-4.600447
-4.781767
-2.520013
-5.556461
-3.485157
-0.622705
-0.362725
-4.500901
-2.880434
-1.422615
0.198357
1.157409
-0.939868
1.660466
1.958399
