2.669582
-1.981396
1.998689
-0.193895
1.978218
-0.202663
-0.226843
3.691995
4.998723
0.982793
1.703085
4.925451
4.971398
2.435649
6.797876
5.856965
4.307735
3.023587
3.736408
4.134857
6.890177
8.763168
8.377395
6.898127
9.776014
8.859880
10.427374
4.866938
7.082053
7.872343
5.408106
9.670283
10.280452
8.497835
7.756637
6.448248
10.268046
10.239959
11.803401
10.481148
6.657702
10.365732
12.630456
11.882018
8.027443
7.276394
12.274691
10.822859
10.310919
11.009160
12.177743
12.860532
9.038081
12.677877
7.360931
8.120043
8.249110
9.862609
9.322047
7.529326
8.494446
10.690315
11.401853
10.180605
6.465683
9.843594
6.124968
11.298652
6.729746
8.424258
9.621172
10.406351
5.697714
9.022053
8.869979
7.315589
5.317272
7.592180
8.402537
7.001891
7.895753
2.668830
6.934257
6.114144
3.834658
1.306458
5.709483
1.416837
5.159327
4.634491
3.412873
1.227866
-0.249555
-0.275414
-0.756399
-1.644714
0.028588
1.574283
-0.967510
-1.695311
-0.028968
-2.847196
-3.615640
0.330024
-3.865127
-0.410822
-1.074918
-1.165295
-2.800137
-4.349929
-3.328660
-2.167773
-5.325965
-5.093888
-2.782236
-4.564731
-5.357308
-3.622526
-8.115249
-6.120227
-5.471145
-4.608646
-6.038924
-8.516555
-5.736005
-5.006443
-9.461334
-9.925610
-9.187942
-8.091455
-7.149466
-7.879683
-7.745663
-9.789932
-8.050246
-9.986975
-6.676619
-9.421630
-8.100766
-6.839254
-9.520026
-11.135923
-7.875620
-7.324411
-8.717436
-9.451663
-10.939512
-9.674788
-11.369097
-7.073121
-8.790089
-8.525213
-7.369570
-10.682932
-9.636719
-10.597556
-7.388048
-8.372032
-11.539381
-8.810852
-6.919290
-7.334309
-7.037628
-6.724100
-7.168553
-7.020061
-5.807198
-10.723399
-11.098448
-6.171148
-5.511612
-10.175703
-5.192301
-8.839449
-4.770751
-4.925861
-4.347564
-5.890795
-5.704526
-8.401007
-3.530807
-3.926599
-7.587332
-2.398674
-1.638756
-2.211436
-3.998840
-6.333062
-2.678273
-4.421980
-5.315119
-4.530649
-3.210963
-1.242438
-3.525624
-0.783392
-0.693062
-0.155624
0.746907
1.923653
