-1.145755
1.356747
2.759824
1.619107
0.235383
2.509016
1.032863
5.394136
3.503535
0.214158
2.333520
1.102403
3.806962
5.150189
5.803579
4.268986
4.068087
7.356547
6.925520
4.639723
7.046891
5.155611
8.537779
9.675294
8.613731
10.050118
10.052014
5.445432
8.571312
9.793052
5.849790
9.993530
9.377562
5.904221
10.175868
8.109745
8.636697
11.473206
9.763782
6.660016
7.792681
9.449144
7.433608
8.649665
9.321184
11.640935
8.962455
7.650383
10.148246
11.367099
8.843680
9.054332
12.932668
8.833661
11.039188
9.851938
12.722480
7.299251
8.781415
6.741519
8.951879
11.428809
7.525015
7.018102
11.826949
9.730407
7.688791
5.882646
8.852954
7.132515
5.961841
5.037362
8.532382
9.005010
4.223486
9.588361
4.264858
4.276661
8.965882
5.426560
4.441515
7.046527
6.260133
3.681275
3.696435
4.659875
1.772881
2.384145
5.937082
4.837715
1.591176
2.159663
0.457415
1.273918
3.720794
1.088430
-0.634940
0.318407
2.494249
-1.950319
1.522074
-0.128754
-0.971310
-0.496822
-1.299396
0.996281
-2.348173
-4.495605
-4.916470
-5.722359
-6.242598
-2.310361
-2.738137
-5.630692
-5.638822
-5.988016
-6.468453
-2.931913
-3.366105
-3.230214
-8.768824
-9.028276
-6.990186
-6.379532
-9.714928
-7.590341
-8.298763
-6.288517
-6.866749
-10.576553
-7.798191
-9.840479
-5.778562
-8.841935
-9.045034
-8.000899
-10.432890
-11.317478
-12.229872
-11.425461
-8.843105
-7.964273
-7.279581
-10.301807
-10.463243
-12.127245
-8.022595
-10.923773
-12.623206
-8.750043
-8.712938
-12.367465
-11.529575
-11.671923
-8.378927
-7.818861
-9.323691
-9.983664
-6.648721
-12.075793
-6.525767
-9.427190
-9.679003
-8.372391
-9.926537
-7.732712
-8.971105
-7.261692
-11.242877
-9.273059
-6.469924
-5.432417
-9.156738
-6.806474
-9.026288
-6.684332
-4.995899
-7.008787
-3.936389
-3.905476
-7.031366
-3.463399
-2.893296
-4.115749
-2.450943
-5.257863
-5.392592
-2.815818
-4.949171
-2.673400
-0.360748
-1.771519
-3.427654
0.426178
-2.174698
0.723747
0.230715
-0.944665
-2.362670
1.752249
