-1.544966
-0.579762
3.112528
-1.324405
0.797791
1.526398
0.175736
4.807341
1.158470
4.026408
4.060953
6.173433
1.500406
4.813316
5.300076
4.330380
5.749986
2.706996
8.366267
3.763877
5.728221
4.036674
9.133270
8.936653
6.571108
5.021009
10.209870
5.744555
7.846800
9.446378
8.128927
10.558624
9.825785
8.904025
10.533444
7.797205
6.796078
9.263700
11.976934
7.430368
9.421741
8.919036
9.086915
9.118693
10.228397
11.972093
7.370539
8.023062
10.268525
10.382283
8.900541
10.578152
10.273557
12.391829
10.842856
12.792769
11.013683
9.226424
12.318016
10.424318
10.885605
11.296802
10.758719
9.795629
9.764867
10.413946
7.342026
10.075238
9.397581
9.180019
10.039135
7.706573
5.358703
7.040700
9.622653
8.638609
7.515678
8.269815
3.169473
5.575985
7.627224
2.624900
5.066125
3.926612
4.201399
2.941028
4.785167
2.970479
0.787706
4.788879
4.430470
4.467335
2.079761
4.552570
1.568212
-1.729770
1.611180
-1.074212
-0.685047
2.492817
-2.452957
-3.562319
-1.339221
-1.755905
-0.946024
-3.830138
-4.602096
-1.264393
-0.422154
-4.570813
-0.420818
-5.250695
-5.561665
-4.850794
-6.903127
-7.800397
-4.414728
-7.772568
-3.613554
-8.060021
-4.333401
-6.037208
-4.745937
-7.703709
-5.591859
-9.536940
-5.093461
-10.366503
-5.914201
-9.682103
-9.638182
-7.395286
-6.244283
-7.454312
-10.546995
-6.286935
-10.806051
-9.437028
-6.597589
-9.802817
-8.102689
-11.901861
-7.477393
-9.476679
-9.015413
-8.279884
-10.825242
-9.702144
-10.886478
-8.022423
-7.558511
-8.522027
-10.106732
-11.503200
-12.142647
-12.144904
-12.366811
-6.924121
-10.640869
-8.617146
-8.359243
-8.383390
-7.471399
-11.237733
-9.080506
-9.837019
-9.988294
-6.973598
-5.654560
-6.567584
-9.693046
-4.705560
-9.846751
-7.457524
-9.784303
-6.023127
-6.767218
-6.522070
-6.022625
-7.340511
-3.558358
-8.135354
-6.050288
-6.007424
-5.043812
-5.970361
-1.166980
-3.801786
-5.633568
-0.182033
-4.938955
-2.725612
-0.229252
-3.937790
-0.516273
-2.685022
0.231812
-0.966151
-0.238132
-0.338008
