2.598493
-2.163405
-0.715156
-0.712084
4.124544
1.767615
0.126919
2.706698
5.509109
2.930532
5.787018
6.669847
1.482949
4.477180
5.196915
5.977998
3.220824
8.099510
4.974273
6.649513
3.969133
6.787449
9.060845
4.964234
9.601812
4.401657
7.193846
5.450820
6.560193
10.784271
11.013745
9.386415
10.570246
6.454407
6.369791
9.508530
11.583937
8.859440
9.643170
11.616674
8.456821
7.216461
10.664583
7.432409
9.804137
12.797155
11.032143
9.158128
11.674454
12.625874
8.173222
8.067054
12.774383
10.941936
12.668501
7.921732
8.478129
12.322305
11.269379
10.893276
9.989431
6.922877
9.061199
9.459899
5.966007
11.513770
7.027895
10.308401
9.496466
9.108364
6.265116
8.985472
7.148963
4.359741
7.610312
9.176576
9.201421
5.396239
8.767300
6.322865
5.458395
4.756594
4.184916
5.888034
4.918381
1.356831
2.148172
1.162548
4.641779
0.442870
2.480951
3.856745
4.703984
3.877029
2.750697
2.659464
1.265697
-2.074183
-1.353376
0.396561
-1.752677
1.114722
-2.361407
-2.871237
0.004238
0.029393
-4.740723
-1.274091
0.008980
-4.605018
-3.701668
-4.148515
-5.944332
-1.721256
-6.980505
-7.049848
-4.345350
-5.880306
-4.025304
-7.081660
-5.607857
-6.155676
-5.011895
-9.622560
-9.276051
-8.811893
-7.963400
-7.264197
-5.816686
-10.161244
-9.586176
-9.111338
-10.018388
-11.758669
-11.308312
-11.210447
-8.840795
-10.097483
-7.050359
-7.572157
-9.919063
-12.199655
-12.131396
-11.044727
-8.640463
-8.417714
-12.697313
-9.982570
-11.941479
-8.497574
-9.723412
-10.269237
-10.922195
-6.944957
-12.109278
-9.442581
-10.713522
-12.283220
-8.834492
-9.796820
-6.439621
-10.658015
-10.456595
-7.917839
-9.776433
-10.040883
-8.094881
-7.166341
-7.214131
-5.462304
-10.724567
-8.569524
-5.511555
-5.731910
-10.051020
-8.379162
-6.860048
-3.624844
-6.907684
-5.923034
-2.754168
-2.672036
-6.956624
-6.619183
-6.228361
-5.251972
-1.475346
-3.410960
-1.903789
-0.310160
-3.006163
-0.004967
0.042292
-2.591312
-3.349010
-0.069307
-2.979795
-0.745916
0.624934
2.562057
