1.977606
0.553947
-1.586909
2.760052
1.756915
0.402501
3.686408
0.114656
4.136873
0.528024
5.189090
5.549987
2.922242
5.227505
3.345541
7.595471
3.294434
7.768065
3.622119
3.655803
6.276161
3.804745
7.368180
7.135651
8.581478
8.734264
7.376036
5.012794
7.002764
10.104221
7.505152
5.827639
6.682806
8.368840
10.507684
9.942970
12.055913
10.118243
10.019769
7.433969
9.724281
9.201842
11.801572
10.699105
8.770874
7.559328
9.911878
10.393387
11.259482
7.778413
7.147635
12.269279
12.069578
10.750045
7.671403
8.775642
10.340520
8.308161
10.885553
9.246124
8.913064
7.183274
11.532759
6.241841
10.095990
7.986727
7.832527
10.331372
10.689992
7.618422
7.109786
5.881108
7.071443
5.501822
5.096283
8.578541
4.800480
6.198586
7.970663
7.176720
6.517458
6.040751
2.434114
4.521399
5.257435
6.279814
1.928201
6.501733
3.785977
2.065865
4.502217
3.411374
2.460738
1.367851
4.365776
-0.012839
-1.886541
2.098958
-2.125057
1.134330
-1.574552
-1.453745
-3.339752
-3.395698
-0.985008
-2.149587
-4.982874
-4.573581
0.015607
-1.698306
-1.487608
-2.517097
-6.383503
-5.919696
-1.680877
-6.495823
-5.031672
-3.992581
-4.530750
-3.369840
-7.212413
-6.264843
-7.550172
-5.523637
-5.130455
-4.547701
-5.772765
-5.290058
-7.083058
-9.369082
-11.049018
-7.834890
-6.973440
-10.095185
-9.442327
-9.103881
-11.356813
-12.190354
-10.593567
-11.600269
-12.544012
-12.563689
-11.000809
-8.763360
-7.754851
-7.210770
-7.747612
-7.674925
-11.032674
-11.160309
-12.456351
-9.132643
-11.935694
-8.097041
-7.357334
-8.683530
-8.389602
-8.752261
-9.706247
-8.910732
-10.125844
-11.933314
-6.422626
-6.507584
-9.426514
-5.979101
-10.766503
-8.439647
-11.222251
-8.772265
-9.553002
-7.261643
-4.727617
-6.533875
-4.129700
-8.501902
-9.430309
-7.035580
-3.523777
-3.625393
-3.984020
-4.430492
-2.510884
-7.803329
-5.356202
-3.806887
-4.795155
-4.960584
-4.825533
-1.661311
-1.590176
-2.444596
-3.387949
0.945982
-0.741142
-0.707947
-3.528258
-3.093795
-2.664954
2.156351
