3.282292
-1.285179
0.703820
1.617781
2.501502
3.747131
3.839614
1.266333
0.871334
5.141657
4.314116
4.328873
3.836214
4.927266
3.809593
7.015602
4.971997
5.124374
4.430596
6.206028
6.584832
4.239407
7.940466
5.045992
5.748274
8.481548
5.644736
7.236711
6.147682
5.922290
10.153370
7.414022
8.490932
6.165017
6.402342
7.953026
8.065016
8.326332
10.332989
9.031888
11.595442
11.931119
10.057325
8.850958
10.128780
8.425489
9.164654
12.078568
12.186644
7.444675
12.664975
7.072172
7.431251
11.444214
9.114076
8.079426
11.776698
11.834386
11.239279
8.599115
12.214470
8.248340
9.562198
7.376604
9.432571
7.663311
9.837132
5.873891
5.817012
6.198597
6.056956
5.643971
6.135283
5.385998
4.282874
4.271232
3.747802
7.053888
4.754717
5.695895
3.675159
7.224827
2.206404
4.897012
7.046379
5.747102
5.649354
2.874074
6.166312
2.219981
5.031331
3.896057
1.715687
1.959303
0.579351
-1.059318
2.661617
0.479920
-1.824115
-0.081264
2.127526
-0.990414
0.004199
-1.489942
-3.868870
-2.779116
-3.394403
-5.456545
-4.790454
-0.842623
-1.976826
-6.261858
-6.076121
-1.620098
-2.254298
-5.869501
-5.311045
-4.051291
-6.050140
-5.662203
-3.427368
-6.385994
-4.708062
-5.431107
-9.121873
-5.539937
-10.419011
-6.364196
-7.946893
-9.065744
-6.741904
-7.204332
-8.952051
-6.833508
-7.013905
-7.151232
-9.171183
-11.315441
-8.904671
-7.055844
-10.865155
-10.560691
-10.780410
-8.460530
-8.686747
-11.248546
-7.752691
-12.468470
-12.585179
-7.190483
-9.244614
-8.359185
-12.083291
-11.038047
-12.872949
-9.466133
-7.226434
-10.013901
-10.507345
-9.432198
-11.873119
-7.715064
-9.847186
-11.161216
-9.599663
-10.127998
-9.811936
-11.374082
-9.837550
-8.318807
-10.056513
-8.450242
-7.785411
-7.128611
-6.762670
-7.851232
-8.323383
-8.479483
-5.766329
-6.906016
-4.698778
-3.609838
-3.225019
-3.719967
-5.844517
-4.133833
-3.660622
-3.791503
-5.532913
-4.038998
-0.600365
-4.006384
-4.062588
-1.716040
-2.268700
0.812641
0.312977
0.482951
-1.455103
-2.913333
