2.369545
-1.619025
0.441158
-1.060947
-0.609414
1.987751
0.281173
3.251801
2.716534
4.717201
6.110077
5.745008
6.500320
1.753723
1.814794
1.919820
3.033835
8.110466
6.073679
7.386299
9.000175
6.931017
6.755102
4.853528
8.712362
6.867499
4.943631
10.491901
5.395879
5.134421
6.251371
7.126790
6.141118
7.274069
8.859544
8.089673
9.518272
9.789841
8.286957
6.582910
8.999956
7.263117
11.430312
9.814830
9.292475
6.963748
11.794829
8.261977
12.941800
8.052579
10.887434
10.463257
7.273296
9.619312
12.732569
7.515164
8.208276
10.847088
10.908993
9.195448
12.035884
11.243679
6.214575
10.918579
7.183459
6.598581
11.042897
10.691438
9.299193
9.958208
5.867047
10.583778
9.896596
5.444405
6.360713
9.494177
8.393998
6.176391
4.078857
4.695197
6.864037
7.664950
3.705316
4.885955
5.577981
4.543373
6.866508
1.607127
1.904926
5.311865
5.726791
3.893357
3.953391
4.308386
4.536022
0.568361
-1.345723
1.657301
0.252134
2.327782
2.422018
0.265605
-1.211501
-0.834364
0.340957
-2.944603
-2.694043
-1.895654
-0.282507
-3.808289
-2.509039
-3.120096
-4.074713
-4.617876
-3.235195
-2.565332
-4.554231
-6.902979
-2.787572
-5.824079
-7.181425
-5.740615
-9.466588
-4.762610
-9.049773
-10.180437
-5.586242
-7.671765
-7.003242
-7.995424
-11.237143
-8.103964
-11.526393
-7.881040
-10.774549
-6.654106
-7.034025
-11.417096
-6.827381
-11.136362
-8.711447
-12.101201
-8.467319
-7.691865
-11.069931
-8.423748
-8.581911
-12.688084
-7.720369
-11.331235
-9.093901
-8.200577
-12.705394
-9.191152
-11.025040
-6.939410
-10.698150
-11.382531
-11.989910
-9.199520
-10.829173
-12.198844
-7.100534
-10.860998
-9.449897
-6.049451
-9.089699
-6.692168
-6.718152
-6.093139
-9.811376
-10.419893
-7.589826
-6.286471
-9.119014
-6.998443
-4.765353
-6.144104
-9.082724
-4.377232
-4.684295
-2.819117
-3.845993
-4.366857
-4.662555
-2.064704
-6.109751
-2.445966
-1.930954
-0.215720
-2.241257
-3.411563
-2.018124
-2.139061
-3.677975
-0.739308
-1.414923
0.101764
-1.003357
1.845250
