-2.536396
-0.511267
-1.621946
2.925804
2.703814
3.773419
4.920730
0.985423
0.712761
1.121900
2.551976
2.262667
6.075424
1.726543
7.054204
5.333317
3.958072
8.000132
5.830766
6.946384
7.693693
7.518337
9.202058
8.570029
4.933974
7.630563
10.043140
9.878590
6.464551
9.990843
8.039361
7.764458
8.896199
7.140283
11.133781
8.367892
10.384961
11.419848
10.452359
10.508108
7.200001
10.352763
6.844034
12.109517
8.116277
12.739752
11.428386
10.208608
9.783550
11.703606
10.946854
11.964754
10.321124
12.594296
10.264558
7.770303
8.424827
11.827804
7.981149
11.563836
6.781677
8.472212
11.399407
9.843233
7.892103
7.477691
6.985652
9.604067
6.376444
7.085906
10.531393
6.546980
7.187500
5.307921
9.887756
6.741145
8.533567
8.874439
7.894025
7.843796
5.421794
5.637146
6.641394
7.309309
1.889692
4.790335
2.567813
5.608646
4.164018
1.074294
3.982249
-0.238065
0.805906
3.229913
2.231322
-0.143056
-1.911069
0.363060
2.660166
-0.177086
0.791823
-1.875138
-1.050815
-2.555990
-2.295074
-0.691640
-2.321364
-3.135046
-1.637051
-4.561287
-4.997482
-5.423971
-4.533678
-2.479992
-3.471972
-2.603507
-3.499165
-8.305554
-5.167009
-8.757364
-4.443348
-9.144508
-5.648814
-8.253396
-6.308499
-6.215502
-9.747613
-10.520461
-10.776735
-6.536651
-9.694435
-10.939902
-8.037103
-9.262592
-7.324666
-10.398988
-9.277746
-11.320104
-7.933185
-7.123501
-8.498923
-12.483991
-7.454654
-9.175478
-6.930067
-8.795679
-8.051698
-10.583044
-11.995067
-12.139619
-12.156112
-9.636157
-8.870655
-12.879876
-10.179092
-12.805873
-12.144832
-9.337048
-12.519424
-7.408282
-9.472052
-9.002845
-11.722055
-9.405413
-10.458684
-11.337626
-10.538380
-5.659154
-8.729879
-9.190553
-6.654211
-6.467973
-5.430371
-8.869618
-5.953466
-7.393720
-5.022680
-9.219813
-6.594807
-8.868202
-5.342003
-4.642016
-3.690761
-3.876479
-4.779009
-6.613469
-5.228693
-6.194688
-2.087607
-4.398293
-2.296022
-1.204325
-1.871574
1.030490
-3.927792
-3.027999
-2.361281
-1.176968
-3.075227
-2.221850
