0.964734
0.310875
-1.940618
0.803867
2.023026
-0.409886
1.989434
2.736930
0.646095
3.728143
0.743509
6.202267
3.501883
4.562424
5.032290
7.339276
3.384696
5.214484
6.295666
4.236041
5.261623
8.194476
6.498842
8.103692
5.914215
7.353505
9.188126
8.742929
10.407319
6.096462
7.399052
6.052859
6.703705
6.555366
8.210417
7.627368
9.765817
10.337867
6.890893
10.044930
12.306998
10.401503
9.782014
12.659535
10.953813
10.993948
7.336937
11.643909
7.607066
11.102816
12.764667
12.974741
7.804030
12.407684
8.287383
9.423056
10.006978
11.593472
11.389789
7.820910
7.045421
12.107180
10.630894
6.717684
6.754609
10.999280
6.076208
8.012273
5.728623
6.466677
10.641067
10.692008
8.671711
9.419241
6.187199
4.399980
5.259238
9.290395
5.546038
3.879465
6.950656
7.900707
7.570447
6.492759
3.772343
3.952903
3.277800
5.563266
5.880603
2.897889
4.989031
2.300378
5.147381
2.945685
-0.552290
2.032539
3.348044
2.937480
2.566089
1.451364
-2.532654
-2.253239
-1.001006
0.813041
-1.077501
0.785825
-3.402120
-0.018625
-2.984303
-2.836305
-5.270203
-0.845870
-1.888608
-1.448406
-1.560557
-4.130644
-5.842161
-2.397917
-4.055149
-7.374776
-6.810378
-3.960184
-9.483709
-8.651603
-10.069568
-6.282624
-6.130980
-8.496973
-8.303665
-5.785278
-7.262745
-8.508085
-11.008934
-6.007033
-11.143812
-6.452084
-9.953669
-10.280144
-9.763538
-6.524858
-9.662280
-10.177564
-10.210196
-12.654584
-12.658138
-7.898167
-8.336031
-8.269465
-12.493832
-12.578597
-12.433164
-9.339004
-12.116726
-8.322615
-12.510573
-11.585701
-8.312182
-10.173949
-9.858883
-10.298736
-8.752719
-9.591300
-7.789991
-6.947477
-8.755026
-9.450141
-6.413377
-9.718933
-7.558000
-5.820985
-5.549694
-6.898177
-6.041746
-6.625791
-8.836455
-8.927972
-3.971073
-8.055258
-6.864131
-4.593522
-7.606046
-3.955912
-4.115681
-4.413175
-5.622171
-7.169232
-3.000602
-1.022146
-1.858402
-0.294966
-1.059858
-0.217391
-4.019230
-1.812081
-1.828181
-3.913997
1.457176
-0.468739
1.298589
1.112752
