0.198686
-1.010010
2.827135
0.753875
3.063189
1.506782
4.457736
3.694067
3.898237
0.411744
1.872831
1.164147
4.699943
2.688840
6.924863
1.989900
2.264602
8.121811
5.503238
5.126764
4.671140
8.987150
9.379141
5.919407
8.298378
8.275328
4.561542
7.292618
6.042313
9.412129
8.032313
6.011528
5.669290
11.551336
11.331245
8.814109
7.095299
9.691348
6.722369
9.244145
10.866439
11.877445
8.548202
7.674321
9.003525
8.912240
8.198728
10.507894
11.261501
11.228136
9.160749
10.517290
11.149243
7.871887
8.339888
11.739184
8.261381
8.570340
8.497560
11.331674
11.632419
9.905143
10.567301
7.820783
9.855521
9.045757
10.019622
7.541798
8.937731
7.887394
5.919810
6.588138
6.709729
8.593749
5.253107
5.084704
4.004822
4.445363
8.674481
3.722492
4.182299
7.750982
7.592088
4.436683
7.080651
4.051222
3.073480
3.662476
1.066859
3.759848
3.634013
3.036974
5.040633
-1.019767
0.838065
0.562489
-0.770828
2.892229
1.105169
2.103757
-2.406167
-2.219353
-3.880830
-2.282780
-1.197534
-2.472286
-2.536488
-3.721409
-2.944381
-0.608163
-2.697347
-1.055833
-2.263247
-4.174159
-1.678121
-5.196459
-6.626294
-6.818387
-4.643088
-4.319121
-4.533932
-8.529336
-5.133801
-4.737858
-8.070009
-8.046343
-6.845348
-4.886674
-9.989278
-6.341672
-6.931580
-9.090314
-8.262235
-8.074984
-6.288839
-10.229828
-9.817423
-7.884291
-11.211846
-9.099193
-12.195341
-10.124683
-7.993231
-10.159989
-10.318219
-10.053417
-7.919172
-9.104016
-12.227911
-7.253683
-10.625367
-10.643137
-8.808741
-7.343885
-10.982135
-9.553973
-9.785454
-12.218210
-8.180789
-11.871069
-10.364709
-7.610201
-7.964736
-9.356256
-9.042632
-9.623690
-8.438027
-9.109840
-8.308648
-6.642157
-5.122951
-8.885928
-7.294114
-4.340773
-5.054308
-4.738835
-6.998077
-6.263442
-6.923396
-5.747165
-5.529303
-3.635198
-7.691767
-3.030813
-6.074460
-6.672628
-1.016893
-5.398736
-6.226834
-0.914376
-4.456961
-4.422532
-3.204767
-3.763022
-3.252175
-0.454719
1.373813
-0.877214
-2.881066
1.979321
