2.509401
1.300802
3.065865
1.094361
1.133329
2.642860
0.296814
2.656638
1.649285
3.833013
1.807981
3.090071
5.885091
4.422915
4.517570
6.384081
5.366338
4.140056
5.565875
7.061145
7.251040
6.209483
5.774165
7.328647
8.940191
6.100312
9.294275
9.468931
9.231808
10.357747
9.751000
5.524954
10.640205
5.842140
11.126027
7.842625
10.818482
11.536497
8.313203
8.607229
7.647853
10.180652
12.171347
10.675199
11.559205
7.401732
8.814084
7.710371
7.694530
8.079285
8.294740
9.735463
11.530705
10.939811
12.221090
12.346131
10.672298
7.896288
8.284146
11.350806
6.693369
9.738140
10.058136
6.740735
10.132448
9.637349
11.260225
5.815548
7.834329
6.925383
9.225277
6.675338
5.888331
8.862342
8.991260
7.895026
5.972623
8.029969
5.930560
4.921423
8.281776
3.989038
3.891851
4.145612
2.635741
3.484837
3.451219
3.243016
4.962880
1.440472
0.599304
0.087800
3.157513
2.843407
0.044813
4.045486
0.908425
-1.200690
-0.472945
0.094600
-2.676994
-3.179690
-1.296780
-1.748245
0.300950
0.497691
-4.836456
-2.315260
-4.557671
-0.716536
-5.878695
-4.026479
-3.327605
-4.571136
-6.902132
-6.662405
-5.034610
-4.069863
-6.974589
-4.082196
-3.945881
-5.395554
-4.135195
-6.120114
-9.498986
-7.254230
-5.213938
-4.741229
-8.111330
-8.655369
-8.333660
-7.757991
-11.230357
-5.898263
-5.929586
-11.840530
-6.759021
-7.757550
-12.011780
-7.258852
-7.855595
-6.833820
-12.005684
-12.322393
-9.229518
-8.542394
-10.115169
-7.485437
-10.813155
-10.855380
-7.360515
-12.396787
-7.788460
-9.346910
-7.005513
-11.483558
-12.124275
-9.205616
-11.213656
-7.650223
-11.298416
-8.284540
-7.082319
-6.983430
-10.384953
-11.232728
-7.818484
-6.687076
-7.636928
-9.856800
-6.394384
-10.403481
-4.828839
-9.946806
-9.167563
-8.542464
-5.905063
-3.911862
-4.669104
-7.873694
-6.673182
-5.297022
-4.102524
-4.642238
-7.467833
-2.578657
-1.145781
-4.940468
-3.077195
-3.040503
-4.974427
-4.417749
-3.520448
-1.355611
0.840920
-1.794934
0.521668
-3.263380
-1.803894
-0.867962
