1.037369
3.490469
1.461354
-0.575640
1.531752
1.347355
3.279646
4.997782
2.398361
1.623004
4.577223
4.390018
3.657267
5.131385
2.013411
3.646814
2.928019
3.302888
7.597997
6.120228
7.479125
7.814647
7.089940
7.175866
4.735459
6.343953
8.081609
5.848987
5.077624
8.400239
6.408632
8.023196
7.307800
8.646758
11.316350
7.316857
10.660022
9.464417
12.067023
8.351580
8.816239
7.755562
7.520415
11.503802
11.042277
11.963392
9.681240
10.101105
8.858887
7.324991
9.682950
8.311166
11.829452
10.098661
10.140766
10.486675
7.185870
11.581374
10.421593
12.342522
7.301537
7.580802
8.576072
7.714700
11.393897
9.818284
6.108514
6.595622
9.752950
10.959891
7.716201
6.835258
6.646726
9.921189
6.606471
9.715234
5.348531
7.495736
5.159370
8.650232
6.388758
5.032724
4.846968
2.492915
3.388068
4.534530
1.125066
1.923885
6.322303
4.734047
2.769878
-0.396590
0.216365
3.417241
0.877639
1.755246
1.786652
2.667724
0.086380
0.137371
-2.961750
-2.055470
-1.795731
-1.348555
1.200797
-0.548421
-3.929929
-4.947076
-1.918136
-2.317148
-5.212259
-6.152350
-4.990954
-1.910293
-6.489921
-2.129458
-7.098517
-4.149035
-5.587059
-7.525923
-4.459450
-9.039094
-4.303057
-4.531213
-9.751182
-6.726367
-7.001240
-6.238172
-10.636873
-6.834160
-9.136456
-10.242109
-6.705369
-9.753207
-6.258789
-9.256902
-7.231660
-8.415821
-12.136348
-12.135822
-8.320435
-8.215858
-11.802033
-9.392608
-6.927528
-6.956459
-12.945581
-11.231242
-9.203534
-12.294494
-12.891697
-11.216034
-12.155395
-9.386441
-11.799830
-9.666706
-9.972114
-7.143457
-12.551853
-8.107846
-10.120551
-8.548825
-10.286321
-9.071564
-11.425359
-8.721086
-10.577733
-11.358030
-6.625302
-7.862919
-7.572854
-6.279635
-8.611867
-8.289595
-5.600279
-7.532479
-7.452020
-5.882992
-8.409159
-7.352909
-3.850413
-4.360253
-3.310957
-2.562951
-3.903182
-6.294419
-5.867643
-2.216463
-3.178602
-1.627809
-5.053262
-2.300817
-1.501470
-4.088841
-0.533548
-3.321703
-0.310829
-1.733621
-0.394401
-0.010276
