1.176367
2.147114
-0.824979
3.776363
0.589002
0.381433
2.050454
3.961857
3.040611
4.028500
3.929628
2.596015
2.534599
1.801976
7.396001
2.237814
4.083186
4.476006
5.095362
4.302393
3.906773
3.725267
4.735295
4.845760
9.901223
5.212030
5.515233
7.893103
9.048859
6.652030
11.014256
9.912646
8.459749
9.113226
9.307174
7.246441
10.780801
12.081567
11.527655
10.727170
12.520039
7.816632
8.605209
10.932997
9.038943
8.100566
12.637131
9.144036
9.173930
11.134189
9.617391
11.292900
10.976619
10.611230
9.017955
11.307358
10.255195
9.111422
10.313724
10.347621
6.529512
10.758010
11.430237
6.801252
6.613678
6.773065
8.357302
9.063296
7.640777
10.545473
5.514172
5.448322
9.703625
7.316091
9.229751
7.900320
8.831384
7.407702
4.752612
6.973017
6.534095
7.366271
4.632339
7.134238
3.748800
4.233180
1.965943
4.602818
2.080740
1.413030
3.253548
3.786968
0.969445
3.961723
3.336351
1.298542
3.512180
2.801255
-0.486165
1.667323
-0.899618
2.012689
-0.196184
-3.254072
0.976323
-2.000105
-0.722619
-2.238775
-2.476242
-2.590503
-6.011666
-3.865323
-4.119825
-3.924137
-5.658884
-5.964934
-5.795150
-3.227658
-3.493377
-8.595768
-8.807611
-5.355671
-5.215953
-6.371374
-7.113244
-7.629810
-7.047211
-5.735568
-6.858666
-8.407277
-7.523044
-10.574136
-8.757211
-10.562976
-6.039324
-10.133615
-8.960659
-7.380088
-12.214729
-8.352883
-12.391944
-8.112816
-9.399992
-7.879985
-7.268058
-12.215962
-7.506372
-12.935074
-7.102626
-12.702635
-12.049448
-7.599537
-9.338267
-7.478605
-7.497918
-10.529937
-12.433614
-7.980990
-7.371612
-11.207204
-8.674165
-6.515721
-8.405003
-8.420138
-11.404369
-7.074058
-7.620336
-7.229191
-7.819984
-9.849892
-8.706834
-5.550091
-5.066834
-9.710055
-7.812177
-5.204707
-4.600027
-5.141112
-4.450769
-6.855058
-3.712660
-3.868033
-6.228996
-1.878893
-5.712291
-2.074221
-3.582729
-3.337589
-3.765476
-4.825495
-2.757026
0.342510
-0.171671
-1.234793
-2.575878
-3.193301
0.250741
0.835812
2.449049
2.666067
