-2.368927
-0.821346
0.005465
-0.645650
2.658944
4.213764
2.666234
1.798784
3.476636
1.743452
4.443684
5.290234
4.350697
1.798645
3.788488
4.393340
4.137910
7.027530
8.192719
5.996205
4.903264
6.755828
5.528483
7.417708
5.511384
5.610960
7.158497
5.652827
5.029671
5.607249
6.872147
11.256535
8.585827
8.212712
11.056035
7.574162
11.518877
6.535545
7.723732
7.375806
7.342581
8.169909
11.224821
12.737824
8.227946
7.803578
7.750641
7.889404
8.366872
8.548864
10.994133
8.770582
10.559216
11.674350
10.411022
8.713552
10.083460
11.806605
9.357201
11.487820
8.668651
8.108354
6.465115
6.166999
8.590235
7.920884
10.337044
8.375369
6.853710
7.217793
8.068571
5.155281
7.598365
5.178409
5.185260
6.494948
8.760153
8.218296
3.320206
3.689612
3.223460
3.566485
3.699386
2.976813
6.819546
5.427097
3.027822
4.811703
5.948628
0.258786
3.525989
4.126018
2.983621
4.119754
-0.009497
-0.197570
2.991297
2.802257
2.918754
0.950096
-2.015601
-1.702008
1.562159
-0.979138
-2.500822
-0.397866
-3.690177
-5.338411
-4.913839
-2.236028
-5.102447
-0.920502
-1.880986
-4.875931
-7.043989
-5.555926
-2.760158
-4.143734
-2.995118
-6.692117
-7.536217
-6.218209
-3.719172
-9.089870
-6.104067
-9.481581
-4.595216
-5.876116
-6.867642
-8.103511
-9.472617
-7.814554
-10.071931
-6.868965
-7.769777
-6.208355
-7.799222
-11.599277
-8.984593
-10.908084
-9.041464
-10.768160
-9.327391
-12.226335
-7.690107
-9.666801
-9.110062
-12.709234
-11.790883
-7.644894
-10.924710
-9.483394
-11.397120
-9.037374
-11.821056
-8.101422
-9.414641
-11.767660
-7.234726
-9.146592
-7.351285
-9.950013
-7.937965
-9.375028
-7.806248
-10.126896
-10.026080
-9.003428
-10.200368
-10.248453
-7.651106
-9.676121
-5.710037
-9.387010
-7.542078
-8.848196
-9.532484
-5.151906
-6.042313
-5.007506
-2.931539
-2.611448
-4.443803
-3.636366
-6.156041
-7.060212
-1.238295
-6.414297
-2.007590
-0.719767
-2.596098
-1.212677
-1.327687
-2.140928
-0.533819
-3.722835
1.321164
-2.709188
-0.091995
2.205589
