0.063504
-1.262710
0.385526
0.299682
0.085337
1.300103
-0.391549
2.020005
4.182413
1.799913
1.788178
3.708018
6.489725
5.264590
3.480635
7.569321
4.546562
7.466050
5.441770
6.652090
5.236690
8.608987
8.984469
5.503710
4.740386
4.593388
9.330393
5.897711
10.521271
8.496564
8.406608
11.114229
11.251087
11.353484
9.578612
6.573585
9.771574
7.933109
8.795520
8.186777
8.190212
11.392123
10.822234
7.768640
9.926098
8.030669
11.526589
10.370293
9.731877
12.764317
7.633498
11.909486
7.063528
11.559379
7.242761
11.355183
8.372631
10.289100
7.021388
7.208960
7.726372
10.833272
8.172343
10.792726
10.196511
8.358192
10.763986
11.404746
6.121612
9.537113
6.820228
8.452348
7.902343
7.733273
4.394017
4.640584
8.775667
6.281489
6.912076
4.625183
6.730284
6.028267
6.438357
4.668518
6.701847
6.118921
2.393579
2.352744
5.177755
5.310320
2.303600
3.397821
3.248746
-0.416462
0.500124
0.407600
0.335508
2.378511
2.707242
-0.770962
2.236453
0.695042
-0.966840
0.666435
-3.530767
-2.763274
-1.551635
-2.413012
-0.964436
-3.314343
-5.896786
-3.930196
-5.285476
-3.683264
-7.336638
-2.054557
-6.034230
-5.991950
-6.486984
-6.249884
-7.416845
-7.333093
-6.240690
-7.823946
-9.689654
-8.009674
-4.675399
-5.926350
-5.585887
-6.085870
-8.944781
-10.102948
-6.072585
-7.184949
-11.006100
-6.922220
-9.635889
-10.817222
-7.081243
-7.687316
-11.562209
-11.802819
-12.143627
-9.539774
-11.953628
-12.400475
-10.734024
-10.437033
-9.621404
-11.000038
-7.043378
-7.532458
-7.270821
-10.397526
-10.778913
-9.979901
-7.590842
-10.259611
-7.060840
-12.340618
-10.538601
-11.833463
-7.197620
-11.504740
-11.474600
-10.013597
-10.984782
-7.306969
-5.949856
-5.650715
-9.635525
-5.893234
-7.389011
-9.703643
-7.720437
-6.051098
-8.871728
-5.583064
-4.917737
-7.743101
-7.388561
-2.837891
-5.570237
-3.511032
-7.399923
-5.071644
-2.983691
-3.747434
-1.987028
-0.943290
-1.876305
0.037537
0.024140
-0.099194
-1.755434
-0.646294
0.467010
-2.565742
0.254760
-2.762284
