-2.498650
3.279831
1.700498
0.470904
1.342709
4.563120
1.872384
5.186697
5.627562
2.012626
1.961573
1.368214
3.200764
4.059832
5.904380
3.071551
5.154414
4.607535
2.864855
3.052996
3.220871
5.076800
6.114435
4.352015
8.413977
9.699021
6.867534
6.399733
8.861672
8.935496
7.490623
10.292604
10.452835
7.271521
8.153046
7.059688
7.827179
9.845914
8.764489
7.827666
11.011115
12.049238
12.057014
12.644555
10.782286
7.426358
11.662722
11.849833
12.729424
8.550350
11.505941
11.389826
9.149177
10.767397
8.506151
12.073128
10.965189
11.639713
8.609975
9.224359
6.528942
8.754751
10.685244
9.943502
6.907722
10.120000
9.094202
7.763164
6.590035
5.445659
5.673803
7.683231
7.224630
7.820145
4.997768
4.976169
4.663369
8.237904
7.379868
4.652581
6.954253
7.429521
2.183546
6.561158
3.563322
1.870426
3.921903
5.385275
3.385756
3.730646
2.017100
4.515116
0.380079
0.709873
0.243015
2.656761
0.750951
1.515545
0.009875
-0.908620
1.922373
1.215184
-1.795690
-2.274168
-2.537181
-3.475837
-0.353300
-3.278434
-1.742497
-1.656870
-5.214964
-5.906607
-4.818084
-6.644751
-1.976978
-2.027157
-3.397737
-7.363254
-6.379805
-6.454430
-3.529974
-8.794690
-3.988729
-5.452651
-7.870260
-9.703561
-9.167628
-6.332791
-9.269815
-8.999467
-9.509016
-5.937063
-8.504665
-9.212119
-7.838250
-9.220911
-6.462307
-8.264683
-7.796742
-6.546135
-11.262769
-12.365470
-11.092353
-12.108721
-7.864818
-9.085771
-9.127087
-11.344308
-7.153197
-7.259441
-11.624388
-12.341258
-7.836216
-12.324056
-7.622370
-8.612693
-8.894024
-9.878104
-7.435562
-8.841057
-6.732959
-7.529743
-9.612360
-10.862530
-10.688042
-8.096805
-6.120375
-8.094132
-7.470766
-9.022867
-10.222513
-6.387826
-9.834274
-4.548121
-7.881531
-5.382432
-4.652182
-8.386477
-7.937222
-7.718134
-2.757474
-5.885494
-6.924874
-7.288338
-3.649688
-5.361487
-2.944132
-1.277575
-2.196759
-5.245034
-0.054359
0.404555
-2.896518
-2.433247
1.428182
-2.755129
-1.818707
0.359450
-0.028371
1.512575
