1.893350
-0.255798
-2.006030
-1.599637
4.041087
4.357706
3.467266
2.065369
4.825305
5.379980
3.057759
6.374389
1.855592
3.133622
4.364662
5.190797
4.715108
6.183338
5.851388
6.637195
4.626887
4.405005
4.434414
8.728697
4.297800
7.156345
5.369810
8.789798
9.594872
5.822099
9.429396
8.567743
10.592901
9.114353
6.934530
10.411500
11.568439
10.921628
11.671346
8.240867
8.001868
10.307725
9.554661
8.649446
10.931200
10.355337
12.570097
12.482043
7.633415
10.457521
7.045173
8.277231
10.804028
7.643109
9.619744
12.190804
7.809405
11.353492
10.346057
12.078669
8.595541
8.897605
9.035216
7.199949
10.082503
8.751033
5.650254
5.443780
6.839365
5.828617
4.929977
5.634653
5.940995
5.562837
9.943150
8.075204
6.729506
4.422559
5.901103
3.902943
4.247341
5.253036
4.236226
4.736997
5.565823
5.965973
6.221458
1.747633
4.772749
5.685354
1.921210
1.344146
2.333745
2.106035
4.345667
1.680090
0.581563
-0.422974
-0.704215
2.694216
-0.408709
1.873817
-0.981424
-1.313375
1.260417
-4.320552
-2.820242
-4.138822
-3.369149
-5.964317
-2.262034
-1.131866
-6.938720
-4.217936
-2.592977
-7.759038
-5.220990
-4.089109
-7.515630
-8.639619
-4.514314
-4.707303
-4.458927
-6.035154
-4.143861
-4.859718
-5.971276
-9.530175
-8.829695
-10.677776
-8.853549
-6.232745
-11.410677
-10.906149
-11.223020
-10.929494
-9.820187
-6.936975
-7.225695
-7.149581
-10.139443
-12.296583
-9.897407
-8.092697
-9.338646
-7.292747
-12.299560
-7.336744
-9.051044
-12.323608
-12.615069
-10.226833
-10.313388
-8.813381
-9.119279
-7.380135
-7.132137
-11.263071
-10.757408
-10.387250
-10.011476
-12.172429
-8.865720
-6.169781
-6.609445
-7.317225
-10.121473
-6.282539
-10.786732
-10.493999
-9.368749
-7.239077
-7.903402
-7.552547
-5.025880
-8.819926
-7.575287
-5.400951
-5.019898
-5.667596
-6.930077
-4.101995
-4.402728
-5.612922
-7.015739
-2.465480
-3.567545
-5.182947
-2.222696
-5.682541
-3.665501
-1.861291
0.427763
0.969056
-3.477843
1.672807
-2.070815
1.719094
2.450185
-1.121293
