-0.880306
1.834630
1.576777
-1.482572
3.632641
3.831236
5.045290
3.593278
5.573373
1.866628
2.249913
3.088594
5.503636
3.895800
3.207292
2.862999
6.448101
3.472704
3.551374
7.915398
6.618209
4.016408
9.317521
9.509389
8.325135
5.967300
7.448801
4.827760
10.069520
9.710023
11.167208
9.306750
7.185551
10.609671
11.817014
11.044380
10.345935
10.189289
11.764033
8.324979
10.231983
9.326872
12.219286
10.210747
11.450920
9.766466
8.138516
9.524978
12.006955
8.292337
11.814434
10.677864
10.199650
7.769925
8.764743
7.641066
11.873160
8.086835
7.315678
8.932608
10.045621
11.494582
8.856749
10.298412
7.655010
11.402916
6.082312
9.211112
11.129578
9.680689
7.211550
7.036490
9.848395
9.028091
7.041026
5.043960
8.516214
3.428452
8.064970
3.555887
8.535302
6.727274
4.178920
7.770524
2.206580
6.224613
2.623720
2.949482
3.001458
3.450595
4.880445
3.407878
4.945754
4.619178
2.878054
-1.562127
-0.139658
-2.315325
0.448048
-1.657168
-1.015009
-0.274746
-1.082428
1.301490
-1.110618
-3.006604
-2.031564
-1.284343
0.112820
-2.521798
-0.606742
-2.470241
-3.533427
-6.585395
-2.832448
-3.257602
-2.338248
-7.582683
-4.146620
-8.750471
-6.335959
-3.627838
-5.302451
-7.753718
-5.874895
-6.368021
-8.487013
-8.757373
-6.682876
-10.544379
-10.842588
-8.886009
-7.916587
-10.449412
-6.117437
-11.864484
-9.734979
-11.872051
-7.601449
-7.412344
-9.349970
-6.989755
-10.646844
-9.849221
-9.809833
-7.075959
-8.240241
-7.243445
-10.565279
-8.128802
-11.280515
-11.470724
-10.830442
-7.654403
-10.408553
-8.235017
-11.580482
-10.506959
-8.923958
-9.863716
-10.362630
-6.744088
-7.556954
-9.194881
-7.720253
-8.955724
-11.290412
-8.774229
-8.145934
-9.034026
-7.795503
-5.245873
-4.561685
-5.811551
-6.145049
-5.847977
-9.152644
-7.459922
-5.511121
-8.865277
-5.676058
-6.110415
-4.514380
-6.201869
-7.325006
-5.085341
-1.670810
-5.261858
-4.609241
-1.755400
-4.210934
-2.098680
0.759415
0.607273
0.285615
1.424556
-2.651348
1.597619
1.916104
0.627155
