0.857482
-1.242519
-0.677401
-0.459145
1.553540
3.136851
3.070881
-0.413597
1.302068
3.757038
6.244910
4.217521
6.452773
6.583911
6.909041
3.557097
3.004415
5.154484
4.749152
6.266595
8.148976
4.629618
7.131505
3.851913
5.473563
6.025626
7.217870
5.080663
6.190643
8.089795
10.915200
6.654412
6.053673
6.126295
7.602329
7.999632
9.110719
11.613074
8.549941
9.885144
11.935086
12.316133
11.876006
11.520168
12.266824
7.587990
12.134175
9.645797
8.578775
7.118700
9.839791
7.810959
11.774139
7.845926
11.757194
11.845939
10.012246
7.156566
9.848594
12.117994
7.511193
12.157535
9.235009
7.033020
11.507490
5.787244
9.312314
8.362196
10.263251
7.932955
6.648456
5.405363
4.843957
5.454836
8.793288
4.224222
9.514531
9.141993
8.823561
6.875634
6.112561
7.204674
3.194905
3.583684
5.526939
3.850268
2.452502
4.109865
6.052816
5.125379
1.143957
-0.076671
0.265664
1.303118
-0.715605
4.101265
2.323661
2.565038
-2.330952
0.315555
0.787640
-0.848595
-0.323140
-0.527233
-4.025541
-0.210324
-3.408232
-0.266335
-3.561806
-4.881941
-4.635839
-5.302146
-0.987087
-6.463313
-1.764696
-4.682189
-6.372357
-3.770843
-2.912369
-8.515643
-5.925084
-5.163483
-4.160334
-5.184127
-8.420828
-9.515335
-7.900639
-4.777359
-6.200922
-5.157698
-5.912574
-6.093681
-10.783815
-8.455945
-7.984219
-11.613369
-10.411959
-9.073348
-11.836029
-6.936000
-9.257830
-7.248048
-10.562158
-7.087446
-7.809363
-11.836302
-10.524442
-12.190783
-11.424442
-7.506083
-10.642822
-11.284990
-12.125517
-9.517338
-10.522959
-12.257885
-8.374688
-9.332407
-10.258772
-8.730789
-7.431390
-9.828261
-8.768573
-8.985612
-9.948705
-11.538536
-7.204412
-8.489773
-7.575268
-7.638862
-5.817977
-6.506456
-5.132381
-6.636561
-4.840073
-8.132246
-6.699515
-7.410003
-4.431838
-8.714135
-6.499973
-2.601049
-7.161864
-4.558136
-1.571338
-1.692160
-4.931480
-5.635280
-1.918174
-5.405108
-2.423286
-3.160410
-0.333689
0.722708
-2.854790
0.925909
-2.638989
-1.535730
-1.542862
2.595102
