-2.607108
-1.163780
2.891016
2.369396
3.891931
2.446543
2.241824
1.222733
4.075407
1.978987
0.659852
5.089678
3.144442
6.359469
5.053762
3.492117
7.478395
5.072180
5.525661
8.113292
5.095954
6.479665
6.965057
6.036950
8.434738
9.657390
7.761878
10.421997
6.514157
9.501332
9.805481
10.960206
6.969788
10.666163
9.730825
6.562499
7.613903
11.440648
9.849797
11.432105
6.871892
7.556121
11.423913
11.070348
9.066288
11.124119
7.240454
10.476134
7.384832
8.457212
11.159900
11.780498
12.047041
8.316155
9.815603
10.235987
7.060120
11.414541
9.185906
9.687885
12.245886
6.477102
10.470388
10.316155
8.962023
11.647824
10.757269
11.004597
6.913005
6.973630
8.923937
9.349952
8.625697
4.892020
7.878952
4.226091
4.445614
4.186836
4.939172
5.587038
5.449715
5.629393
2.484395
4.708971
3.981744
2.570669
1.837412
3.319259
2.382414
1.429214
-0.163752
0.939629
2.168580
4.361653
3.976573
-0.417814
-1.288338
0.976041
-1.790915
1.768833
0.321978
1.369205
-3.537540
1.113680
-3.759136
-4.828503
-3.011074
-5.249297
-0.398246
-1.886043
-6.022878
-0.686489
-4.206957
-3.690662
-3.277018
-4.267786
-5.365579
-7.355296
-8.180707
-7.512125
-8.054288
-5.598734
-7.484903
-7.380293
-8.683203
-5.413150
-4.854805
-6.160301
-7.748427
-8.687771
-9.282292
-10.650331
-11.316413
-7.208019
-9.487109
-10.479039
-8.245915
-8.517320
-7.952408
-7.378301
-8.842105
-7.838738
-10.053476
-11.152828
-12.086861
-7.502915
-7.800896
-7.795649
-12.017298
-12.968930
-10.146014
-11.098263
-11.317346
-8.641673
-11.309051
-11.042834
-8.898262
-7.648406
-12.374391
-7.338395
-8.534965
-10.192572
-7.350544
-7.409396
-8.277750
-11.363360
-11.393615
-9.065952
-5.628871
-6.779461
-6.518425
-9.680162
-4.637537
-6.738274
-6.714681
-8.394052
-9.059132
-4.883447
-4.630223
-3.672493
-7.008589
-4.327157
-2.116899
-6.235633
-6.860715
-2.997028
-3.592746
-6.573247
-5.270079
-3.889432
-0.580374
-0.916811
-3.858146
-1.571309
-2.516108
-3.903000
-1.085327
-2.615465
0.823156
2.470751
