-1.179828
-0.853315
0.697848
1.816925
2.042264
0.182935
-0.008923
1.292380
4.645630
6.043672
4.302547
1.040228
3.040244
5.918721
2.328618
3.435575
4.811580
5.094356
7.874192
2.918180
5.399137
3.610685
9.275753
7.886416
9.241579
5.556363
5.475933
10.029887
9.620982
10.550163
8.139434
6.462340
11.221554
6.336427
9.345818
8.559328
11.088277
7.660710
6.930419
11.710683
8.100197
9.041689
8.860698
12.647260
10.396330
10.709703
8.695817
10.719930
9.474168
7.235819
11.279836
9.043017
11.128917
12.526610
9.774419
6.963726
7.457443
11.459652
6.875777
8.775191
11.728085
8.119935
6.727979
11.743321
9.586471
7.469130
5.873602
11.365953
6.976239
9.465562
9.178506
6.316461
5.096051
7.936027
7.962156
8.885227
6.869973
6.021858
6.212343
5.730024
6.247157
5.007196
5.725662
4.063260
5.679373
5.028092
6.800223
5.908035
5.402508
5.239997
2.097202
0.359256
3.217213
2.589287
1.760626
3.990951
-0.207069
-0.556548
-1.426653
-0.096116
-3.130563
0.901787
-0.966522
1.741329
-2.359961
-2.153062
-1.906063
-3.632904
-4.825873
-0.336512
-4.521751
-4.775460
-4.184985
-6.537470
-5.919120
-2.240562
-3.388656
-4.268217
-3.168630
-5.029577
-3.825368
-9.082650
-8.850653
-6.739218
-6.337866
-5.030159
-4.671844
-8.562793
-7.069354
-8.972943
-6.364929
-6.167124
-8.173502
-10.897482
-9.402339
-11.056056
-10.002136
-10.997869
-11.391481
-8.892037
-12.406088
-11.309228
-7.662177
-10.006867
-9.440967
-8.232539
-8.734616
-7.594074
-12.837582
-10.013393
-10.366227
-8.466733
-11.296367
-10.867335
-9.457334
-8.188364
-7.482339
-9.669210
-10.305292
-11.412574
-11.345052
-12.284816
-11.587029
-10.856971
-11.466191
-6.963524
-9.376126
-9.670280
-10.764217
-10.240872
-5.604443
-7.262815
-8.857580
-10.086152
-7.751310
-6.865852
-7.712979
-5.825109
-7.051184
-3.260464
-4.767845
-4.259972
-3.864687
-4.610456
-2.998420
-2.096430
-2.012983
-4.113323
-1.083561
-1.942510
-2.762271
-0.976937
-3.489437
-3.772092
0.352373
-0.914911
0.325600
-0.685174
-3.036622
-1.198395
