2.042660
3.019661
2.111955
1.737920
0.526232
3.465668
3.414079
1.469124
4.125310
4.200558
1.927449
4.274343
2.130749
3.451350
4.933118
2.345508
2.565175
5.774255
7.990876
5.733562
4.369842
3.466071
7.057789
5.494894
7.646409
7.934897
5.453413
5.356041
6.994842
5.494994
9.301253
6.840625
10.670999
5.907929
8.728467
9.546226
9.271599
11.696203
11.979173
6.812500
8.683175
8.473754
7.355740
9.291367
8.344747
12.411822
10.883264
12.731074
11.081918
8.722919
12.213360
9.028532
9.084864
10.194446
8.437508
12.532663
10.224218
9.576149
11.183066
7.645594
6.979720
10.631376
8.079305
8.210829
6.453204
11.747090
8.123133
10.090624
10.095550
9.820889
10.807903
5.702365
5.144483
4.374650
9.334678
7.059229
7.441172
8.228519
4.920508
6.786622
3.237143
3.528110
7.541592
2.546625
3.776060
4.071232
1.475665
5.322314
3.777575
2.072027
4.076162
4.344000
4.947993
1.938578
0.163244
1.198994
0.852144
-0.031815
2.584310
1.592608
0.234079
-2.149974
1.424869
1.117052
0.041626
-0.907798
-3.208920
-0.098041
-0.507914
-3.258526
-2.754497
-3.382455
-3.847453
-6.013281
-2.751107
-4.768625
-4.427711
-6.256596
-3.845887
-3.789890
-8.100726
-3.475003
-5.903050
-8.194690
-8.974550
-7.825786
-5.056234
-7.859550
-7.984699
-8.540154
-9.223445
-7.123422
-9.453622
-9.191704
-11.135628
-8.581558
-10.807812
-9.180945
-9.611867
-12.445734
-7.509871
-8.495358
-12.528432
-8.324890
-7.766579
-11.391799
-12.394310
-12.098315
-8.202754
-10.632593
-8.986018
-8.401871
-9.934921
-11.083533
-10.065294
-7.566536
-8.740503
-9.929782
-8.648274
-10.134920
-9.920301
-8.148774
-6.561380
-7.896284
-10.776147
-10.798152
-7.520616
-11.238617
-9.145287
-5.419546
-8.856592
-5.863107
-7.680031
-6.110940
-6.741203
-7.697487
-9.019553
-8.755545
-5.388173
-6.913280
-6.779830
-5.132672
-4.656786
-3.798575
-6.703748
-6.201842
-5.098742
-4.811313
-5.076488
-2.757253
-0.120820
-2.642313
0.485242
-4.514435
-4.395195
-3.455361
-3.641039
-0.433779
-0.117136
2.086261
