2.631365
0.514091
2.467387
0.515824
3.728434
1.236156
4.458346
4.893738
0.944318
4.315769
5.156776
5.017193
4.361954
4.547738
4.200524
1.836594
6.600154
7.203486
7.776852
5.963382
3.337571
8.008294
5.841585
8.184701
9.339713
4.877746
4.743179
9.472860
5.106980
7.900662
11.003741
6.866228
11.146329
8.719447
6.672409
6.657692
10.341530
8.388827
7.349945
9.538449
10.692894
9.673937
11.919355
11.612935
8.613122
11.151967
8.769925
8.859106
7.346061
11.154755
11.059455
8.372505
12.416247
11.786296
12.315519
10.685673
12.505220
9.576350
9.736057
9.187849
9.656592
8.218361
7.072198
8.741778
7.151367
6.566740
6.069471
6.876625
9.797646
9.386509
5.022547
8.923172
8.613844
5.499980
5.202331
6.580658
3.964110
5.388473
6.707906
8.714022
3.076140
7.462821
7.779450
3.894044
3.985433
3.139811
3.091327
6.088130
6.319313
4.128767
5.276464
4.624014
3.782141
0.586467
4.361894
1.781731
0.900822
-0.857455
2.734362
0.635420
-2.884799
-0.098765
1.771469
-3.740004
-4.035127
-1.344232
0.178740
-3.257650
-2.748087
-2.779919
-3.540817
-4.178937
-5.194804
-1.668044
-4.386504
-7.005570
-7.447956
-8.125503
-6.457575
-7.568431
-4.131248
-8.137635
-7.040312
-8.868875
-5.200116
-5.882515
-8.296913
-7.692093
-5.636482
-8.904958
-9.477886
-6.296093
-8.211453
-7.469708
-9.897296
-10.475531
-6.402835
-9.366161
-12.386817
-6.775186
-6.840951
-9.916555
-12.001280
-7.120604
-11.402421
-9.495167
-7.734788
-9.969594
-7.640647
-8.770680
-11.284284
-10.390530
-12.745739
-11.455127
-7.083858
-9.541717
-7.407695
-11.142807
-12.454445
-7.935588
-11.146926
-10.829051
-8.307513
-9.297756
-9.419466
-8.561369
-9.524077
-7.386742
-7.627248
-7.617994
-8.901190
-8.497363
-5.709637
-6.079768
-5.265087
-4.456097
-4.036504
-5.810584
-7.422200
-8.060003
-4.653168
-5.031500
-5.157468
-4.529644
-2.100627
-7.016992
-4.434963
-1.435637
-3.766622
-5.543177
-2.561961
-5.309525
-0.558797
0.171853
1.026655
-1.780059
-0.268663
1.423265
-3.282934
0.523472
