-0.793649
2.824964
0.373438
1.580023
0.752042
4.333942
3.418884
3.747420
5.368070
1.246977
5.953976
2.912577
4.196200
4.537978
7.384999
3.706679
7.239837
4.315221
3.917629
3.045770
4.126539
8.781597
6.527407
4.781413
8.416192
10.236004
8.946088
6.747188
10.745117
8.080583
8.870960
7.329269
9.296592
6.312854
10.283401
11.900710
11.813153
11.867051
11.128309
8.373322
9.430939
11.017519
8.877524
8.800242
7.810113
7.005701
7.202762
7.960607
9.401046
12.441840
8.429132
11.986235
7.200241
8.186193
11.241334
10.622343
11.110181
8.214431
12.565623
10.196083
6.585039
9.886729
10.280635
7.692540
9.217427
7.925902
7.168880
9.233561
6.025819
9.842692
5.557373
9.619231
10.354108
8.320272
4.303969
9.339128
5.603547
8.455448
5.717946
3.289238
3.834415
2.872022
5.344017
2.629102
6.885449
2.085205
6.309832
5.031065
4.061401
1.095236
5.264489
1.573663
0.260344
2.847103
2.039795
-0.365542
2.014542
0.647146
-0.638913
-0.258033
0.494895
-0.474203
-0.583839
-3.591927
-0.695040
-0.411214
-2.535361
-5.224586
-3.494505
-5.037112
-2.804066
-4.405973
-2.441544
-1.753371
-4.457361
-6.906030
-6.803360
-3.077206
-4.698116
-4.758512
-5.643747
-7.068137
-3.784444
-7.071239
-7.662598
-6.842698
-5.302210
-6.881545
-10.840731
-6.856401
-8.741998
-11.346458
-6.601273
-7.816329
-11.259120
-9.875426
-7.767201
-11.041205
-7.263820
-7.251693
-11.557884
-9.895891
-7.333662
-8.445466
-7.426545
-8.617989
-10.057536
-10.254050
-8.295204
-11.656591
-8.041280
-10.564916
-7.377906
-12.320912
-10.418873
-10.678591
-11.772390
-9.552091
-11.337827
-10.328731
-10.751385
-8.216289
-8.093048
-8.414068
-6.332030
-5.906463
-8.985827
-8.075532
-9.939772
-8.065132
-8.171486
-10.482516
-8.326110
-5.032251
-9.779342
-8.345295
-8.283987
-8.303150
-6.640829
-3.767737
-3.323868
-5.189613
-3.649600
-4.773613
-2.518031
-2.744151
-5.507728
-3.549078
-2.743189
-2.320098
-3.014007
-1.692035
-2.545853
-1.438059
-3.082991
-2.084834
-1.647473
-2.562893
0.561528
2.286877
