1.289488
-2.133055
-1.922887
0.248252
0.206499
2.884171
2.159773
4.194568
0.682360
5.101683
2.378917
4.621259
5.496790
5.001913
6.458948
4.776054
4.844520
6.939536
7.464572
8.756503
6.470649
5.390437
4.398967
6.768078
6.684535
4.647548
9.600545
10.508116
5.885118
8.020186
5.516757
5.447991
10.512484
11.188474
11.806861
8.695298
11.362288
10.576314
8.664105
9.841491
11.512746
9.255970
9.568718
9.315342
7.601999
11.396889
10.808395
9.545046
8.458678
11.027976
8.198177
12.012758
12.885754
8.284260
8.134044
11.359631
11.300533
10.623654
9.673290
11.591735
9.882537
11.835083
11.530209
8.403504
10.966089
7.632076
10.314297
6.573300
5.830980
9.574832
9.253412
10.181322
8.293595
7.800635
5.394971
7.264417
8.614441
6.271505
9.036296
5.229139
4.322201
7.496420
7.372275
3.541020
3.701295
5.068379
4.990244
6.136718
2.466328
3.598238
3.374162
2.204446
1.049893
1.089482
3.804546
0.446324
0.213970
-1.741685
1.873476
-0.056181
-1.138271
-1.951471
-2.093182
-2.598252
-4.134868
-3.270770
-4.766892
-1.027223
-1.599197
-2.726110
-1.481577
-2.080931
-1.904074
-3.770246
-2.915514
-7.194819
-6.476097
-5.604825
-8.577096
-6.030274
-5.589233
-6.181704
-7.339902
-8.356950
-9.166834
-5.069028
-6.693808
-7.400305
-10.239245
-5.563805
-7.982460
-5.522089
-6.384032
-11.421985
-7.415059
-9.225822
-7.775948
-6.322559
-11.968085
-8.124344
-10.041471
-10.447470
-10.364174
-9.285427
-10.603509
-11.062382
-9.867587
-8.273849
-11.974043
-11.508502
-10.162605
-8.626512
-8.205829
-12.417247
-6.916081
-11.572030
-11.700641
-10.704581
-7.616418
-8.126037
-8.782865
-7.047769
-6.883577
-11.385234
-9.857335
-7.828390
-5.727165
-5.929006
-9.523815
-9.031242
-8.873341
-6.998686
-6.080799
-5.821387
-6.998667
-9.721435
-4.413252
-7.616370
-5.524182
-3.878456
-3.805080
-3.455104
-2.319992
-6.893663
-3.723413
-1.503322
-4.620809
-5.515627
-4.766241
-4.640235
-5.117813
0.034347
-3.634977
-0.515584
-1.480486
-0.375066
-0.280208
2.213039
1.621024
1.459745
