-0.578603
1.612376
0.681383
1.463544
-0.648680
0.371334
0.856842
3.363243
2.364217
3.173832
0.804868
2.375266
3.504981
6.678005
2.868584
5.536971
7.935739
4.521504
3.966753
5.023218
4.531060
7.440768
4.035226
5.646584
6.145474
6.284701
6.895462
5.144777
8.682298
5.571774
10.962956
7.056015
5.973961
11.721044
11.241603
9.315430
8.042788
8.613959
9.395005
10.082161
9.108510
6.813234
8.520085
11.295715
7.373251
12.110257
11.340779
12.977867
9.865180
10.190442
7.225772
12.036540
7.423418
9.949693
9.061421
7.973219
12.350980
9.679341
8.086826
6.868783
11.268260
6.518374
9.307078
10.854347
10.708082
7.002174
7.044346
6.703549
9.814505
7.440408
5.283160
6.576501
6.415513
5.035355
6.280231
5.439034
4.217129
5.865763
7.517736
3.885230
3.297526
3.562730
3.664036
4.140370
6.941389
4.505764
6.507685
6.554773
5.119820
1.371311
4.283016
1.282934
-0.803888
4.657042
3.855088
1.508964
3.259549
-2.036182
0.358350
-1.999074
-2.091168
-3.081568
-3.650769
-3.216601
-4.099160
-3.118382
-2.093677
0.017165
-5.100653
-1.976474
-1.898989
-4.512210
-5.418831
-3.872462
-2.065152
-2.504259
-6.668753
-5.695707
-7.531419
-6.113281
-4.726198
-4.718673
-6.737861
-9.759364
-8.261420
-6.622620
-4.761461
-10.085498
-6.417474
-9.611273
-10.448058
-6.844648
-6.442310
-6.629317
-9.838064
-11.917117
-8.472517
-7.082691
-8.270035
-9.365534
-10.724605
-10.720049
-12.250952
-10.466945
-8.308713
-12.724882
-8.097211
-7.711280
-9.176119
-12.220666
-7.599047
-7.868818
-8.419438
-9.053970
-9.460052
-11.283294
-7.913130
-6.840464
-6.669299
-7.947024
-7.571619
-11.441895
-7.584867
-10.904033
-7.253014
-9.547107
-7.808492
-10.881808
-8.358277
-11.060462
-8.169418
-7.101392
-9.506174
-7.266501
-4.537094
-4.542078
-6.771573
-8.999915
-9.065574
-8.486081
-5.845456
-6.177922
-7.054494
-3.294504
-3.591002
-5.497187
-3.599299
-5.708913
-2.855563
-3.306537
-0.208475
-0.484117
-0.497047
-2.462943
-3.401820
-0.033212
0.343811
-2.026126
-0.603018
2.899330
