-2.471492
-0.367996
-0.197290
3.600589
0.856078
4.353598
3.836997
3.002287
1.121464
0.517382
3.114556
1.792147
4.873106
6.885618
5.461352
6.017081
3.591255
6.995465
7.830575
6.504220
4.180323
3.629411
7.804456
6.839924
10.009214
6.963206
7.970884
6.357376
6.695546
8.506119
9.062064
8.513390
9.980921
11.203666
8.131820
10.695243
11.994991
7.818308
10.137437
10.620839
11.265354
8.774283
8.017972
8.009385
7.374593
11.630412
9.935213
9.016596
9.187839
9.982327
11.347036
12.445167
7.437087
11.217196
10.099659
7.138672
8.151816
11.332616
12.155111
10.296886
7.854369
7.401424
6.687654
11.231227
8.692399
11.069927
9.038787
5.841320
5.483592
8.035086
7.225726
8.900507
9.376595
6.209644
9.862614
9.638542
4.055434
3.405506
7.685515
4.007542
6.309954
4.017302
5.680409
4.978161
7.499808
5.050546
6.733905
1.062769
6.071125
1.294509
1.215048
1.998984
4.268618
4.336695
0.112157
0.341582
0.935454
1.728221
0.932584
-0.742834
-0.058464
1.069074
-0.627926
-2.193395
0.468711
0.477823
-4.947446
-3.763877
-4.004527
-3.940012
-2.519509
-6.046238
-1.115775
-2.797101
-6.478815
-3.881552
-6.394359
-2.486659
-5.513896
-5.081465
-3.679386
-3.868517
-7.172593
-6.510268
-4.408152
-9.719623
-5.426529
-6.197963
-5.182708
-7.290412
-10.452717
-10.586889
-11.238831
-8.064148
-9.160823
-7.641323
-8.127706
-7.394224
-8.581364
-9.385574
-10.731606
-9.698964
-12.252117
-8.440255
-10.200555
-11.910132
-10.771582
-12.088897
-9.982840
-11.085950
-10.309435
-7.727327
-9.124873
-11.503099
-9.454274
-9.667858
-9.336294
-6.911334
-9.023902
-7.700007
-6.619749
-10.224458
-9.201608
-8.729412
-6.149113
-9.166188
-11.450877
-9.898324
-9.134400
-5.392782
-10.156114
-6.417598
-5.649667
-9.459338
-5.409128
-9.350775
-8.421211
-5.725135
-8.965813
-3.850157
-7.990208
-7.892562
-3.560909
-3.013871
-7.080588
-1.519486
-3.351095
-3.015170
-3.027556
-1.580759
-5.138491
-2.204738
-4.137505
0.610952
-2.550683
-0.856244
-0.365691
-2.698994
-2.121331
-2.149379
