-1.135155
3.076456
2.998979
3.708522
1.562550
0.738178
4.522197
0.330967
1.859362
6.085508
2.602905
4.082671
2.821999
6.130898
5.558713
7.367382
3.987365
6.524979
6.581514
6.161400
5.662527
7.676216
7.562849
6.960865
5.170221
5.968683
7.532410
8.153011
8.848853
10.368035
9.536561
8.687491
6.335891
9.683553
10.908356
6.271650
7.342651
11.395498
7.986068
8.628083
7.901459
8.216345
6.990031
7.920149
11.717359
8.013372
9.778704
10.108450
8.634186
7.926801
9.965180
7.513510
10.697624
12.505996
11.158263
7.079504
7.463381
12.029651
8.127750
6.636323
9.079401
9.710151
9.105271
11.928771
7.701317
11.330737
8.902120
6.690801
6.802903
9.306310
10.617014
5.690178
10.109102
6.774240
6.935245
8.263218
6.311460
5.587384
7.222164
5.186150
5.568014
5.303714
3.879755
7.253962
1.722288
4.558886
1.910889
6.424615
6.355371
3.738065
4.624194
5.054755
1.670218
1.352387
2.063035
2.294925
3.263160
-0.804750
1.965929
1.007016
1.919106
-1.999190
0.473151
0.331898
-3.762286
-3.364230
-0.691572
-1.085476
-0.026306
-3.853561
-1.686147
-3.744293
-6.779280
-3.040607
-3.189284
-7.525673
-3.195326
-7.401787
-4.971559
-7.531817
-6.561513
-8.131078
-4.836629
-5.922613
-9.656482
-8.116070
-6.561520
-10.537799
-7.123343
-5.674797
-10.736367
-8.269509
-8.877097
-9.495432
-8.553457
-11.861489
-7.694015
-8.527427
-8.638245
-7.743084
-7.263524
-8.093742
-9.422334
-11.581013
-8.797326
-7.049175
-9.623355
-8.462705
-12.440579
-10.193731
-8.268087
-12.140324
-8.841515
-7.256372
-11.051225
-11.509387
-8.416686
-11.501492
-11.036083
-8.068773
-11.895453
-10.874042
-7.115324
-8.305139
-9.852021
-10.067709
-6.732452
-11.091302
-8.373897
-7.193710
-5.293675
-9.509318
-6.827353
-8.367911
-5.650540
-7.513546
-5.675532
-7.627150
-8.222585
-4.115299
-3.821672
-8.004146
-7.962636
-5.470799
-2.837037
-2.510588
-6.826941
-3.580571
-5.703964
-2.638800
-3.310465
-0.504902
-0.838744
-2.594083
-3.710124
-3.398588
-0.954737
0.633305
-0.570419
-0.552273
