1.630936
1.643070
0.840984
3.074224
2.103699
4.403059
-0.800778
1.239985
0.751786
3.542051
2.425522
5.796840
5.796974
3.806179
2.576676
6.980496
5.919569
3.804076
6.820315
5.717827
7.104915
5.451300
6.043829
4.880024
9.604733
4.769687
5.130047
8.702904
8.485750
7.051237
6.456854
6.021439
5.743531
7.872338
10.810097
11.980849
8.429101
11.003460
9.769156
10.969578
7.034715
8.459453
9.977546
10.072008
10.407938
9.691210
9.577918
9.169164
8.640999
12.672849
9.203944
10.820382
10.714340
9.619729
7.294780
7.140084
11.374103
12.133846
6.794123
11.316213
10.054862
9.550496
7.905969
6.136376
7.726922
8.688185
10.210568
10.032999
7.590202
7.934885
6.140206
9.026825
6.551828
7.623321
5.374040
4.169790
7.701526
8.895724
5.651138
5.746189
5.454500
5.939759
2.750269
2.230978
6.787564
6.290581
1.964060
5.481649
3.699010
1.983439
1.040884
-0.310878
3.424208
3.296861
-0.139797
2.108353
-0.396205
2.979533
0.545177
2.241938
-2.513045
-1.036063
-1.518865
-4.193302
-2.705750
0.945953
-2.671514
0.204830
-2.917641
-1.298603
-5.266028
-2.441131
-6.029514
-3.683074
-5.317388
-2.603864
-7.701041
-5.139251
-4.843370
-5.823362
-5.405578
-8.258116
-8.999265
-5.657781
-7.134474
-8.879937
-6.384485
-7.112266
-6.732380
-10.799310
-9.184589
-8.372099
-8.610386
-11.167738
-7.327799
-9.737936
-12.114860
-11.260468
-7.693130
-11.065526
-7.555169
-12.627062
-9.666905
-12.299732
-7.792485
-9.685915
-10.978020
-10.665963
-9.807151
-10.296197
-7.010674
-11.065750
-8.761274
-12.532694
-9.810715
-7.425621
-8.879616
-9.369159
-10.983628
-12.358866
-12.222308
-11.985854
-6.232401
-7.947684
-9.580869
-11.662554
-11.278535
-5.631231
-9.866470
-7.697313
-7.583268
-5.616667
-7.263332
-7.320059
-9.938736
-4.841431
-4.833325
-5.886097
-3.871989
-6.258286
-4.303997
-2.928584
-3.339056
-6.965596
-2.678949
-7.019180
-1.546795
-1.064958
-4.005933
-3.540403
-1.712149
-1.031621
-4.179935
-3.698568
-4.104785
-0.963448
-1.762788
0.134848
-0.816688
2.625754
