-0.159899
2.335626
3.644634
0.929823
-0.845176
4.539181
4.498631
2.252881
2.708774
4.074331
5.859445
3.726095
5.457938
2.416273
5.960447
5.036217
2.896937
5.541503
6.282061
5.603962
5.005577
6.360459
6.978458
9.204813
5.129105
6.560413
9.281870
7.745621
6.144727
9.822004
10.449813
5.713005
8.025398
6.399843
11.759432
7.964647
10.196875
9.397141
12.337152
7.969567
11.172863
10.656415
6.998054
6.841461
7.664105
9.451892
12.850117
12.186390
10.361207
10.908589
9.522514
7.876770
11.598278
11.243193
8.190489
9.508090
8.116062
12.495970
7.152535
8.379646
7.490234
9.798560
9.653710
7.654722
6.696940
9.796539
7.001160
5.682856
5.517976
10.845445
7.275210
8.082750
4.512087
4.357587
5.419141
9.756265
5.760880
3.938423
7.070078
7.786133
3.522021
7.709347
5.149629
6.245992
4.405432
4.045939
6.636471
1.633751
4.663915
3.368300
1.276346
4.124668
1.938675
0.425914
4.480816
2.586238
-0.216119
1.907893
1.162636
1.985213
1.805942
0.740195
-1.566246
-3.847589
-3.573262
1.052460
-3.737485
0.108867
-5.161885
-0.369453
-6.227504
-2.526299
-5.392521
-6.026061
-2.060256
-6.076263
-6.496552
-5.318844
-5.133705
-8.702703
-8.758542
-3.401384
-5.987323
-4.862196
-7.888155
-5.743257
-6.821674
-5.562228
-5.334548
-7.992954
-6.657790
-6.696287
-7.900790
-7.607421
-9.794213
-11.620772
-8.372565
-7.330147
-9.760497
-12.045901
-12.072703
-12.052443
-9.980808
-7.830502
-11.495146
-8.668665
-9.170189
-8.620646
-11.680144
-10.950214
-9.265418
-10.347292
-10.060178
-11.397798
-7.298192
-8.200429
-10.846484
-9.702008
-7.890863
-11.606748
-8.875705
-10.711582
-11.632336
-8.913928
-7.771317
-8.392539
-8.470234
-9.597699
-8.411262
-6.020513
-5.523902
-9.459083
-6.646351
-8.851930
-6.331664
-4.445368
-6.622658
-6.812615
-3.504578
-8.825401
-4.596850
-4.536585
-6.308784
-6.145286
-6.516013
-3.616456
-1.401919
-1.858425
-4.496267
-4.544850
-4.229357
-2.635103
-2.505076
0.073158
-1.585712
-0.995447
-2.792168
0.231577
0.031909
-1.501042
