1.034400
0.973592
0.244863
3.294710
-1.012144
2.721815
5.170948
5.063476
3.216192
2.566824
5.059687
6.455823
1.990165
4.736263
3.545891
2.993071
3.938340
6.694278
7.519054
6.559366
6.747434
6.813340
5.143120
5.176713
10.052785
5.062107
4.513706
9.053224
5.003021
8.450391
8.872483
6.614739
7.933702
6.524949
8.746110
8.375710
8.029041
11.453181
10.715561
11.703062
10.943370
10.952966
11.252035
10.162797
11.401419
8.249521
7.785698
12.511427
10.770896
9.493008
12.682931
10.419422
9.560927
7.027835
7.629016
12.699191
9.253186
11.683887
10.970928
11.744430
11.315701
7.006670
9.608431
6.502076
10.987728
6.033670
9.146607
7.514466
5.944050
10.892010
8.015985
4.838795
4.596629
4.408114
9.464546
7.943953
4.772055
8.946486
5.951269
7.149218
3.924714
8.133660
5.783462
4.356393
6.038893
2.325194
4.100611
0.874201
3.030279
4.545175
4.102101
-0.500439
1.953677
2.432537
3.520529
1.767169
0.825808
-2.092977
1.719249
0.628441
0.243734
2.013462
-2.311275
-1.184811
-3.191699
-4.265888
-3.283637
-0.749651
-3.282539
-2.412805
-3.539711
-1.507662
-3.431807
-5.753998
-6.515053
-7.706522
-6.269597
-6.200335
-8.153150
-4.707348
-4.786744
-9.311396
-4.920183
-4.623286
-5.190870
-7.308650
-6.408881
-8.020597
-6.602829
-8.905454
-5.929434
-10.455396
-10.719196
-8.861963
-9.889513
-11.198293
-9.953645
-8.609704
-8.869879
-6.920128
-10.675227
-7.156715
-11.280439
-10.457228
-9.857537
-11.223686
-12.561735
-8.774654
-12.867455
-8.956723
-8.736966
-9.823597
-12.460366
-9.127296
-12.097265
-6.909744
-12.589273
-6.959889
-7.727241
-9.057335
-10.922082
-12.189337
-8.033311
-11.188459
-9.904616
-7.111012
-6.903325
-10.059940
-7.987034
-7.105399
-7.219578
-6.908366
-7.834315
-10.079380
-5.072666
-9.490651
-5.537175
-4.981050
-8.648052
-8.800054
-5.055809
-3.762401
-2.125713
-4.019123
-7.495145
-6.772431
-1.899218
-3.548645
-4.188154
-4.416822
-4.284743
-1.942076
-1.129807
0.500211
-3.505341
-4.010116
-1.660044
-3.534453
-1.467495
-0.146175
