0.794361
-2.305800
2.971027
1.328365
-0.089693
1.635749
4.057467
3.936393
2.213464
1.694198
3.400138
2.262172
4.927282
1.659323
2.010686
5.841881
3.832694
4.032010
6.450617
8.436931
5.903168
7.328045
5.464668
6.427330
7.323955
9.711589
6.389421
6.355489
5.379340
9.537389
8.134264
9.337517
6.747468
9.148872
7.676681
10.354593
9.026312
7.026198
9.758828
7.366327
7.614244
8.425862
9.570858
9.531839
9.066917
11.962176
7.629218
10.233782
9.812357
9.371224
8.036741
12.784759
12.399671
9.292082
9.329175
7.426403
12.119104
8.489420
12.066895
11.649134
11.860747
9.415716
6.784482
11.920605
6.607671
10.272549
8.264123
7.529433
9.347407
9.210913
8.407968
8.820898
9.265086
8.399762
6.190169
5.197237
3.877559
8.580536
5.669798
3.157843
4.616028
3.503774
2.262888
4.580418
7.048725
5.702562
6.465838
1.292060
0.853003
3.629143
4.948510
3.496565
3.040200
-1.109059
2.012206
-1.624526
3.401224
-2.104757
2.900678
1.855051
2.286078
0.634085
-3.133763
-4.024124
1.413216
-1.865315
-2.125899
-2.632239
-4.331974
-4.138740
-6.345165
-4.861838
-5.856837
-6.524242
-2.713953
-6.579305
-2.528977
-5.897704
-2.899073
-6.619268
-6.510697
-7.583517
-9.438684
-6.654326
-4.588247
-4.571714
-9.799052
-6.851844
-6.551283
-5.814138
-7.781401
-6.424625
-6.835644
-10.002013
-6.996170
-11.693023
-10.666845
-9.203098
-12.239331
-9.787566
-7.204266
-7.376946
-10.454778
-11.910456
-8.343327
-7.289114
-12.778468
-11.643172
-9.856659
-8.608025
-9.392219
-7.520072
-10.913787
-12.407669
-10.175343
-12.313934
-10.003073
-8.354573
-10.744773
-8.210713
-8.770015
-9.772040
-9.794340
-6.429159
-9.988410
-10.414549
-5.942361
-5.820591
-8.856354
-7.834854
-8.589161
-9.058324
-8.908026
-10.218418
-7.850604
-6.127415
-7.382673
-8.748938
-6.650001
-8.274208
-8.014466
-5.017979
-5.078193
-3.874368
-4.227564
-1.885046
-3.826566
-3.794897
-3.801329
-5.380317
-1.774020
-3.237840
-4.423901
-2.021009
-3.224987
0.702815
0.266562
1.673980
1.605648
0.000299
