2.246531
-1.320560
0.577798
0.717696
-0.166572
-0.072000
0.289223
3.483398
0.733218
1.400222
3.042924
4.048891
3.583207
7.094548
2.686507
3.886425
5.109177
8.197145
5.184972
4.050363
6.386011
9.166412
6.982121
9.212102
9.557218
4.436805
8.760466
10.307868
6.060438
6.217726
6.999970
10.222678
5.953934
11.183237
10.159363
8.902076
6.524237
6.910515
8.561011
11.235678
10.514619
9.192055
9.635786
8.864693
11.573925
11.546396
8.668051
12.269048
8.616739
12.285531
12.834730
10.630005
12.237651
11.785276
9.056222
8.680019
9.403502
7.264064
9.778944
11.345632
10.816887
9.655912
6.275049
9.409632
7.727312
7.914151
7.164789
5.868541
10.873332
7.114623
6.079338
9.795175
4.759913
10.008797
9.671785
6.068215
8.624920
9.011967
5.708916
5.889558
4.979979
7.206175
3.222434
3.976419
4.712784
3.901155
4.626732
4.688272
4.827525
4.450549
4.231466
0.107739
4.693185
-0.973668
-1.245023
-1.243114
3.029844
3.215507
-1.120733
-2.224206
1.890489
-1.908909
-3.203091
-0.627179
-3.081256
0.230655
-1.290762
-0.040440
-3.816823
-0.862690
-3.470039
-2.860896
-6.457249
-6.625560
-2.327665
-4.854043
-6.623948
-7.299659
-6.342477
-4.988398
-8.243944
-5.655438
-7.114761
-6.817694
-8.718866
-9.926499
-7.346039
-9.531371
-9.253547
-6.795085
-5.327152
-10.619682
-9.089176
-7.412635
-8.541347
-7.092958
-8.310006
-9.723237
-6.534582
-6.943045
-7.399583
-6.775166
-7.392095
-8.609010
-7.659690
-10.672601
-12.733259
-9.469029
-10.155169
-11.986201
-7.216902
-10.386040
-10.699582
-11.512124
-10.866734
-9.894226
-7.537680
-12.333813
-6.828064
-7.769584
-10.054793
-6.654481
-8.613292
-9.806619
-11.560472
-8.645651
-6.772361
-10.471530
-6.326048
-5.337678
-6.491337
-6.395657
-9.677642
-5.068975
-7.421600
-6.655903
-7.748525
-4.042119
-8.292147
-3.065976
-4.199797
-7.327836
-3.003188
-2.090460
-5.167234
-4.523422
-3.315158
-5.808001
-2.797760
-5.127172
-0.410894
-2.249847
-2.982790
-1.131614
0.932212
-1.604579
0.737418
-1.674065
-2.680351
-0.071689
