-1.687771
0.401754
-0.343682
2.270957
-1.337777
-0.956498
2.074890
3.838820
5.170473
0.354589
5.524475
2.244854
3.577317
2.573353
6.155840
4.995953
2.610759
8.214522
3.475301
7.260468
7.407936
7.568067
9.103664
9.764185
6.866006
7.224083
10.323497
9.373336
5.771654
5.809751
9.101196
10.976861
11.157136
8.154350
9.812111
8.926983
11.488933
10.910102
9.423131
9.327010
11.057641
9.877104
11.026405
10.849118
8.221439
7.854968
7.663842
8.933929
8.239963
11.090391
11.150704
7.072523
7.722512
7.423276
8.669199
11.451832
10.880359
9.335638
12.064933
7.227292
9.238203
7.834809
10.247248
6.188043
8.362098
8.908095
6.806634
10.957443
8.963474
5.914559
6.877591
9.432778
5.485377
4.345004
9.513194
7.798332
5.147823
6.506378
3.734368
6.339444
4.345495
5.204485
5.029700
2.993502
2.300010
5.324068
6.460281
6.226944
2.504169
1.937184
1.304723
1.815438
4.273986
0.684776
3.809364
-1.346015
1.781593
-0.376631
-0.462232
-1.762667
1.367252
0.846955
-1.216684
-2.747220
1.346046
-2.228111
-4.440551
-3.533894
-1.883097
-3.787188
-2.840755
-5.403245
-5.835574
-6.758220
-1.941045
-2.238761
-6.496954
-4.716167
-4.206879
-4.137714
-3.320617
-4.920350
-7.768030
-9.780686
-7.056611
-4.449406
-9.494142
-5.057253
-9.265123
-9.840426
-6.440246
-10.772828
-6.453156
-10.074936
-11.079414
-6.559162
-7.242214
-11.139761
-11.472622
-11.050843
-7.907745
-11.098676
-12.317913
-7.599531
-12.652444
-7.180607
-10.154303
-8.855648
-12.776561
-9.022549
-10.253416
-9.005044
-11.112173
-9.071086
-7.933433
-12.340602
-8.054160
-9.340910
-9.326506
-8.739389
-10.908036
-12.084367
-8.361164
-6.194959
-11.516875
-5.912615
-6.109394
-11.421437
-6.283193
-9.154746
-6.033534
-8.507953
-4.567288
-9.824758
-9.231863
-5.379149
-4.782967
-5.423934
-9.059176
-6.802017
-6.814158
-7.029986
-2.498902
-2.019315
-6.518282
-4.593594
-2.492198
-4.650687
-3.004356
-4.024583
-3.632306
-3.280271
0.000863
-3.879909
0.459652
1.673716
-2.118698
0.405216
1.384228
-0.749193
