2.137461
-0.658931
-1.046945
-0.228080
3.077598
3.667742
3.300717
4.318861
5.455797
4.737940
2.197025
3.661354
3.053122
5.841532
3.959619
7.195558
2.866393
4.575029
6.435234
7.163026
4.371368
4.563462
3.991479
4.452704
8.161827
8.935883
10.305105
8.805989
7.886173
10.308338
9.073803
7.167828
5.656056
9.142727
9.130513
9.589073
11.166447
8.277222
9.480433
10.522890
10.905507
10.359548
8.701296
8.831473
7.791481
10.719912
11.739961
8.424425
12.129740
7.052672
12.087956
10.788200
12.162346
7.396108
10.293187
6.928383
7.102754
10.114911
7.927448
11.463037
7.666265
9.557023
8.370586
6.926218
9.072611
6.256404
10.483701
6.147148
8.835585
5.732213
7.420254
5.050498
8.089126
9.457648
6.559996
6.484177
8.026291
5.460475
4.933836
5.377628
6.197335
6.231540
3.600747
5.536796
7.143743
5.719610
3.701505
3.386968
1.506824
3.429602
2.590543
4.427431
0.600502
1.135668
2.572181
-0.524819
2.874793
0.629366
0.487626
0.523702
0.860772
-1.570205
1.666245
-2.793091
1.273720
-0.870961
-0.218328
-0.121998
-4.308550
-1.695659
-2.842650
-3.921824
-5.969851
-6.571327
-7.153751
-6.210756
-4.352557
-8.357594
-3.984035
-3.418800
-6.010972
-9.131974
-5.765180
-8.195476
-4.235590
-4.563082
-5.997302
-8.515012
-10.383123
-9.513467
-7.290733
-11.317138
-7.480653
-5.913924
-7.402480
-6.354075
-8.548778
-8.970107
-8.304815
-7.104358
-8.291801
-6.828956
-10.536940
-10.559756
-7.262054
-7.291023
-10.061590
-7.639341
-11.935787
-12.251950
-9.427459
-8.577552
-9.814517
-7.357363
-10.861963
-9.547497
-11.428204
-10.966478
-8.645365
-9.245914
-8.823628
-7.676212
-8.454698
-10.777925
-10.844808
-10.340721
-7.435486
-9.818726
-9.271541
-10.566885
-5.734156
-5.297442
-9.709210
-7.293166
-8.182964
-4.036435
-4.444396
-6.316260
-8.356552
-4.954935
-6.592191
-6.124159
-2.597352
-5.387162
-3.086724
-5.372800
-3.577731
-4.847573
-4.809677
-4.138653
-4.695882
-4.137291
-4.168898
-2.129867
1.155364
-2.446592
-3.090227
-2.979300
1.098782
0.671512
