0.037499
-2.047789
3.218943
-0.235355
2.858868
-0.146772
-0.398502
2.667365
1.408598
0.478650
2.807173
0.724268
4.482537
1.481573
3.580797
5.207621
2.314091
4.310180
2.996508
3.385493
8.831008
6.820664
7.958013
8.305290
9.611618
4.337487
9.115382
9.619920
6.280382
8.668432
6.928402
6.775354
9.615176
6.427000
8.655983
10.246093
9.261459
12.116379
8.212433
11.305026
8.492748
8.094040
11.178646
11.074614
12.701020
8.855823
9.938180
9.047292
12.688016
12.374381
9.352832
10.480860
7.291864
10.629852
9.522901
7.902123
7.565149
7.818543
11.347066
11.938663
12.214681
8.441400
7.892978
10.651693
9.459594
11.392580
5.611743
10.372745
9.803705
9.047672
6.538791
8.773421
4.949702
4.652588
7.643700
6.090613
6.211643
5.270533
3.131150
3.212357
6.338109
7.137246
4.319295
7.525367
4.029605
4.547643
5.569766
3.377324
4.162301
2.870051
1.399794
0.355618
4.941120
2.197532
0.519301
1.577194
-0.414992
1.262790
1.005568
1.360739
2.104388
-2.725801
0.922514
-1.091957
-3.366810
-0.108581
-0.837877
-2.679629
-0.062715
-5.174544
-0.640717
-1.102468
-4.988597
-3.035448
-3.258052
-5.909037
-7.617703
-2.899082
-8.493375
-3.928890
-7.835493
-3.943227
-7.862330
-9.595013
-8.856881
-6.050860
-9.582996
-10.053091
-7.423568
-6.258149
-5.420656
-10.561511
-10.400592
-10.598802
-6.903286
-6.380052
-8.958079
-8.291368
-7.847950
-7.362198
-11.336052
-10.247203
-9.211935
-8.175160
-8.763858
-12.020244
-8.436682
-7.201778
-12.121336
-8.560638
-11.080795
-10.874487
-9.218194
-9.620256
-8.672020
-8.098033
-11.784292
-12.003861
-9.579187
-9.200224
-9.741996
-8.828460
-9.211089
-8.138951
-11.499001
-10.041838
-9.882718
-8.071265
-9.953485
-7.777476
-5.493829
-7.602260
-6.559290
-6.781211
-7.280323
-8.933658
-8.279456
-5.389919
-8.738831
-5.314631
-4.211114
-4.698901
-3.325884
-5.352390
-6.559179
-4.370043
-4.822974
-3.965979
-4.629461
-3.333601
-5.031685
-4.841333
-0.118316
-2.809104
-0.636052
-3.994027
-3.868686
-0.696508
0.529250
-2.347085
