-2.337539
1.432647
0.565621
3.432605
3.068176
1.521725
2.280928
1.288540
4.602530
1.261241
2.270026
2.816511
6.813626
4.530399
3.632181
5.408574
2.772022
6.502163
3.014462
3.711588
5.624626
5.079939
5.564570
8.500612
8.849853
8.200679
10.253917
4.976473
5.459257
5.437106
7.721177
6.973286
11.224925
10.000551
11.697798
10.976013
11.856783
9.268915
6.999522
12.051996
11.678167
12.601053
9.593994
7.473490
8.171761
12.461615
10.257908
10.681012
10.013967
11.774568
10.625844
12.837270
9.258141
8.962838
10.213323
12.058732
10.678817
11.321629
7.865046
11.452292
11.192037
7.287981
8.268579
6.266524
6.637933
9.053226
6.976519
10.807496
10.522669
9.354718
5.201919
5.088499
7.325135
6.371470
8.470040
8.803939
5.424592
3.981117
6.920418
5.347687
6.372521
4.715375
4.404503
6.252778
3.366947
5.856464
5.507761
4.421521
5.908620
0.282619
3.145576
-0.458083
-0.238211
1.833546
0.083551
-0.425450
-1.356677
1.723685
-0.485916
0.992350
-1.322950
1.807066
-2.821886
0.493412
-2.491431
-0.918034
-4.423271
-1.403661
-4.446139
-4.697237
-1.085449
-2.386924
-1.634400
-4.195850
-3.579427
-7.712686
-3.533621
-7.917062
-3.789577
-5.299737
-5.984184
-4.859507
-6.649424
-9.662371
-9.987875
-5.067544
-5.279069
-5.720949
-5.881993
-10.678618
-11.077074
-5.759582
-9.797788
-10.357855
-9.772871
-9.365998
-8.707861
-7.581139
-8.695916
-10.329879
-8.218216
-9.975772
-11.478053
-7.015811
-7.663906
-10.728668
-7.192688
-10.974983
-10.749467
-7.683256
-11.496827
-10.500545
-8.568157
-9.889674
-12.761732
-11.318018
-7.860649
-8.679542
-7.852815
-8.610079
-11.794959
-7.635192
-8.468195
-11.868126
-6.947720
-6.218640
-5.917639
-8.800683
-6.336182
-7.944051
-7.950265
-8.345256
-9.062916
-9.582188
-5.526369
-5.592015
-8.174194
-8.433336
-9.058776
-8.177595
-6.721823
-4.964600
-6.600629
-7.024751
-7.083590
-1.345266
-1.390929
-5.985904
-3.533861
-5.696858
-4.393172
-0.493876
-4.346425
-1.390755
-0.022251
-0.577211
-0.341903
-0.450239
-0.131116
0.923645
