2.067795
3.283736
3.561150
1.449166
4.027050
0.232130
1.181790
-0.164194
1.810882
0.258551
1.539760
3.124048
1.910753
5.732111
2.410496
6.920485
3.454884
5.505877
7.996668
3.052413
7.281023
7.529985
7.754106
4.463550
7.855817
7.851342
5.230487
5.983835
7.728597
5.558991
8.427287
9.006908
10.717309
8.460538
10.244089
9.178526
9.654564
6.378892
6.843209
9.165812
12.403777
6.883365
11.295232
12.106828
7.049571
8.250752
8.732797
11.405345
8.533423
10.749836
11.826506
10.311906
12.632169
11.057368
11.036875
12.159667
10.250191
10.106464
10.042509
11.588708
9.911701
7.291365
8.405263
10.878181
9.765001
8.090532
10.058449
10.201104
10.645226
10.637875
6.841354
10.648834
10.378798
7.665013
7.451987
9.583400
4.319235
8.764192
5.940746
5.088909
6.116289
2.804382
3.237960
5.508342
4.928732
3.072191
5.133626
2.070999
0.967550
5.135825
3.342146
1.435705
2.093383
2.617413
2.041268
1.056321
3.233373
2.973017
2.850188
0.121997
-2.857138
-3.560986
-3.691219
-4.011784
-3.549316
-4.610676
-2.028148
-5.306805
-1.001633
-1.740675
-1.369807
-3.897213
-6.157021
-2.178005
-6.197282
-2.636744
-2.456335
-6.423795
-8.098603
-7.927779
-5.086746
-6.684017
-4.821121
-5.378998
-7.277675
-8.806796
-5.942854
-8.053070
-6.920289
-6.222010
-5.340364
-5.623575
-7.443226
-10.132376
-11.818046
-11.015860
-9.001656
-10.873367
-11.543193
-11.584461
-6.871330
-8.914403
-12.703052
-7.644738
-12.709067
-7.881001
-8.552453
-12.942654
-8.823397
-7.300287
-9.653952
-7.239272
-8.988728
-9.449512
-8.389814
-12.444413
-12.308184
-12.392512
-10.970343
-11.521879
-7.064014
-12.022914
-6.295650
-7.015810
-9.633982
-10.269335
-6.124443
-9.965582
-5.861042
-9.367665
-10.383578
-7.668797
-10.473511
-4.316801
-6.886640
-7.294625
-4.242341
-4.944285
-5.748528
-3.780117
-6.722740
-7.362754
-2.977752
-4.216194
-3.649220
-4.507504
-3.906645
-3.166336
-6.156480
-3.044300
-4.530713
-1.435970
-0.471493
-1.245300
0.840979
-1.127825
-0.079467
-3.085763
-0.879194
-0.250862
