2.525749
1.185746
-1.751040
2.744783
1.498532
0.020431
0.466699
1.174356
3.926253
4.538247
3.483279
3.622388
1.050737
5.004866
7.090620
2.531395
4.799919
5.771728
7.541313
7.476047
5.152688
7.773889
3.971225
4.874566
5.136254
6.127834
5.614180
8.878082
9.140256
10.429626
9.523941
8.381206
9.848811
11.019129
9.143012
6.988614
7.022179
9.900019
7.572622
7.532048
12.290201
10.002307
11.556857
8.158361
9.172977
11.637414
7.262082
10.265317
11.973961
9.915214
7.591132
9.553432
11.984899
8.203190
7.230100
11.433035
6.994008
12.155399
9.538273
11.346240
9.367856
9.339498
10.707738
7.510026
10.462181
11.092108
6.341374
10.325583
6.264987
8.823178
7.481557
6.438779
5.615372
5.274842
9.445488
4.307262
5.762632
7.039492
8.323509
4.035646
7.475346
8.256280
2.142872
6.564772
2.271464
6.977574
5.762669
1.960659
0.857551
5.150899
2.948148
-0.128653
0.961531
4.334125
-0.042117
1.845392
2.080209
2.480303
0.921170
-1.089636
0.055511
-1.962744
-1.080938
-3.454799
-1.990062
0.367267
-0.471323
-2.976289
-4.281629
-3.442846
-2.488661
-0.805210
-1.883004
-2.345848
-3.792089
-6.954566
-7.065083
-6.187232
-3.775978
-4.281833
-5.483351
-3.508885
-8.914104
-7.611656
-4.671493
-5.938204
-8.681867
-9.228947
-9.388874
-11.030725
-6.953944
-9.142168
-10.817785
-9.267433
-7.876297
-6.634690
-10.957623
-6.428869
-10.500516
-12.479084
-9.479170
-10.130360
-11.994265
-8.105349
-7.480897
-7.459638
-11.013185
-11.315581
-9.588290
-12.316656
-11.649805
-7.862854
-7.310783
-9.318625
-7.933027
-10.777906
-11.253501
-9.284590
-10.270125
-10.907666
-9.978058
-9.046716
-7.271333
-11.035551
-6.943886
-7.317642
-8.321798
-7.193938
-6.241639
-5.280492
-5.463695
-5.196759
-8.589556
-8.361835
-6.817711
-8.254395
-7.607516
-8.749527
-5.459427
-8.424660
-4.919038
-2.582528
-3.308610
-7.466126
-5.511233
-4.636514
-4.228324
-2.493326
-1.157249
-0.591369
-3.995729
-0.450269
-3.607568
-2.678633
-4.500982
-1.399383
-2.104970
-1.921492
1.738082
2.653412
