1.828930
-1.184134
3.739881
4.060350
1.098009
3.675798
1.444820
4.613378
3.922781
1.021039
5.702386
4.662477
1.772761
3.191089
3.904748
4.712913
3.909724
8.193472
3.446324
3.323250
9.083317
4.585492
8.714350
7.504664
9.902557
4.493114
8.072429
5.914196
5.755589
8.085908
6.282379
9.093346
10.333686
7.397643
8.766262
11.044221
9.467364
11.160302
11.603670
9.681819
10.883095
11.876844
12.283120
7.850722
10.447728
8.066269
9.796163
8.231983
11.491317
9.209262
12.548902
11.125674
8.272547
11.546732
10.934317
11.288228
11.336700
9.667622
8.471635
7.186404
7.358448
10.777744
11.301421
8.012414
9.267720
8.317820
10.683934
10.781368
6.634083
10.100935
5.043086
7.438801
8.808911
6.500672
5.915105
9.186403
8.390552
8.175905
7.036877
7.836945
4.016764
7.697046
2.655263
7.421334
2.630638
2.125822
3.217369
4.574080
2.053508
5.260625
4.741756
0.948625
1.640280
1.653065
1.743689
2.060732
-1.411469
2.754602
2.097475
-1.845568
1.643254
-0.370735
-1.274217
-3.524964
-3.495397
-2.288652
-5.136250
-2.716565
-1.376345
-2.057776
-5.439104
-6.545430
-6.456770
-2.241711
-6.101835
-2.254849
-6.005386
-6.277268
-5.858367
-3.564105
-3.740806
-8.171372
-7.179852
-8.486614
-6.466943
-5.638148
-4.848780
-8.105256
-8.619841
-10.077323
-9.551383
-11.002645
-11.183958
-7.776136
-6.280884
-10.297337
-9.602374
-9.502525
-9.341556
-10.903171
-8.017838
-9.443193
-8.843505
-8.072556
-9.682390
-9.675899
-10.216230
-12.148976
-12.909439
-7.861287
-10.102622
-11.771994
-8.367609
-7.005536
-9.385460
-11.996859
-11.626981
-8.318714
-6.689270
-8.817157
-10.302564
-9.477912
-6.849227
-11.276209
-6.854003
-9.007738
-10.969776
-6.925225
-6.122288
-9.791411
-9.068234
-9.674895
-7.765699
-5.889101
-6.922298
-5.596578
-9.532509
-7.788052
-6.582994
-5.172543
-3.952217
-4.542865
-2.517749
-3.238177
-5.343410
-2.429105
-1.274023
-6.422140
-3.124981
-3.043840
0.063588
-0.787728
-1.483198
-1.791765
-2.470612
-3.849295
-0.795478
-2.350820
2.027710
1.349589
