0.385709
3.077711
2.262601
1.300774
0.637024
0.542766
-0.110623
1.060559
-0.176431
0.712795
5.818906
1.408652
3.692463
3.238951
2.667852
5.623197
6.121968
3.667502
3.812807
5.035439
5.295028
5.580162
7.877982
8.262054
5.459262
4.479950
9.373648
5.592494
6.287440
10.491696
6.364482
10.936160
11.263301
7.302152
11.625176
6.691283
10.676380
8.252022
9.131863
10.418522
8.894152
10.391590
7.569714
12.042555
7.976669
12.437898
8.116698
8.197005
11.635980
7.278938
10.843268
8.194944
7.628973
8.110178
9.955542
11.554325
6.937063
6.834620
10.849821
6.783326
11.530064
9.246094
9.635953
9.537491
10.114014
7.901370
7.993758
11.010042
9.797425
8.709674
10.240146
9.043882
4.676238
6.709933
4.987011
5.769755
9.481375
6.871470
6.244847
6.940909
5.633136
4.302320
3.548762
1.920332
4.431575
3.937923
5.134517
6.004355
3.557416
5.667624
3.495484
5.373088
3.917474
0.046642
4.113937
2.533588
0.583572
-1.131511
1.944648
0.406673
0.722340
0.145596
-2.153575
1.505760
-4.244393
-1.711613
-2.066250
-3.013992
-0.325261
-4.208047
-3.129286
-5.458147
-6.208759
-5.903416
-5.824426
-3.047642
-5.777717
-3.456162
-5.798908
-4.203358
-8.229816
-4.171868
-5.823392
-6.763873
-6.069770
-8.158342
-9.599520
-9.798320
-8.984777
-7.308140
-5.611248
-6.635834
-7.485174
-9.880591
-7.761954
-6.816836
-9.742767
-8.416498
-11.553184
-8.155313
-11.925749
-11.590290
-7.330577
-11.659067
-9.556470
-7.380963
-9.199750
-11.901390
-9.647142
-11.205011
-10.424717
-10.858280
-8.398450
-8.066912
-11.247683
-12.217468
-7.071202
-12.380570
-10.659213
-11.489989
-9.858965
-6.379249
-10.663412
-6.744531
-11.604487
-7.859524
-7.260493
-8.687137
-7.033059
-7.170956
-9.008082
-5.170968
-4.523097
-8.242685
-6.563355
-4.791247
-4.244017
-9.333904
-7.386186
-4.957011
-8.275672
-7.769048
-4.879369
-5.705583
-7.284318
-1.261856
-1.305794
-3.862089
-5.213054
-2.708208
-2.645421
-4.671850
-1.087389
-2.176683
-3.678803
-3.294905
-0.296941
0.555431
-2.951833
1.546845
