-0.223732
-0.395628
0.669455
2.018013
1.666394
3.537936
1.545888
3.083462
4.262104
3.148843
0.828971
4.609794
2.294668
5.285975
7.476866
2.925707
3.849338
6.753329
3.155178
7.337685
4.691328
5.746620
4.439046
9.116803
4.664300
10.063344
8.934261
6.044385
7.474739
9.619527
11.111998
8.219921
7.575874
11.566361
6.125013
8.493795
6.223442
10.932814
10.951152
9.508195
9.819311
9.448466
12.674676
10.739051
12.438547
9.945431
10.112229
10.222732
7.972446
11.654221
7.096809
7.097103
9.889021
6.977102
8.313322
7.567820
11.668685
12.294840
11.257530
6.738219
6.448485
6.954019
8.726657
12.033694
7.515527
8.911038
6.439260
9.631202
6.649932
5.391345
7.214827
6.916844
5.735125
5.090837
5.665342
9.642892
3.824167
8.401479
7.447120
5.737847
7.908445
6.288539
2.685014
5.261001
4.166044
4.396224
3.450161
1.241725
0.708563
1.567574
2.199176
4.263477
-0.678777
1.067267
-1.110205
-0.244335
-0.168244
-1.678701
1.627281
0.628495
-2.569350
-0.581885
0.517249
-2.679584
-1.156159
-4.312614
0.556165
-1.975541
-1.295179
-5.519989
-5.072998
-4.380900
-1.837059
-2.419811
-2.323756
-5.230558
-6.225725
-6.691444
-5.357278
-3.405505
-4.687370
-9.149909
-5.417155
-6.755782
-8.498504
-9.245971
-6.168830
-6.302802
-8.397652
-7.420187
-11.024814
-8.275960
-8.682034
-10.501791
-10.066230
-7.570661
-7.047670
-11.986138
-9.933692
-7.403492
-7.505244
-10.908508
-12.052165
-7.247211
-6.929393
-10.306450
-10.992372
-8.372791
-7.086737
-12.987506
-9.503020
-7.687950
-8.887275
-9.939361
-11.393550
-12.219902
-7.077964
-11.164579
-10.346524
-7.485888
-10.085555
-10.210171
-7.390845
-9.673147
-9.788492
-8.076211
-6.504667
-5.935624
-7.232271
-7.931551
-5.583831
-5.742963
-9.988392
-4.366948
-9.659518
-4.108526
-7.136166
-9.023146
-6.720351
-3.021559
-4.379740
-6.443259
-7.709269
-4.750706
-2.814486
-6.120868
-3.819162
-3.663067
-5.078988
-2.496405
-2.013489
-5.150490
-1.920189
-3.373377
-1.309800
0.485818
-0.950156
1.034075
-2.671724
0.383392
