3.125839
2.031942
-1.340768
4.137818
1.894520
0.514673
1.291407
2.164598
1.735191
4.049992
3.703263
3.978993
4.875491
3.323041
7.229691
6.107514
5.544297
4.285852
4.693971
5.313041
8.327031
5.891429
7.775114
4.816415
8.371907
6.630335
4.921711
5.851130
6.198596
7.560284
8.211823
9.419731
7.833035
6.191296
11.449174
10.658193
7.079057
9.656123
11.404356
7.655740
11.282725
11.592065
7.694757
8.431112
10.766456
10.216062
12.793585
12.527190
12.114650
7.873653
10.141487
9.735481
8.156425
11.084419
10.241950
10.774542
11.557709
12.209195
10.611889
6.893030
8.360109
7.329096
11.027574
6.104685
6.748831
8.895128
8.764855
5.641297
9.818308
10.562108
5.987877
6.023691
9.898157
5.886316
7.151374
3.981269
8.714963
6.001581
4.046656
7.562383
3.785461
6.112753
4.404162
6.242740
1.679051
4.606636
4.614518
3.432086
3.184895
4.748255
2.507604
3.996322
2.031341
3.147823
-0.938432
2.533301
1.166809
0.007069
1.812178
-0.274948
2.295848
1.219889
-3.746389
-2.660937
0.169694
-1.120458
0.718279
-4.139518
-1.766062
-1.515724
-4.268806
-2.544902
-4.639089
-6.714652
-3.313844
-4.246417
-7.901327
-3.945465
-6.464044
-8.557806
-8.003266
-5.586301
-3.958592
-6.433091
-9.182093
-7.373893
-9.992231
-10.149025
-4.938514
-7.037550
-6.656549
-11.231493
-7.834844
-10.752857
-7.788153
-7.696359
-11.891083
-6.368897
-11.198741
-10.068310
-12.567513
-8.729878
-7.601061
-8.381275
-12.422834
-9.119204
-8.714036
-9.855307
-11.562878
-9.153307
-12.676471
-10.892319
-9.934332
-9.060818
-10.700915
-8.190037
-11.177825
-10.384801
-11.176348
-10.159655
-7.003117
-8.859021
-8.510773
-11.587072
-7.629062
-6.874371
-8.531915
-6.415445
-10.438309
-5.534465
-9.869089
-4.941513
-10.086293
-5.124830
-6.870612
-4.852053
-9.525702
-7.757994
-7.044699
-8.457064
-7.392553
-8.335350
-3.929437
-6.678927
-4.108269
-3.073707
-1.667399
-3.726464
-1.145651
-1.494961
-3.078874
-0.340168
-1.338727
-0.571351
0.608130
-3.455377
-2.908733
0.093713
-2.790979
-0.725484
