2.031285
-0.366988
1.603890
-1.284004
1.885766
1.917683
2.548091
2.056411
0.560926
2.266745
2.830433
5.916472
2.260859
5.141028
3.963758
4.575728
6.080899
7.088128
2.733856
6.289545
4.931810
8.522705
7.169630
7.061390
7.026750
8.336490
10.493668
9.675036
9.049508
7.332066
7.426809
8.942556
6.301610
7.754843
10.896916
7.468740
11.450760
11.717279
11.745108
6.892127
9.563098
10.635365
9.910911
10.013529
9.831836
9.820367
9.695305
8.881495
7.984651
12.682056
12.053612
10.232256
10.715901
11.082275
7.416065
9.209534
7.879712
8.453728
6.905569
10.095576
7.690074
7.188333
9.993224
10.962197
9.568366
9.408483
9.797666
9.096722
6.225381
7.556730
10.241842
9.365168
5.630794
4.372372
7.919223
6.036770
5.831521
7.407385
6.699214
5.759579
7.625898
7.958923
7.187653
6.850600
3.765096
6.586275
5.187010
4.614999
4.168905
1.576942
2.964239
2.804834
-0.547186
4.084914
-0.758596
-0.201831
2.717037
0.921741
0.920250
2.678365
-2.497826
1.168590
-1.078659
-1.666384
-4.258883
-2.168841
-4.991810
-3.497589
0.053856
-5.220756
-3.677472
-4.251602
-2.090438
-5.022092
-3.124084
-4.823087
-2.986484
-3.776433
-5.845917
-8.868110
-8.680047
-7.764405
-7.057761
-9.399089
-7.828651
-5.740374
-7.304470
-4.878601
-9.798266
-8.184053
-7.547886
-9.762399
-7.320608
-7.929135
-8.137297
-8.799295
-8.140772
-9.850297
-8.614470
-8.366912
-8.467841
-7.377238
-8.745219
-7.439195
-12.028249
-9.297780
-9.413209
-8.851160
-7.733423
-9.956346
-7.756066
-10.973429
-7.823321
-8.012511
-11.257120
-8.826561
-9.990977
-11.397184
-7.772796
-8.032032
-10.875561
-11.687181
-7.077346
-6.055889
-6.082437
-11.514408
-9.806514
-6.207555
-8.704130
-8.086705
-9.824453
-6.266689
-6.328637
-6.506717
-9.134718
-8.815524
-3.882060
-5.117296
-8.480212
-7.928394
-5.741535
-4.447146
-6.501256
-6.915466
-3.556492
-6.331367
-1.331250
-2.183974
-2.625466
-4.726293
-0.165471
-3.769395
-4.872884
-4.235450
-3.466989
-2.389251
-1.286761
-2.193528
0.470407
-1.536493
