0.932622
0.398141
2.987718
1.319206
-1.319105
3.868145
3.021063
0.140183
4.511833
2.986613
3.756316
1.443574
1.783149
3.747072
4.387350
7.589427
5.078396
7.120079
7.682361
4.442325
8.588018
5.726837
6.449694
9.065189
9.624973
5.599293
8.307237
7.812625
8.813442
6.241002
7.487971
6.568237
10.618357
6.479955
10.520928
11.846423
7.694601
7.002435
12.303546
9.814160
7.482850
11.972377
10.334293
8.825047
9.705085
7.341294
9.941684
7.520403
10.318959
11.439135
8.802742
9.556944
9.165053
11.842149
12.072793
7.215726
10.961821
11.963435
9.585835
8.060669
11.025751
11.287972
9.003991
9.740214
9.613593
8.560101
7.286138
10.764237
9.717609
8.013394
8.305901
9.669421
6.494216
8.701204
8.858539
9.765135
7.756330
7.513972
8.440107
7.090322
4.462937
8.021774
5.520546
4.162814
1.960348
6.886391
2.329263
3.968133
6.159306
5.126226
3.130781
2.446744
1.013358
1.484145
-0.050453
3.550645
1.294577
-0.083577
-2.549689
2.492904
-1.274704
-2.199880
-3.227311
-2.958151
-1.717268
-2.481114
-1.174074
-3.531640
-5.306156
-0.595047
-5.557695
-1.528522
-3.672871
-6.202626
-2.114153
-5.875649
-2.885563
-5.243195
-6.625294
-5.088429
-4.262764
-6.125694
-7.311651
-7.492817
-7.696078
-6.279453
-10.358830
-10.520059
-4.946685
-8.691258
-6.278853
-11.361099
-6.284540
-7.496613
-9.344479
-7.759492
-12.147646
-8.668889
-11.449768
-12.361479
-12.255923
-12.653956
-10.384332
-11.651504
-8.583453
-11.635984
-7.565904
-12.925893
-7.622453
-9.897635
-9.789651
-7.626087
-9.144113
-7.030040
-12.201292
-10.778525
-12.244604
-12.481480
-11.382057
-9.984909
-12.172843
-10.635121
-9.305146
-11.858789
-7.742832
-10.105128
-10.239331
-7.707133
-7.070558
-10.999379
-6.153025
-6.701649
-6.035427
-8.314496
-8.726106
-4.563069
-4.184770
-6.340066
-6.538946
-5.134846
-4.246553
-5.125167
-3.691317
-1.993104
-7.407416
-6.558952
-4.068342
-0.832739
-3.312502
-3.059672
-2.992628
-4.583729
-0.211568
-2.915769
-0.449783
-0.223918
-1.463216
-3.169983
1.904711
-2.209383
