-0.749577
2.742999
-0.956554
-0.667739
-1.381377
1.379267
4.388192
2.893897
2.808889
2.043580
4.845901
3.974790
2.442304
4.808727
5.554827
6.160037
3.648836
7.853216
8.337083
5.047016
5.946006
3.549496
4.516028
5.514732
6.669344
5.142889
6.289740
8.368447
7.128764
8.918747
7.420788
11.254642
9.592082
7.544276
5.920783
11.889296
11.701106
7.280694
11.410957
9.677256
7.185376
7.734480
11.995877
11.490093
12.813508
8.814083
11.707884
10.427923
9.551522
7.599906
9.109755
11.291053
12.357811
8.625893
11.857083
6.969469
7.718753
7.345234
10.472837
6.970320
8.351060
9.668521
8.576283
10.214558
11.632587
10.457364
11.167356
6.021538
6.854392
5.906687
6.025070
6.174418
7.649241
9.607267
8.039591
6.244113
5.419925
4.489916
7.848567
5.439389
3.632374
5.533922
6.962558
5.855842
5.975701
5.308837
6.377150
5.667138
1.734766
5.033161
3.305996
4.628627
2.630057
4.275095
2.397579
-1.481414
2.757186
0.666817
2.998916
-2.848066
-2.152450
1.780591
-3.746116
-3.897371
-2.355472
-3.919169
-0.110416
-4.041082
-5.571733
-4.671319
-4.580544
-3.016184
-4.803227
-2.724040
-7.316624
-4.499559
-6.279731
-4.545922
-3.421898
-8.666401
-7.756743
-7.727778
-7.596730
-9.452188
-7.590736
-4.589934
-8.822466
-10.587419
-9.879751
-6.175369
-8.922628
-9.703260
-10.472767
-8.366023
-10.657228
-11.115698
-10.114426
-7.730519
-10.200793
-10.742367
-7.459695
-11.490727
-8.975471
-8.070469
-9.165050
-11.741898
-10.447379
-8.283972
-7.337019
-9.374759
-8.604782
-12.648243
-11.238581
-10.390492
-7.354169
-9.118014
-11.176042
-11.302764
-6.858868
-9.339483
-11.856393
-10.836030
-6.371150
-11.775849
-8.842630
-11.318735
-5.778725
-6.053222
-6.740373
-10.935197
-7.833644
-6.921906
-8.647792
-7.177226
-8.984466
-8.849628
-6.165602
-7.247213
-4.284327
-8.686598
-4.803442
-7.771620
-4.200620
-2.085261
-6.783758
-7.119156
-4.700950
-3.245500
-6.288191
-4.842298
-2.149883
-1.874210
-1.639188
-4.069134
0.253470
0.617597
1.005429
1.397599
-2.499952
-0.661143
