-0.329171
-0.472756
1.552061
2.277925
0.060867
1.815326
-0.236956
0.572865
2.532114
1.271405
1.351709
4.017588
3.664975
6.073531
5.656213
3.461421
2.649794
6.481319
2.834436
4.101307
3.949094
8.387830
8.082565
4.375524
9.766356
5.003661
8.604383
6.012356
7.981606
6.041833
9.289103
6.196181
10.134326
11.414132
6.642620
9.632340
7.215053
7.338937
7.884064
11.651879
8.656908
10.910411
9.085566
12.402995
12.788254
8.439633
11.868066
9.252241
7.060447
12.480083
11.157554
10.774396
8.339064
11.313804
8.344088
7.641872
8.286241
11.758736
8.749986
9.353473
8.474290
10.388486
7.127524
7.173831
6.865787
9.260598
11.360856
9.575170
6.977489
10.474885
7.893368
9.933705
9.819765
8.927853
6.010446
7.023081
6.722308
3.441260
3.985144
4.261439
6.445766
3.764269
5.303779
4.256116
1.967284
1.867983
5.890674
4.550451
5.920525
3.201695
0.972670
1.867824
0.463804
2.172500
3.726384
0.275191
0.121473
0.524456
1.078703
2.712575
-3.236156
-2.108319
-1.300754
-1.156511
-0.633612
1.050282
-1.351372
-4.236398
-3.320781
-1.402949
-2.437753
-6.404176
-1.975491
-5.948797
-5.722940
-6.169061
-3.158278
-5.041645
-4.502239
-4.531958
-7.342773
-8.679003
-6.964414
-8.415923
-5.684029
-5.703933
-7.278776
-5.788050
-6.266168
-8.971364
-8.237554
-10.647712
-11.408797
-5.897175
-7.940112
-9.774641
-6.952580
-12.217661
-9.716919
-11.416832
-9.950714
-9.709415
-8.263835
-11.741195
-9.308746
-11.068366
-7.151768
-8.012392
-8.080679
-11.217238
-9.282064
-11.971746
-9.526211
-8.239815
-11.298198
-12.744915
-9.652803
-7.149023
-9.550066
-7.352014
-12.001307
-6.493916
-10.086078
-10.277161
-10.566500
-11.302610
-10.468690
-5.873550
-8.373271
-9.676888
-5.276293
-7.710104
-9.788987
-4.705021
-7.147418
-9.299769
-6.933123
-5.042978
-8.347076
-5.959980
-8.152411
-6.600390
-2.217323
-3.728377
-3.175317
-7.060493
-3.429301
-3.617683
-2.684065
-3.424641
-0.294147
-0.982885
-1.588621
-3.668974
-4.377509
-1.437221
0.706444
1.141001
-2.635290
-0.380728
