-1.628656
3.176950
2.884151
3.976235
2.065636
2.502582
0.081725
4.483081
3.080782
1.365693
0.397618
2.799413
1.490129
6.380036
3.504834
5.494181
6.347791
2.786992
3.286900
8.167844
6.341966
5.013630
9.459172
6.442075
9.236454
10.211965
5.674293
10.100843
5.406914
9.034831
5.904363
11.228782
11.605841
5.768395
8.792870
7.306309
8.771740
6.485884
11.143947
7.937259
7.372098
12.128474
8.036538
12.349587
9.866434
7.621957
7.394867
11.707029
11.108439
11.761886
8.019779
12.822540
10.346989
9.784208
7.234689
9.058570
7.432705
12.600747
9.514150
7.656566
9.769448
10.402667
9.637808
7.354754
8.824647
9.012999
6.773335
9.427220
10.154881
8.099340
7.038156
6.473973
9.602071
9.118257
4.117862
8.532602
7.579740
4.257048
8.457372
6.115112
6.170218
4.599242
6.327203
1.936663
7.218468
2.129057
4.548834
4.326636
3.476886
1.597286
4.199878
5.296502
0.370499
0.393330
1.358109
-0.571406
-0.602912
2.859421
2.072476
-2.187377
-1.539868
0.437286
0.003731
1.668626
-1.450291
-4.592411
-0.906433
-4.821249
-1.306275
-5.767717
-2.308367
-6.088984
-4.979977
-4.573718
-3.623675
-2.434464
-2.187623
-6.794898
-5.597871
-5.761005
-8.524330
-3.945245
-5.788904
-6.081452
-5.123605
-9.482772
-9.176997
-7.002584
-7.134687
-7.023983
-6.950599
-10.450616
-10.308853
-10.052238
-7.262559
-9.784871
-9.864470
-12.145241
-8.480481
-9.331182
-8.244688
-7.504428
-10.671302
-7.715243
-12.349665
-8.984144
-12.498248
-7.756963
-8.653931
-10.257031
-7.554837
-10.288161
-8.911477
-7.702290
-6.887482
-8.963076
-9.303065
-12.545242
-7.784290
-11.430610
-8.372524
-9.228506
-11.648728
-8.937661
-8.494717
-11.244088
-11.535821
-9.091769
-7.901010
-8.261773
-8.290240
-4.884209
-4.655669
-5.564158
-6.871161
-5.949858
-7.336268
-9.045253
-8.341811
-6.293705
-5.862092
-2.872842
-8.016768
-5.544824
-4.623793
-3.991889
-1.614770
-3.097937
-0.645418
-1.598494
-3.329774
-1.721282
-1.503543
-2.207893
-1.304904
-3.355979
-2.582515
1.272499
1.001688
-2.132353
