-2.245370
-1.235480
-1.133152
-0.905961
4.037937
4.108271
2.275244
3.017358
3.680989
1.737941
5.463940
4.482057
1.065068
3.954900
2.026131
3.564800
6.405338
8.328930
8.077236
6.900949
6.081353
5.141625
5.008390
4.347971
5.534212
9.786200
4.695546
9.625638
5.749298
5.128373
9.667123
7.231531
11.521752
9.035975
6.850117
11.552612
6.940682
6.825189
10.891753
12.132859
9.152937
11.334404
11.468474
9.235783
10.268458
8.345560
8.379355
9.894445
8.216261
7.068223
8.923126
8.370773
7.790618
10.016004
7.076568
12.476204
12.592574
7.004559
8.769118
10.073436
11.825555
7.791747
7.632293
10.998073
9.615316
8.365613
7.560148
11.027035
6.865356
5.265918
6.367835
9.122922
8.553898
10.001183
7.802145
4.193108
8.610885
5.532750
5.494793
6.454951
4.624162
8.103230
5.580016
7.740426
4.875804
2.801365
5.095464
3.238459
5.521733
1.988505
4.913177
5.009510
1.918431
3.819010
-0.060685
3.345392
-1.636361
2.482867
-0.262887
-0.171044
0.310649
0.838288
1.284869
0.133829
-3.514048
-2.857780
-3.127539
-2.775026
-5.121468
-4.959495
-1.459429
-5.044017
-4.930309
-5.652115
-7.234204
-3.168162
-7.970028
-4.489947
-2.722509
-3.319738
-4.620403
-8.536647
-4.778500
-6.553415
-9.189769
-9.877311
-5.655837
-9.481269
-10.275587
-10.708938
-5.898719
-10.540052
-6.199567
-6.747394
-6.624320
-6.288830
-10.750982
-6.859145
-10.215528
-11.720056
-8.341372
-10.234269
-12.064062
-8.550891
-8.182258
-11.190411
-9.609227
-8.207141
-8.382211
-12.068028
-9.238377
-8.906123
-11.627736
-7.136489
-10.836479
-12.508800
-8.428502
-9.248446
-11.865956
-7.157859
-7.936040
-6.479461
-10.134174
-8.480066
-11.721279
-8.424281
-8.055013
-7.844361
-10.206286
-6.250885
-10.053687
-6.522098
-7.392725
-7.482863
-6.583932
-5.660887
-4.721468
-5.382422
-5.548288
-8.339773
-7.658376
-7.910030
-6.532279
-5.396937
-5.434585
-5.532322
-2.820488
-1.178991
-0.463786
-5.479291
0.054120
-4.327046
-2.585134
-3.323068
-2.038913
0.553000
1.740881
2.257693
-3.241225
0.461170
