2.750191
1.405090
1.088338
-0.101258
2.417724
-0.121883
4.859016
3.014266
0.063925
4.884615
2.284188
4.469639
3.661481
5.966082
7.257651
3.366990
2.373287
7.371886
4.989048
8.719372
9.001733
5.621280
6.913175
7.194307
6.085514
8.834023
9.627588
8.520348
5.677661
9.663154
11.024067
8.245525
10.455459
7.738373
10.497054
8.842246
9.778052
8.718402
8.636138
8.922886
9.984383
10.436434
6.993412
6.876883
12.130130
7.673637
10.535159
12.523004
11.592493
9.347170
11.901186
12.438987
10.325010
8.689039
7.310840
12.044411
9.058761
11.873152
11.980718
11.538805
10.220117
10.917069
11.503053
11.112139
7.258414
11.720101
8.475389
8.546102
8.435702
5.419284
5.005351
5.790792
8.483521
6.463934
5.533667
9.319429
8.981951
7.369397
7.093248
5.863736
5.736942
5.691671
6.357246
6.017296
5.303475
6.563926
1.673386
4.016542
2.911426
0.446543
0.066736
0.709039
4.428699
4.070113
-0.570663
1.443095
-0.023525
1.322373
2.622569
2.309278
-2.858697
0.171215
1.145698
-3.981546
-0.080815
-2.862078
-0.764928
0.489485
-3.063503
-4.065448
-5.807488
-4.328154
-4.230086
-2.908468
-3.326087
-6.982362
-8.037624
-3.219322
-3.363084
-5.162212
-7.769457
-9.117233
-7.202563
-4.545671
-6.652732
-9.737235
-7.783915
-5.326863
-9.058972
-8.706204
-8.075976
-9.358866
-6.445233
-6.099585
-11.599563
-8.568020
-11.302342
-6.828117
-10.488303
-11.344788
-8.020621
-12.005903
-7.978561
-8.937455
-9.730772
-7.699640
-8.377400
-8.630019
-12.309422
-8.507503
-7.519287
-10.103459
-11.297982
-11.045865
-8.008380
-11.904507
-11.789347
-11.900402
-8.243985
-9.194221
-7.860943
-11.699579
-6.634855
-9.848285
-11.087823
-7.529571
-7.656464
-8.246120
-6.367364
-6.989875
-6.058178
-4.713991
-7.056729
-4.552338
-5.002968
-7.010234
-6.627288
-9.222375
-8.134352
-3.598594
-6.817616
-6.522561
-4.545533
-5.588136
-7.091720
-2.702735
-1.314474
-6.186477
-2.636483
-1.399368
-4.175004
-2.617715
-1.984540
0.270639
-2.405836
-0.556215
-0.503255
-1.391240
2.234632
1.240845
