2.335221
0.464510
3.780942
2.615276
3.375304
4.326975
1.722721
2.434617
3.325333
2.647757
4.942126
2.523691
3.123498
2.530726
2.750722
4.221291
5.304967
7.094617
6.724988
6.936477
3.566717
7.449382
6.849319
4.338112
9.759877
4.928063
6.998063
8.214943
9.302948
8.067989
5.610165
9.491450
9.619656
8.332134
7.149012
10.014324
6.370480
8.407532
7.605274
12.271475
7.475987
10.501291
10.610416
7.304883
7.506613
7.222131
9.813290
7.046047
10.303362
12.407566
7.706189
12.151822
12.921434
10.440836
8.322987
11.916000
11.644039
9.951448
7.358502
10.817114
8.994945
7.011216
8.117224
11.035138
9.535495
11.160406
7.972934
7.999536
7.633385
6.947542
10.119980
4.723800
8.242428
6.463925
7.500904
5.839438
7.663176
9.039197
9.116830
4.934794
8.250961
2.586177
2.779220
2.854751
5.236486
5.887693
3.228076
2.972765
0.423787
4.239582
2.967421
2.363519
1.389035
0.459211
1.096518
-1.324569
0.264379
-0.854658
-0.647475
2.693877
0.417987
-1.377638
-3.001291
-1.807150
0.225240
-4.488577
-2.746755
-3.614908
-2.894847
-3.755541
-4.418470
-3.267743
-6.252601
-4.591243
-6.314290
-2.458627
-2.800681
-3.851934
-8.433591
-4.433166
-4.973332
-4.547899
-7.062244
-6.612613
-9.444824
-9.889320
-8.536602
-6.552608
-5.698356
-6.462926
-6.748336
-5.450992
-6.707447
-10.321893
-11.320576
-10.149098
-9.870345
-6.476752
-7.623543
-11.860680
-8.743135
-10.583540
-7.456836
-8.357749
-8.426980
-9.848689
-10.565280
-8.020423
-12.658525
-10.374508
-11.666334
-12.606976
-9.199115
-11.844099
-8.229456
-8.768183
-9.322850
-11.733881
-9.986666
-10.079593
-8.805409
-7.643805
-9.103027
-7.490068
-10.562227
-6.424083
-11.023177
-8.335839
-8.875002
-9.371689
-9.195967
-6.980780
-7.932339
-7.198417
-8.026288
-8.044287
-9.449835
-6.734753
-8.529623
-4.785642
-3.084468
-5.936093
-2.465458
-5.255988
-2.047361
-4.363318
-3.305962
-5.583925
-1.297262
-4.878776
-2.832332
-0.243522
-4.815235
-0.390265
-3.317282
-1.204848
-2.429546
2.316011
1.076031
-1.339821
