0.910996
1.571400
-0.634811
-0.739451
3.181828
1.852107
2.671079
3.841401
2.431163
5.000517
5.315302
3.414691
1.705297
5.540568
4.563014
5.742977
5.122765
6.949648
7.451781
3.585836
5.483906
9.328855
7.072368
9.040067
5.904229
4.473584
8.586927
7.834008
7.872734
6.864084
8.138061
7.576784
8.815188
9.007798
11.583974
11.207199
7.101558
8.886181
7.598282
6.789836
7.660381
11.320699
7.930948
9.093326
10.802144
9.608666
12.599149
10.670660
10.281616
10.926858
7.626184
11.676139
9.722875
8.131659
12.768641
10.589224
9.160179
10.710047
10.034387
8.861735
12.100092
7.123971
12.067923
9.387883
9.410558
8.451774
11.492447
11.295002
10.273733
6.784991
5.687264
7.643652
6.077598
7.917454
8.489614
4.345130
9.541719
4.046164
6.508891
6.434480
2.840181
2.504676
3.906767
3.912552
4.638448
5.362379
4.060706
5.808926
3.359019
1.109202
0.903007
1.991147
2.364615
-0.642274
0.306002
2.924006
1.623747
2.757513
2.897162
1.626573
2.174695
-1.244642
-0.584940
-2.021716
-3.704115
-3.397345
-0.241332
-5.260092
-0.362301
-3.832765
-6.018642
-6.612845
-6.223239
-1.880601
-7.021397
-3.528069
-5.983087
-7.736396
-8.414820
-6.617287
-3.662209
-8.798200
-6.569764
-8.238495
-6.308652
-5.003050
-6.739308
-8.656103
-7.788117
-8.183738
-10.893305
-11.156203
-11.188495
-11.385405
-10.564715
-10.240582
-10.816750
-10.044259
-9.423311
-11.793886
-11.559297
-10.013135
-8.307439
-7.238091
-10.163184
-8.644597
-11.760260
-10.109030
-12.208095
-8.296152
-9.767201
-7.811675
-11.749803
-8.469240
-10.716856
-9.321900
-11.788394
-11.351262
-8.264112
-7.831994
-9.393091
-9.032362
-7.407622
-11.052207
-7.761530
-10.400533
-8.240777
-6.846694
-8.466196
-10.045487
-8.628766
-9.665815
-7.007464
-10.146965
-9.258010
-6.765739
-8.462673
-5.279361
-7.917085
-4.069864
-6.065470
-7.034644
-2.983712
-1.987299
-3.383764
-5.930271
-5.715659
-3.804871
-3.828735
-0.733277
-0.824611
-4.440313
-2.324175
-3.151793
0.056810
-2.661403
-2.994717
1.761350
-1.946589
-1.694406
