-1.271680
-2.199571
2.092651
4.105769
3.095040
0.135971
4.288620
4.544114
4.573466
4.211479
4.219286
5.638918
2.235459
2.996497
5.654310
1.823544
8.041683
3.896695
6.946218
2.919856
7.667902
9.079585
8.702412
3.930948
9.381533
8.531847
5.890744
9.941172
7.579589
10.276790
6.452122
9.148869
6.549267
10.346696
8.441080
8.225011
7.398096
10.898576
8.486171
11.335939
12.312131
12.567811
12.726562
10.006379
10.034183
8.775164
11.733242
9.608066
9.683092
8.890960
12.699420
12.377211
10.561819
8.376251
7.382053
10.721998
9.601328
9.994082
8.257402
8.030225
11.405829
6.870856
10.805946
11.304635
9.202380
8.042569
11.437515
7.106054
7.534435
7.795042
10.464657
8.676730
6.717320
7.816718
5.616350
8.011505
9.450378
5.377289
6.304104
7.414546
5.068738
5.603549
2.979695
5.837284
3.366023
3.816062
6.960346
1.672528
6.265749
4.140293
-0.068743
1.128993
1.173182
4.447734
-0.696350
-0.380595
2.913292
0.625594
-1.912594
1.148839
0.690934
0.054778
1.684332
-0.123829
0.181232
-2.947563
-2.647015
-0.664699
-4.153006
-2.183838
-3.664643
-5.319142
-6.809318
-1.798453
-3.230636
-2.256619
-7.144971
-5.265055
-5.198476
-5.164995
-3.183385
-6.923206
-3.909977
-6.682896
-9.980860
-4.812201
-6.609106
-9.572510
-6.538640
-10.706423
-10.420265
-7.777532
-7.407224
-6.997810
-11.587530
-10.399088
-11.867730
-10.540836
-7.453001
-12.132162
-10.021591
-8.719883
-11.551537
-9.110074
-12.357910
-7.531637
-10.960106
-8.144579
-12.945122
-11.058572
-11.604436
-11.570876
-12.055063
-9.912505
-11.747285
-7.333245
-9.873326
-9.346993
-11.022108
-8.804365
-6.741177
-9.438416
-11.654289
-10.245073
-11.704585
-9.650516
-6.833748
-9.675713
-11.126855
-9.635206
-6.613756
-7.244481
-9.209094
-8.611827
-6.036724
-5.658822
-5.072020
-8.221270
-6.276757
-7.102000
-2.980064
-2.388723
-4.808118
-4.891201
-4.975767
-6.939709
-5.181548
-2.526894
-4.541889
-2.000557
-3.600288
-4.464223
-4.159686
0.825579
-4.093154
0.228512
1.383697
1.793483
0.556865
-2.215919
