0.556197
-2.362634
2.102077
2.744350
1.923430
0.467302
1.965741
1.930760
4.795169
1.745424
4.780803
2.938129
5.830569
4.742467
3.424619
7.726507
2.893305
4.913135
7.555579
5.545349
4.354346
5.941928
8.312425
6.941839
6.098688
5.674365
8.382376
10.462081
7.938724
10.661716
7.625812
6.259955
8.808341
11.310869
11.197997
6.709006
10.162359
8.696814
7.025991
6.739531
11.272171
11.325919
12.210880
10.901597
10.049558
10.290057
12.157187
8.422832
8.716218
12.472902
10.991817
11.881082
9.580432
7.857945
7.946871
10.760403
11.972042
11.325026
10.746191
6.817561
11.517224
7.089475
8.008120
6.191279
8.348061
10.783568
11.040696
8.624073
8.016349
9.025530
5.770636
4.988146
5.270209
8.105825
8.386913
6.753334
3.688209
4.284519
4.252165
4.432326
6.332365
3.229402
3.647520
4.425343
5.081355
3.086603
4.634568
3.722234
3.801550
3.052388
-0.092604
4.079624
1.032148
3.494886
3.650452
0.225604
-1.586747
-1.684795
2.552464
-0.804989
-0.164750
0.640885
0.503584
-3.156871
-0.388129
-3.507671
-2.839740
-4.912502
-0.822943
-3.034808
-4.505482
-4.565646
-2.730920
-1.670605
-5.206460
-7.479333
-4.841399
-5.158448
-4.756379
-3.635284
-8.862967
-4.916485
-6.195415
-8.725961
-7.076838
-9.102403
-8.213678
-6.538116
-6.823105
-8.868258
-9.281365
-6.174757
-9.993836
-5.796576
-11.009237
-8.530846
-6.975178
-11.096588
-6.441466
-11.672733
-10.225630
-7.446978
-10.707219
-12.672724
-7.764841
-8.637209
-12.684680
-7.894016
-7.419813
-12.643060
-9.134399
-12.619440
-12.234081
-12.510951
-8.645568
-10.836342
-9.990378
-6.773915
-7.644232
-9.944494
-7.087998
-10.613282
-7.550719
-10.179919
-8.939213
-10.972547
-10.546550
-6.453960
-10.718495
-8.204249
-8.345546
-10.175806
-6.237335
-4.538390
-4.438662
-5.964678
-7.062040
-6.808790
-7.027494
-5.051079
-4.165241
-7.507107
-3.991656
-3.028838
-2.944099
-3.920343
-1.135119
-0.894794
-4.013718
-2.472117
0.174379
-0.378695
-1.473553
-3.494538
-2.626441
-2.546002
-3.434526
0.666716
-0.072277
-1.812932
