-0.265657
0.137764
-0.387039
1.426383
1.739843
0.592313
5.124201
1.287376
0.971894
4.079069
5.955898
2.092636
5.359148
2.442092
3.027459
5.475109
3.673455
5.369161
5.965143
4.257411
7.303788
5.412111
7.220456
7.813382
8.832615
9.298660
6.139671
5.155357
8.503529
9.129582
10.534519
9.229672
9.526558
11.231561
8.431569
10.036710
6.405424
12.075512
11.649080
10.419538
9.695073
7.076125
8.814894
9.694877
11.967345
9.158223
11.335085
12.899237
7.077229
10.238965
9.404919
12.586325
10.798563
8.968619
11.997427
7.395647
12.269537
7.028950
10.568997
10.745158
6.928806
10.897685
6.424718
10.963886
9.184783
8.328644
6.082064
10.010284
7.985836
6.669551
9.131483
9.427201
6.679235
5.296618
5.687989
5.907957
9.463909
4.044734
6.858404
5.565897
4.475405
4.101538
7.643317
3.530395
5.031737
4.385293
4.971255
6.001691
4.869394
4.047137
1.277695
1.474871
3.195455
2.097626
-1.299011
1.971869
2.783993
2.100292
2.985024
2.430667
-0.050812
1.699551
-0.955133
0.988660
-1.957649
-3.157304
0.538395
-0.891525
-4.665753
-5.559089
-2.343976
-5.400868
-1.517831
-6.692141
-5.326916
-2.874701
-8.044303
-7.783806
-6.567306
-5.304802
-4.448011
-7.032866
-4.783754
-6.745177
-8.051219
-7.991272
-6.485345
-9.917920
-10.852977
-8.149406
-6.087738
-7.755630
-10.846444
-10.481962
-8.728008
-7.073461
-8.219384
-6.723769
-6.809575
-9.141690
-11.536403
-6.885176
-9.644600
-10.411499
-8.522370
-7.321353
-10.101114
-11.293621
-9.675628
-7.701892
-8.686430
-11.907903
-10.107972
-7.881046
-11.028367
-10.054849
-12.206615
-7.672209
-8.222356
-8.088265
-10.602368
-8.618309
-11.461761
-10.166871
-7.977920
-7.434727
-9.727406
-7.673926
-7.885794
-5.334545
-6.378644
-9.571846
-8.389772
-5.358226
-6.792359
-6.797155
-4.479589
-4.411784
-3.257712
-4.364890
-8.328755
-7.336066
-5.043846
-5.829786
-5.877202
-4.242564
-5.867745
-5.702279
-2.107587
-4.564949
-4.044418
-5.238833
-0.715848
-2.390319
-4.525645
-0.740328
-3.017497
1.048034
-1.801304
1.081461
