-2.285189
1.034839
0.961706
0.512452
3.487165
2.535379
4.809908
2.090577
3.298911
5.637314
1.471054
4.484677
4.438206
3.037381
7.355564
7.287821
4.730089
3.966820
3.433981
3.590771
8.103467
4.676892
4.296926
6.472630
8.171723
4.648008
7.645636
7.080493
8.499489
8.481652
7.586450
11.139719
9.118130
6.347412
6.611066
7.986170
7.022242
7.089894
8.285481
10.230420
6.847699
9.705315
9.530503
7.859090
11.081872
10.811845
12.694106
9.615712
12.704044
8.232235
7.578282
10.667145
12.028059
9.755172
12.403108
8.493725
8.807427
12.547208
7.828213
11.921880
7.141100
6.454414
9.797859
7.880725
7.951509
9.438223
10.617129
6.830323
9.124653
10.224925
5.920498
6.038969
10.273782
9.937852
5.821249
5.015038
4.918384
4.449754
4.644338
4.398749
7.005999
2.529668
7.313566
5.896310
7.484830
5.288930
4.609740
4.237899
2.129436
1.217483
5.779306
0.764180
-0.542866
1.604454
-0.724240
2.754517
1.352079
-0.262654
2.331046
1.891968
-1.581931
2.325141
-3.325359
-3.409731
0.571802
-0.353714
-0.486407
-3.509914
-4.180697
-0.881616
-1.786019
-6.436343
-3.031783
-7.096796
-4.520614
-5.875316
-5.432509
-7.596327
-4.371756
-4.136322
-6.793425
-3.567551
-5.730151
-6.792830
-8.690697
-6.187564
-9.344895
-5.171738
-9.396397
-10.573101
-6.454268
-8.490091
-10.046651
-10.423784
-10.155104
-6.111826
-10.929142
-6.821474
-7.481210
-10.284928
-7.300652
-8.047649
-11.353454
-7.127545
-8.934313
-8.263364
-10.360131
-7.576235
-8.468325
-10.838468
-12.201455
-8.327875
-11.857709
-8.284341
-10.166074
-12.258114
-8.521341
-8.614783
-8.905840
-8.330077
-10.499665
-8.824066
-9.363595
-10.140170
-8.521717
-8.536968
-10.131192
-9.581253
-11.090709
-5.919084
-5.783527
-8.653448
-9.439781
-8.430961
-6.022776
-4.238123
-7.993042
-6.982759
-3.649875
-7.072796
-4.751181
-2.864788
-4.443323
-5.535252
-6.262022
-3.690026
-6.168893
-4.944317
-4.606966
-2.719233
-4.049465
-1.362022
-0.356976
-2.472873
1.300746
-3.001371
-2.718343
-2.172265
0.887095
2.660302
