-0.327471
1.120634
3.509248
4.056273
-0.996787
-0.308612
-0.790497
5.325169
0.633536
6.062839
5.238787
6.142466
2.892448
4.045818
3.067158
7.211501
3.324167
3.013286
6.434001
7.499800
4.800549
5.408235
4.492348
8.880016
4.449850
7.543928
5.918336
4.997872
5.050241
10.633749
10.882885
10.676948
6.405802
10.099965
9.401409
7.796823
6.184939
11.388034
7.434640
8.538823
7.548128
11.481095
11.152871
8.142835
9.557790
10.121506
9.957298
12.536174
12.097286
8.735448
7.674653
10.495622
8.158036
8.500826
8.626394
8.222295
10.339336
7.345015
7.749584
10.410155
8.491092
7.665815
10.051805
11.557032
8.307321
6.968442
11.300632
8.384608
7.288368
6.863265
8.357266
5.858951
9.322083
5.669681
8.903820
7.115705
5.899761
3.798057
5.486654
8.369775
3.142995
3.832880
6.791403
1.851122
2.743055
5.240835
1.471032
6.283996
0.780037
5.272318
0.638169
1.178172
4.298717
-0.256847
4.268182
1.683516
0.746646
0.161943
-1.924477
-1.704231
-0.756411
-0.326428
1.785487
0.907115
-0.383315
0.276807
-3.227623
-4.081039
-3.234182
-5.215995
-5.631074
-1.078920
-6.498576
-4.171819
-2.373682
-7.492357
-5.633338
-3.481779
-5.218789
-7.739547
-8.191528
-8.059625
-6.697765
-5.965152
-9.998528
-10.029661
-7.076863
-10.216358
-10.314235
-9.143461
-5.574803
-6.269962
-5.643315
-7.902119
-7.465828
-8.680683
-9.070879
-10.512171
-10.956582
-12.211667
-10.679673
-10.046592
-11.452912
-8.575877
-8.422893
-12.019126
-10.061865
-10.801327
-7.632557
-7.918825
-11.156912
-11.614076
-9.361480
-9.927405
-8.305283
-11.122712
-9.809238
-8.404076
-8.868700
-11.067839
-7.287199
-9.109898
-9.034438
-9.629201
-8.062986
-11.522558
-10.557447
-9.601695
-6.845745
-8.818237
-8.032790
-6.498639
-6.218746
-6.536161
-9.949599
-4.498117
-5.510217
-8.218574
-6.146456
-4.196809
-7.344801
-6.649715
-2.945460
-2.456919
-2.494921
-3.596762
-2.295136
-2.701232
-0.427852
-0.837245
-0.849826
-2.162820
-3.062302
-3.804162
1.400229
-1.738396
0.086861
-3.126206
0.006557
0.965378
