1.173357
-0.372795
2.766835
1.338482
2.249590
3.963975
3.870470
2.559784
2.871438
2.967451
2.702025
2.949119
4.908750
3.992216
5.991721
5.896265
7.464426
7.991595
2.666897
3.072821
3.423563
4.698130
4.522266
5.185095
9.221292
7.158638
4.900923
7.606956
4.949825
5.844289
5.447488
9.162099
9.767924
7.557843
6.573796
8.675484
7.605245
11.490484
8.464293
11.617349
8.411581
9.353470
7.021425
9.258762
12.068111
8.779695
12.341985
10.946879
8.429420
11.579858
9.295229
10.737170
12.879602
7.464275
10.909989
12.412825
6.762522
8.377654
7.265612
8.711209
9.731905
11.223385
8.533645
6.203022
7.748141
6.603481
9.847438
9.949405
9.743929
10.128776
9.594864
7.696042
5.692616
8.418665
4.896563
8.414707
7.431460
9.166943
4.662646
4.071771
5.862831
3.170389
3.683834
4.058723
4.285104
7.078035
4.546990
4.375417
4.654828
5.029846
2.259469
4.733110
4.718077
2.485127
4.066951
1.933823
0.620501
1.233105
1.220088
1.570566
-2.704622
-0.226515
1.080304
-0.877767
-3.382493
-0.735722
-2.391732
-2.427964
-1.941678
-2.133570
-4.190273
-4.112423
-2.249340
-3.793715
-4.636809
-3.753050
-6.169285
-6.966964
-7.956032
-5.759895
-8.655460
-6.064314
-5.726018
-7.189504
-8.988715
-8.756411
-5.248510
-8.090525
-6.320209
-6.024208
-6.473087
-9.739505
-10.807041
-5.803710
-6.844903
-7.207472
-12.138319
-11.110780
-8.529091
-10.353616
-6.870720
-9.618097
-12.614012
-11.405617
-8.339373
-10.702842
-8.219790
-12.972775
-11.877266
-11.295561
-11.117516
-7.301824
-8.714809
-12.331009
-12.771505
-10.040614
-10.567612
-10.179292
-11.531423
-6.643399
-7.302697
-11.835141
-9.415099
-6.946657
-8.868860
-9.349433
-7.163749
-6.306722
-9.246137
-8.743882
-6.929882
-8.432872
-7.225769
-6.251766
-5.184472
-5.316527
-8.966581
-5.732872
-6.597470
-8.076951
-4.273334
-7.368553
-2.679849
-6.613168
-4.026750
-4.045460
-6.900004
-2.971783
-2.347673
-3.319504
-2.171497
0.298818
-3.813562
-4.202011
0.640986
-1.961548
-0.842761
-1.179699
-1.199151
-1.144587
