-2.392509
-0.929268
2.441874
1.555030
-0.315326
3.622355
5.004978
1.547924
0.853002
4.047129
2.869199
3.194035
0.983647
3.370985
5.949355
2.347138
4.674269
5.327195
7.117936
7.639466
5.524091
6.274270
7.445468
5.481471
8.737218
9.487734
4.909746
9.214049
8.947509
10.735350
10.705369
10.872613
10.520929
8.548717
7.576838
6.505104
11.496625
7.415386
10.842988
10.649940
10.836180
11.638683
8.637334
8.400577
6.911784
10.438727
10.109035
7.292262
12.493950
11.582625
11.420573
9.493965
12.870119
9.685759
8.479049
7.519903
12.652334
9.153390
9.163156
6.665101
12.137011
6.326153
11.081672
8.007181
11.229124
7.244806
6.835870
10.200324
7.111804
10.916699
6.794759
7.955529
6.438255
6.994175
9.959478
4.172734
7.187022
8.494969
6.299374
6.370494
3.797569
4.946104
2.125843
5.607469
2.453377
3.047992
5.613256
5.156537
1.951510
2.655235
0.917718
3.245968
-0.172295
2.374913
1.297496
1.875779
0.317911
2.125534
1.558185
-2.160619
-2.564928
-1.803773
-1.254708
-2.971177
-2.636508
-4.683733
0.579795
-0.911757
-2.545199
-3.699736
-5.027027
-2.896836
-3.979027
-1.977439
-7.282219
-3.495827
-2.377095
-2.839338
-3.391511
-7.473605
-9.117340
-8.962599
-4.811941
-8.580045
-4.858922
-9.240512
-9.967834
-5.399073
-5.188011
-9.779325
-7.304580
-7.744265
-8.168409
-10.839926
-10.172507
-8.331317
-9.012939
-7.946505
-12.148769
-11.960866
-7.661489
-9.289354
-11.886108
-10.891618
-12.876177
-9.661309
-11.453134
-9.020524
-12.334788
-9.848382
-7.873298
-11.767480
-7.609324
-10.783253
-11.156646
-9.982446
-10.111079
-10.485916
-11.073531
-9.077175
-11.405498
-9.202961
-10.931019
-7.928929
-7.716212
-7.068326
-10.289383
-8.575580
-7.922967
-9.168464
-10.036782
-10.140271
-6.650504
-4.742377
-9.761348
-7.680215
-5.410429
-6.726218
-5.449060
-5.131309
-4.650204
-7.583391
-4.791063
-7.484543
-2.023424
-2.453886
-1.751996
-3.977803
-1.821105
-0.455245
-1.952585
-0.592334
-0.017022
-0.567570
1.207394
-2.671522
-1.176382
1.580658
1.885426
-0.877501
