-1.949488
1.551208
-0.620400
0.021056
1.342432
1.403276
-0.151177
0.178547
-0.021614
0.897240
0.628059
1.814355
1.200287
5.727348
7.065473
4.409576
3.489286
8.305124
3.726678
4.180936
7.758073
4.633799
8.057089
6.779733
5.324839
5.918061
9.806213
9.556567
10.300071
5.657744
8.734475
7.126002
11.055457
9.197370
7.787481
9.189979
9.494354
9.834299
6.952593
9.931240
9.970312
10.509238
7.593509
9.146962
7.415604
9.252933
9.660448
9.251558
8.734913
11.967286
12.957348
9.122234
9.786145
8.769149
8.991194
8.074177
8.205335
9.657434
10.854008
9.683253
10.592246
12.083809
9.828089
7.637113
10.145347
7.403522
5.864979
7.911501
8.112887
8.275176
10.122413
9.422246
9.465269
7.010378
6.478538
4.481185
9.408582
4.787696
5.534907
3.321420
4.886846
5.049628
6.514245
4.191058
6.494857
6.218284
6.104713
2.778343
2.046321
3.570948
5.681447
-0.323122
0.231798
-0.027953
1.085601
0.838892
3.240533
2.805484
2.818130
1.248964
1.966776
-0.321261
0.019016
-3.053102
-0.338984
1.101544
-3.660824
-1.693243
-5.536362
-4.962087
-1.612851
-3.333679
-3.713042
-3.502688
-2.922297
-7.695435
-3.285143
-6.369710
-4.651449
-3.012064
-5.064701
-3.786160
-5.417128
-5.421805
-8.414613
-5.965733
-10.250929
-7.261242
-10.283294
-8.702566
-10.948219
-6.293500
-7.262690
-8.608322
-6.063286
-9.481958
-8.709854
-7.838474
-6.638101
-9.415340
-9.412912
-10.617522
-11.054122
-8.214157
-9.417647
-10.087610
-9.793694
-10.672380
-8.926484
-9.765094
-12.312809
-8.334343
-9.816343
-8.464797
-7.980449
-7.995088
-9.901224
-12.001047
-8.593030
-10.571841
-9.687383
-9.663438
-8.350725
-8.932654
-8.341198
-10.486756
-8.758962
-10.671436
-10.273092
-7.539505
-9.560583
-8.241490
-7.639524
-7.793377
-8.668643
-8.610980
-4.457233
-6.370377
-4.512980
-7.780228
-6.448809
-5.251780
-5.251268
-7.121719
-4.104490
-5.588485
-6.726478
-2.052669
-0.732884
-0.320731
-0.254204
-0.607591
-2.016855
-2.728215
-4.055478
-1.802040
-2.569305
0.566146
0.514653
-2.896504
