3.072021
-2.034879
2.288960
1.026557
4.542969
4.626852
1.360601
2.137928
0.803762
2.417123
5.425897
2.605148
4.284273
4.726865
5.699884
7.055765
3.088836
7.917285
6.176618
7.094134
4.485980
5.801781
8.625403
5.714062
5.526698
8.914808
4.776354
8.127500
8.642434
5.197372
7.791233
10.827997
6.047650
7.192846
6.592041
11.648100
9.686316
8.205156
11.742080
10.055295
9.245323
12.337732
7.109216
9.502057
8.261008
7.430465
10.253086
11.311422
11.394597
7.709950
7.644360
11.051460
12.695939
10.508873
9.636396
7.680598
9.221942
8.825226
9.169499
7.190992
11.094681
7.573998
8.805497
10.409869
7.178653
6.997640
5.894350
9.736219
6.525165
5.569378
7.411041
8.786045
6.580464
4.918186
4.623324
7.999307
7.050692
6.297297
4.055754
4.846346
6.774912
7.341670
3.631072
5.754989
1.998832
2.956716
6.268857
5.377404
4.779245
4.927396
3.999311
0.204085
1.446746
0.056308
1.697461
2.936957
-1.536033
1.262898
1.330596
0.214834
-1.749278
-0.349958
-2.110176
-1.981270
-1.586630
-3.545798
-4.307240
-0.903064
-0.715320
-0.477515
-1.134434
-6.613688
-0.993944
-2.241948
-5.518904
-4.447700
-4.818310
-5.539598
-7.794767
-5.587340
-6.684264
-6.092987
-5.938532
-9.443190
-9.230807
-8.728788
-6.410295
-9.757471
-9.292516
-5.563433
-5.363939
-5.972432
-6.823383
-6.458503
-6.525429
-9.835955
-6.179989
-12.196816
-11.274224
-9.293705
-8.466658
-9.329189
-11.310504
-10.456664
-8.008499
-10.195447
-9.284290
-12.504923
-8.948082
-7.635903
-11.863222
-11.584754
-8.343890
-10.052047
-9.256635
-11.521808
-8.700766
-10.821213
-10.383591
-8.486947
-8.446101
-7.898599
-9.548934
-11.600476
-9.896393
-8.967400
-7.347222
-7.439883
-8.745173
-6.006804
-7.501093
-8.109769
-8.458899
-5.451204
-6.663502
-7.466317
-4.706085
-9.342410
-5.018042
-8.422301
-3.475795
-7.331676
-6.485951
-2.351190
-6.933500
-4.073499
-3.653341
-1.559976
-4.125460
-0.282007
-3.102843
-3.576605
-0.263565
-1.426874
-1.111804
0.876219
-0.658643
-3.086365
-0.168649
2.816613
