-1.536978
3.008433
1.423486
3.507282
1.230364
3.663979
1.084567
-0.363449
0.400344
1.967258
1.292780
3.112688
5.815099
3.749986
4.876877
5.936698
7.249515
7.411861
5.014873
3.155115
4.420605
6.534861
8.516172
8.287407
5.395489
7.949247
9.377303
5.207568
9.496503
6.486479
5.654656
5.962834
7.335258
7.069498
6.797438
9.514579
7.254225
6.308787
6.418286
9.509185
8.304961
9.810222
12.371887
8.591659
7.583812
11.530359
10.548354
9.927347
9.287768
8.660492
8.572750
11.422943
12.346312
12.385657
9.670101
11.328610
10.441175
10.401525
10.248848
8.590531
9.694324
7.090666
10.778827
9.970464
9.187025
10.589329
6.299686
6.225716
9.977912
10.246344
5.781050
8.631241
7.612789
4.322198
8.249515
8.429709
6.642085
8.834249
4.045474
4.210926
2.676522
7.222721
7.696681
2.330230
5.430339
1.888227
4.782226
2.431401
5.692712
2.174175
4.191308
5.479804
-0.243138
1.562412
0.229395
2.561336
-1.497546
-2.026338
1.708318
-1.573932
-1.846839
0.601365
-2.539639
-0.636363
-4.012550
0.537647
-2.132936
-1.736862
-1.756378
-4.405009
-4.256385
-5.860824
-3.718798
-5.858812
-4.367807
-2.010938
-8.041693
-5.607878
-4.200811
-3.542030
-3.783379
-5.605199
-5.628669
-5.293707
-6.230270
-7.391193
-9.497982
-7.357021
-6.987989
-10.170056
-6.339518
-8.596108
-11.289953
-11.206363
-10.392928
-11.067251
-9.575537
-12.246398
-11.804198
-7.599289
-10.248841
-12.036969
-7.030038
-12.758081
-9.940369
-11.876608
-7.429879
-12.732751
-8.035754
-8.409836
-11.336495
-7.908320
-9.101373
-8.584786
-10.528140
-11.389985
-7.274145
-10.072058
-8.448138
-12.126453
-7.242406
-6.935656
-6.390018
-7.347220
-10.775771
-10.695243
-9.852540
-9.607943
-11.196359
-5.786321
-6.193831
-8.435384
-6.681158
-5.439712
-9.675424
-4.615358
-3.913595
-8.589933
-5.467347
-8.000225
-3.170577
-4.376688
-7.568940
-7.374582
-2.131347
-6.067233
-5.653113
-2.601364
-3.173881
-3.596490
-5.309508
-2.573728
-2.921913
-3.354762
-0.447135
-3.330992
1.602146
0.096619
1.426163
-2.608098
