2.617773
-1.473830
-1.036221
0.214583
0.211977
4.498220
4.040573
2.790977
1.020555
3.418470
3.016321
6.600916
2.895194
2.013191
7.413265
5.278553
7.442003
8.124580
4.989698
7.700496
8.893720
7.482392
5.936135
6.528411
9.489079
5.757161
9.019174
6.447335
7.063851
5.745163
11.256162
6.371394
9.876270
9.043976
9.046136
10.629644
11.973019
12.137097
9.902279
8.675572
6.625414
7.217348
11.069108
9.496595
10.106622
7.248225
12.029218
8.851776
7.872816
12.309620
8.100297
7.076003
12.826579
12.577583
12.342545
12.810495
10.378027
8.721527
12.090510
12.114142
11.250159
10.784147
10.249422
6.412786
10.461966
10.639533
10.301382
10.227427
7.428376
6.418138
10.408240
10.288386
5.747600
6.297562
8.846890
4.646715
7.385302
8.281267
7.377062
8.025000
3.321132
2.599249
7.359151
2.160127
2.810298
6.769108
5.313763
5.139026
5.514734
1.266643
2.019137
4.080285
1.787312
0.340492
-0.909129
3.375334
3.858319
-1.083116
0.943941
0.250212
-2.947734
-3.434281
-1.392213
0.471149
-0.334759
-4.737634
-1.185280
-1.955570
-0.162898
-3.764817
-1.604776
-3.016401
-6.029373
-4.403165
-3.493214
-2.747186
-6.687627
-7.320086
-3.122423
-6.082662
-5.483958
-7.675793
-5.137463
-7.537121
-10.008679
-7.470850
-5.486980
-8.090707
-5.154648
-7.431297
-8.082530
-10.823543
-11.477684
-7.189883
-10.134727
-10.959265
-12.134659
-11.467239
-10.446428
-8.090221
-10.153417
-11.407308
-7.124209
-9.471070
-10.036789
-7.097128
-7.393826
-7.576676
-8.684978
-10.145662
-11.727173
-7.087089
-11.608492
-7.306418
-11.577935
-12.536553
-11.266905
-8.163106
-12.285950
-12.476882
-7.794689
-6.392589
-9.549538
-7.073064
-7.726173
-5.835982
-6.559632
-10.278727
-10.248404
-9.426805
-7.618780
-10.418868
-5.369034
-8.504581
-7.427081
-7.928652
-5.026483
-8.251570
-8.751645
-3.058272
-2.737139
-7.948420
-5.192034
-7.748242
-1.611540
-2.880538
-3.011935
-1.585546
-4.958998
-2.141110
-0.817207
-1.543858
-2.324279
-1.920972
-1.715617
-2.801482
-1.999701
-3.011197
0.019113
1.399907
