-1.862201
1.305028
-0.146393
-1.208787
4.161451
2.618105
2.316848
0.167522
1.176513
4.925592
6.302080
1.177750
1.584787
1.929654
3.737187
4.238063
2.412405
6.607596
6.411541
4.973299
7.112271
6.403939
5.000961
9.406649
8.837818
5.101326
7.625447
9.718008
7.610525
9.911672
5.570169
9.841194
7.402288
8.074249
11.088691
7.882365
9.293573
6.408488
11.311961
8.767739
7.154035
11.066894
8.486535
6.961921
8.118354
8.293736
9.220880
10.649632
9.718708
12.589355
12.732204
8.340189
9.102022
11.253693
7.343331
7.610357
6.985769
11.776654
11.821950
10.161247
12.178031
9.461508
10.199824
9.565127
9.636164
6.504563
8.458279
9.223289
7.903029
8.447884
7.380478
8.940380
4.849776
9.544993
8.531655
5.253543
4.343278
4.609181
7.111387
8.240261
7.964854
5.946649
2.703358
5.270209
2.796523
4.560158
1.470352
2.379990
6.316208
2.434426
4.800617
5.316654
3.274816
3.488675
2.810151
0.286954
-0.615571
-1.165621
2.530847
0.272313
-1.839776
-2.737940
-2.796657
-2.177955
-0.038008
-4.783168
-4.387664
-2.420260
-3.832287
-4.276473
-4.611558
-4.064307
-4.845620
-2.340895
-4.762258
-2.572494
-5.731685
-6.794985
-6.902282
-4.866722
-7.576445
-5.932074
-8.254992
-7.482383
-9.563541
-6.458511
-7.145270
-9.009300
-6.172445
-5.611845
-7.459243
-8.735674
-9.366089
-8.153222
-8.877684
-7.794383
-8.988661
-7.705557
-11.580882
-8.197746
-11.309625
-10.581085
-11.445939
-11.579628
-10.704614
-9.034564
-11.499753
-11.847629
-7.684340
-8.939698
-9.822084
-10.398330
-8.557078
-12.023507
-9.151732
-9.624634
-8.913748
-9.168699
-8.317558
-10.442406
-8.877456
-7.582856
-8.558569
-8.447910
-9.831227
-11.658013
-9.310263
-11.250356
-10.973637
-5.209932
-7.192347
-5.761142
-9.541189
-5.387749
-8.228542
-7.140294
-7.410816
-4.302357
-5.162305
-6.741750
-2.768607
-5.557784
-5.983930
-6.495110
-7.507083
-3.565130
-2.667277
-6.448986
-1.128327
-2.853673
-0.084149
-5.128181
-2.881848
-3.967246
-1.334386
0.891276
-3.816290
2.076501
-0.172996
2.328788
