1.837558
0.129444
0.002079
-0.163228
0.065715
1.347897
2.991506
3.864304
1.008837
3.677729
3.267847
0.966757
1.085081
3.519147
6.577178
2.329661
3.220992
4.842621
4.362839
6.241951
5.020774
4.550690
8.810064
4.954012
4.583755
6.778042
8.143777
10.589154
6.547357
8.024846
10.096684
10.436201
5.806243
8.217262
7.568214
11.617826
10.613520
8.003220
12.363520
7.125256
12.443756
8.133878
7.371810
10.016584
12.786588
9.752999
12.509841
12.820257
8.894659
10.811806
9.869717
9.970122
11.138166
11.360318
11.980583
7.482805
10.815825
12.109776
9.886814
10.681470
8.534694
12.025716
7.639075
6.459489
8.867329
6.394196
6.911375
7.811825
7.898861
8.076798
8.666365
9.023365
7.232740
8.285211
8.863901
5.658625
9.280148
6.749126
8.961075
7.587098
4.654168
5.422106
3.984012
6.678536
7.268990
4.244976
6.313081
2.540996
0.551706
1.163310
4.273445
0.075298
3.772386
-0.616102
-0.700137
-1.422273
-0.797927
-0.056446
-1.783830
-1.391205
0.661431
-2.748692
1.827016
-2.365449
-1.961765
-2.602618
-0.082277
-0.639042
-4.229310
-3.809768
-5.175658
-2.590018
-2.804374
-2.260470
-5.769181
-7.788937
-2.867442
-2.793445
-6.734982
-7.857403
-3.325027
-6.901270
-6.259320
-6.785806
-5.922108
-5.255223
-4.947094
-5.630677
-7.790747
-8.773379
-10.858118
-9.565270
-6.319771
-10.826523
-11.047987
-10.339914
-11.145684
-9.641967
-8.545919
-8.645576
-8.185844
-12.141655
-8.066421
-9.294229
-9.527040
-11.702768
-7.719646
-12.155327
-9.037332
-8.435132
-11.174701
-10.709734
-9.007525
-10.117255
-8.252638
-7.102190
-12.651034
-8.155427
-10.797645
-6.941731
-6.604643
-6.687051
-6.972279
-11.773991
-10.100950
-8.480666
-9.333194
-10.835844
-5.372599
-8.659092
-8.445676
-5.757879
-5.222378
-8.486621
-7.943545
-7.143746
-9.160298
-4.248124
-5.019111
-7.931196
-2.899256
-7.448470
-5.016813
-7.149017
-6.668232
-4.483299
-5.231485
-4.551692
-1.154173
-3.253308
-5.652654
-2.656214
-0.215572
-3.953726
-2.287093
-1.151877
0.219517
-0.512006
-1.491134
-1.103509
