1.793409
1.852458
2.383658
-0.967943
-0.574480
2.906402
-0.810982
5.451329
0.060155
5.581233
4.350036
4.145402
6.022988
6.813715
5.230044
5.630551
6.434479
3.914529
8.445089
8.874891
6.891068
7.806497
5.520752
6.279482
8.773433
8.923253
9.134821
5.166202
10.784481
8.442857
8.008874
6.279636
7.364532
5.772303
7.547731
10.541759
7.230252
10.836278
8.388011
11.877610
11.097641
7.690092
8.194517
8.450553
12.182283
9.415482
11.568425
9.897970
7.946364
12.247326
11.918272
11.462659
12.926480
10.179777
8.209545
9.519922
9.603499
9.787259
7.561861
11.252106
6.996683
10.870431
10.877791
9.962402
8.188427
10.670908
8.179422
7.598766
7.262069
6.883422
6.135739
6.708423
8.486394
6.998516
4.436788
5.008782
8.965157
8.832603
6.405208
4.220346
3.945933
4.054435
2.822273
5.355673
3.659571
2.095434
4.409457
6.032347
6.195940
1.711332
0.054772
0.828692
1.908817
-0.637243
-0.296136
-1.363602
-0.683928
0.331870
-1.909140
1.501043
-1.437308
0.719143
-3.709938
-0.583109
-2.333803
-0.023638
-1.743520
-2.489811
-2.977350
-1.040971
-0.899010
-1.854299
-5.436783
-4.133951
-5.187034
-4.442029
-5.334015
-3.638087
-6.083340
-8.185390
-6.302594
-7.656054
-8.298939
-4.048566
-7.985366
-7.142192
-10.235604
-7.650011
-10.461714
-6.523745
-9.367482
-7.702882
-6.775002
-10.793010
-7.300201
-9.565929
-7.228743
-10.134544
-11.757770
-12.484395
-7.462853
-12.249928
-12.369094
-10.226165
-7.913136
-7.458042
-12.627872
-10.548475
-11.568360
-9.392993
-7.447330
-10.906480
-12.214484
-11.367337
-11.900016
-7.677733
-7.119613
-10.510279
-9.292870
-11.146263
-11.662859
-12.252171
-11.131511
-8.511897
-11.838842
-9.063622
-8.569835
-5.927289
-5.592930
-8.900924
-4.940103
-5.734101
-8.050130
-4.997383
-8.200110
-7.780603
-4.272128
-3.963395
-7.442431
-4.741294
-5.822698
-3.020687
-2.627407
-2.470994
-4.597716
-5.644763
-6.449880
-6.041373
-3.246032
-3.896004
-3.512189
0.081075
0.665172
-2.442118
-1.960375
-1.186630
-1.621641
-1.754769
-2.492889
-2.407870
