0.128110
-1.249090
-1.155522
0.248365
2.843622
0.856223
2.171670
4.498244
1.312776
2.326303
3.842895
4.164913
4.858128
2.933420
4.603623
1.898544
5.333970
6.662806
6.842427
4.803654
5.651167
9.311336
6.726044
5.375999
5.379769
10.089220
9.042459
8.677368
10.641928
8.092172
8.206718
9.419170
6.279232
10.009559
9.032298
7.266998
7.750909
7.316928
11.646793
8.299543
10.799125
7.232206
10.354495
9.473509
7.499962
7.606108
9.207022
12.674234
10.405777
12.734828
11.359114
10.751035
12.453341
10.388993
11.429016
7.929271
9.045711
11.139668
12.512620
7.165281
6.704227
9.586146
11.491324
10.723213
10.907837
6.129800
11.097081
7.008324
9.842744
5.755618
4.983569
7.936195
9.883299
8.622896
8.592646
4.971336
9.586051
8.674317
7.491051
4.560630
5.340607
4.356656
7.181955
7.034801
4.930346
2.206711
5.214154
5.996534
4.734810
0.515922
5.388174
4.871708
2.739059
1.823248
1.448151
-0.597887
2.291075
1.323459
0.961584
-2.214876
1.722651
0.443596
-2.972991
-3.713413
-0.594918
-0.571224
-2.455638
-4.832477
-5.299184
-3.630231
-3.688620
-4.643746
-5.053778
-1.931530
-2.646197
-3.069707
-6.928303
-3.222250
-6.363138
-6.241316
-8.990162
-8.609162
-6.041907
-4.486011
-4.662859
-8.832809
-8.154717
-5.788619
-6.691760
-10.899077
-10.239902
-10.017641
-11.363471
-10.918706
-11.037279
-7.587436
-9.708279
-11.030907
-7.396054
-7.321370
-7.284808
-9.483422
-10.648021
-7.119607
-10.196390
-10.513948
-7.185000
-12.381865
-11.306193
-7.724957
-8.791444
-10.742408
-8.048381
-12.875218
-11.122973
-9.176100
-12.506358
-10.648931
-10.207174
-12.372758
-8.956925
-9.827806
-6.577746
-11.290124
-11.702914
-7.088941
-10.972031
-8.216579
-5.607556
-6.876341
-7.240016
-8.180673
-4.727183
-10.231429
-9.030750
-9.530174
-8.814283
-5.804747
-7.839141
-7.995683
-7.957104
-3.683536
-7.094154
-4.970389
-5.991647
-5.223520
-6.886374
-1.162632
-4.323618
-3.458783
-1.876759
0.090395
-3.671714
-1.925234
-2.631523
-0.735665
-2.783185
0.853048
1.152809
-2.167205
