-2.357810
-0.515179
-1.019749
-1.003932
0.645090
-0.711040
2.812466
2.069528
5.712617
3.597387
4.009766
3.587488
4.411461
6.606818
2.222121
5.866045
6.542411
5.533938
3.816103
6.360385
5.707140
3.526028
5.651359
5.176302
8.010213
9.303760
8.362370
8.097653
7.277492
10.747009
9.172472
9.938957
9.440644
10.478678
11.228003
8.416861
11.419598
12.165073
8.872665
8.430710
10.557318
10.796401
11.436657
11.097705
12.711081
7.857224
7.844513
9.783849
11.937300
8.510572
12.326528
12.547602
11.461845
10.062492
7.067811
12.346659
7.284632
11.641300
12.041099
9.564114
7.916561
6.679799
7.685456
7.606607
8.033130
5.854681
8.153982
11.409448
8.559221
8.433371
7.660190
10.515686
8.690701
8.496987
5.055539
5.424715
8.242147
8.377056
3.536181
5.938936
4.470307
4.344463
4.100755
7.566016
5.330753
2.912878
1.615938
1.264191
0.986604
4.374056
1.950091
2.329606
2.180805
3.857873
-0.221037
3.231483
0.314748
0.092211
1.659426
1.241800
-1.720458
-0.813792
-1.380920
-1.589774
0.765988
0.265380
-0.897543
-0.197000
-1.730965
-3.227184
-2.778074
-2.909984
-6.902491
-4.181779
-3.534507
-6.771017
-6.032864
-3.124874
-4.350124
-7.905968
-6.997664
-5.317957
-6.692700
-5.755044
-8.658616
-7.311246
-4.879668
-7.260724
-5.149727
-8.016172
-6.928315
-5.994854
-7.253048
-6.602643
-6.963172
-11.931401
-6.346816
-9.586593
-6.757040
-9.843844
-9.852404
-9.299553
-10.625158
-7.726455
-11.133872
-11.272973
-10.988690
-11.276817
-12.196868
-9.473152
-8.470006
-10.421846
-8.694091
-11.357563
-12.257014
-10.067351
-10.067068
-11.301714
-9.968604
-10.655942
-9.376669
-8.000525
-12.165961
-11.635418
-8.049183
-9.081245
-10.874601
-10.219837
-8.959066
-9.139503
-5.968549
-7.121497
-7.749029
-4.320769
-9.962058
-4.981562
-9.456108
-8.908144
-6.259752
-7.257563
-7.324097
-6.850691
-2.973176
-6.285783
-2.774895
-6.033677
-1.433439
-5.462751
-4.462877
-5.908595
-0.098133
-4.453184
-0.798070
-0.257969
1.178582
-3.606920
-2.612182
-0.300452
-2.785031
0.925569
