-1.857332
3.252485
1.641131
3.136816
0.634606
4.165176
-0.557264
0.828192
2.268799
1.565865
5.615801
5.519647
6.374872
4.369933
4.153137
6.669529
4.648200
7.019408
4.903568
5.990819
3.771989
4.321797
8.374718
4.548740
8.433851
8.140047
10.174361
6.105433
7.496264
8.643485
5.699917
7.076105
5.753412
6.178972
10.794389
6.299443
9.213056
11.923692
8.583497
7.275526
10.615892
9.132208
9.400765
8.384794
11.734236
12.387972
7.485517
7.156071
7.114644
9.702056
8.397712
9.878028
8.956749
10.691125
12.208350
7.742968
8.696798
11.452338
10.334917
7.838302
11.437222
12.168398
6.711167
9.696444
6.760281
6.000894
7.305889
10.247852
8.105535
6.108298
7.777447
6.037400
9.309010
8.627358
4.659648
5.980128
5.724596
9.325020
6.406540
5.126714
7.128312
5.543332
7.831360
4.704512
7.215448
4.004613
1.943539
1.227178
1.231419
5.497471
0.685333
1.604461
2.511468
0.113560
1.718711
-0.373730
0.559347
0.646499
0.067953
2.047499
0.086580
-2.115259
-3.756069
-2.906912
-3.835451
-3.249997
-1.816400
-0.652317
0.078977
-2.273802
-3.063414
-4.677849
-2.462696
-2.482659
-3.691749
-5.761555
-2.685324
-6.232572
-8.072769
-4.518904
-6.180930
-4.743642
-8.740324
-8.840757
-9.571568
-5.774995
-8.351733
-6.467919
-10.398909
-8.518041
-9.848942
-8.219668
-6.909837
-9.973045
-6.835593
-6.338372
-8.909197
-9.914463
-11.764130
-11.851249
-10.049696
-8.263237
-7.015553
-8.394290
-7.269348
-9.885174
-7.129977
-8.068041
-12.536953
-10.686488
-7.724949
-8.474155
-9.901224
-7.519747
-11.394076
-9.356408
-7.110542
-6.720211
-12.123423
-9.564904
-12.242869
-6.502082
-7.935672
-6.601165
-10.855938
-7.702702
-6.021232
-8.284526
-9.769002
-5.228814
-8.094405
-8.975604
-6.259788
-7.937532
-4.938294
-6.568250
-7.742821
-6.842558
-5.547307
-3.654149
-7.602061
-5.912173
-5.402244
-2.659178
-3.173234
-3.569653
-2.544218
-1.846969
-2.236030
-5.485886
-3.069816
-4.344308
-4.483781
-1.657679
1.235028
-0.360806
1.603586
-3.519042
-0.781786
-2.526230
