0.582743
3.607675
-1.521246
-1.017054
0.885298
1.747083
3.488960
2.669046
4.278034
1.420204
3.018384
3.075173
1.617303
2.304904
4.352363
5.363812
4.893301
5.388224
4.881970
3.996061
4.156959
5.273975
5.041277
5.532876
6.621774
7.571441
7.243164
8.937408
6.792495
9.460520
8.313119
10.784517
9.913995
7.846547
10.008038
7.113630
10.786627
12.293901
10.637603
10.499783
6.980435
9.844738
8.146673
12.548847
10.818272
8.558843
7.974312
7.992815
12.973801
12.875922
8.717500
9.205465
10.065201
12.496011
11.900159
11.245899
10.386885
10.973859
8.214866
12.265583
10.772725
10.756199
10.144820
11.653380
10.005235
9.715582
7.380539
7.122500
10.934406
10.872460
6.675114
4.889457
6.647747
5.817715
4.096619
5.786828
8.234661
7.633066
4.354012
4.162577
8.189980
2.458126
3.013659
6.308450
3.211370
4.945202
3.253287
2.452600
3.019322
1.814210
3.534661
4.677746
2.365357
3.856415
1.066255
2.350761
-1.818074
-1.128693
-0.159496
-0.709670
-2.358665
1.309778
1.081763
1.120448
-1.463526
-3.519846
-4.532815
-3.022065
-1.558508
-2.652706
-4.381761
-3.829668
-1.909202
-3.677168
-4.487345
-5.389285
-4.914719
-5.698345
-5.222834
-8.515180
-5.225819
-8.022596
-7.387173
-5.975995
-8.432989
-9.478124
-5.949719
-7.987369
-9.318823
-5.563301
-8.443123
-8.949837
-11.033314
-9.425033
-10.840549
-6.493351
-7.141949
-6.299254
-8.955285
-11.908514
-8.174789
-7.643446
-12.188106
-11.826253
-9.668760
-7.239724
-10.884558
-10.751007
-11.401951
-7.360122
-9.840956
-7.329812
-11.021294
-9.872809
-6.877926
-10.753744
-10.978324
-7.873090
-8.688703
-11.835765
-9.749186
-8.681853
-6.206681
-6.350578
-10.422056
-11.152989
-10.652804
-8.062141
-10.826131
-8.167466
-6.742797
-5.880011
-8.284730
-6.394685
-10.042849
-6.761921
-4.246976
-7.793383
-3.313769
-5.946993
-6.246820
-6.844425
-4.937317
-6.374024
-5.445005
-3.613364
-6.792760
-3.697173
-3.186203
-5.396401
-4.359328
-4.519316
-5.083813
0.808654
-1.097013
-1.602503
1.005003
-1.644981
0.608026
2.466408
