0.647855
0.414530
1.459118
3.014688
1.461735
1.872163
3.934788
2.717881
3.147993
5.004489
4.679200
6.011815
1.774146
6.663679
5.861755
2.932436
5.524684
5.974296
3.601584
7.824121
7.552167
7.391880
5.393316
7.816923
8.655166
9.615489
6.810832
7.551344
9.589303
8.108312
5.970675
9.223235
7.726196
7.203659
6.912313
7.077921
11.849309
9.961594
6.672348
9.503339
11.063843
9.165247
10.059925
10.454937
9.155233
12.921137
9.283846
9.429341
11.624546
8.142575
12.346519
8.724432
10.407128
12.787869
10.672799
8.707065
6.991046
10.303840
10.867985
10.068047
7.205779
11.244816
6.860552
8.471734
8.808991
7.570662
6.252953
11.164174
6.584930
8.396211
10.168097
5.599564
8.016082
9.431040
5.498722
6.943470
6.422872
8.267208
5.866877
7.117639
4.358947
7.645853
7.576583
4.050932
6.413506
7.019692
5.841407
6.595251
5.717098
3.715701
1.830245
0.837634
2.919185
4.756153
4.538428
3.584079
2.843838
1.185354
2.105053
2.654307
0.227053
0.084775
-0.482028
-1.102683
-1.846113
-0.057553
-5.085862
-0.710933
-0.215607
-2.031930
-3.806372
-4.095643
-3.036393
-4.474208
-1.737247
-4.354211
-4.195953
-3.315948
-7.402895
-5.018495
-6.539346
-4.271079
-9.319620
-7.619176
-9.554936
-8.230373
-8.886319
-4.855530
-10.789497
-6.642304
-8.557534
-10.227905
-6.108402
-6.685518
-8.330409
-7.875810
-7.443996
-8.756720
-7.369311
-9.583350
-12.484779
-8.347510
-8.130663
-11.997331
-8.727160
-6.927738
-11.960526
-8.848044
-11.804364
-10.556198
-10.893753
-8.300512
-7.095926
-7.205422
-10.010162
-7.517778
-11.924488
-7.848329
-9.897848
-10.649692
-11.984734
-11.260067
-11.644127
-6.272480
-8.143390
-11.232444
-7.548060
-11.343241
-8.574498
-8.468857
-7.844078
-4.885378
-4.907694
-7.031703
-4.175794
-4.297015
-7.302550
-6.416916
-4.619317
-7.090771
-8.333153
-2.892145
-4.895672
-3.050171
-6.407460
-5.504356
-5.341188
-1.298118
-3.260330
-5.827249
-0.808241
-3.896344
-1.464163
-4.402941
-0.540818
-3.118104
1.182166
-2.423061
0.591098
-0.121108
