1.790343
0.066693
-0.645825
2.314854
2.978002
-0.675090
4.063386
2.696138
0.971539
1.053899
2.516873
6.237317
3.835800
7.168749
4.153379
1.896317
4.091893
3.990831
5.192103
7.044168
7.390833
3.643140
4.458804
8.223264
4.598880
9.156034
8.630735
4.909779
7.407978
9.837119
7.175113
5.932848
6.920879
6.639442
10.335037
10.208898
10.810588
11.463257
8.114214
10.007821
8.307453
9.615421
7.035219
10.562014
12.329994
11.296364
11.458587
12.462898
8.885901
11.716774
9.223448
10.194616
9.942126
9.193882
11.972851
8.384038
7.674488
9.715901
11.419626
6.676420
9.000647
7.705967
10.977415
10.569501
11.576068
10.286266
10.437660
6.150732
9.576269
5.411420
10.540926
5.860633
6.697569
7.376669
9.298019
4.047249
6.627354
4.853576
7.766802
6.770217
3.388559
4.027555
7.522834
7.390547
4.688653
1.416480
2.236573
3.460293
5.310154
2.081549
4.615891
0.754639
3.788929
-0.455895
1.447736
1.520020
0.796999
-1.618193
-2.228546
1.992448
1.070275
-0.745989
-3.539627
-0.936824
-1.611876
1.106160
-2.819176
-1.284641
-3.647626
-0.115059
-4.980093
-6.115627
-2.386009
-2.123982
-5.178806
-6.612619
-6.666568
-8.347370
-5.932958
-8.373967
-3.626771
-6.739082
-7.346570
-5.722292
-6.149990
-8.700208
-7.094307
-6.712795
-6.466268
-10.934541
-8.481968
-10.642939
-7.112696
-7.213812
-10.426436
-6.270302
-10.690856
-6.994402
-9.570582
-10.361953
-12.181024
-10.560177
-9.195347
-10.699561
-8.972785
-9.649041
-11.615147
-11.549962
-11.077377
-9.374102
-9.472682
-10.243248
-11.355768
-11.301735
-6.919182
-8.947632
-9.878079
-8.914186
-7.509471
-11.051033
-11.575919
-10.578683
-8.410892
-10.829433
-7.965163
-9.320455
-6.526959
-6.853397
-5.341598
-6.019315
-5.439528
-7.808748
-7.643322
-8.114572
-4.584815
-9.485431
-3.656224
-7.080438
-6.837843
-5.184744
-6.822839
-4.535363
-3.034568
-2.306976
-5.145312
-4.912322
-6.325989
-3.887111
-2.750128
-3.228557
-0.439150
-3.072078
-4.395503
-3.456780
-0.729398
-4.249477
-3.897218
2.363985
1.126119
2.106821
