2.360351
2.882239
-0.488364
3.025562
4.235927
2.083619
2.331505
2.254881
1.493531
3.978601
0.572176
2.677384
1.735139
5.378662
7.083214
4.511315
6.422565
4.729297
5.210901
4.855136
5.442566
6.428783
5.823912
7.288741
5.902267
7.927346
9.232745
5.663292
8.570875
6.379448
7.760934
7.276906
11.552655
8.175017
9.932647
7.103965
7.416921
10.179287
8.776265
7.485184
8.898547
8.665021
10.630436
9.372800
8.147666
9.276040
11.285581
9.866819
12.590743
11.640880
7.167268
7.311820
9.853590
9.385965
9.849231
10.324860
7.134996
10.491101
8.232335
8.044800
12.231721
11.233884
11.311175
6.128168
7.013003
11.639758
10.696594
5.934985
6.095607
6.921203
7.551750
7.851129
5.375993
7.810342
9.262177
9.819508
8.807691
5.386710
5.533999
3.666449
4.637910
7.987067
4.866562
2.416816
6.187992
1.601407
1.452698
0.718724
5.730741
3.753178
4.056695
3.315863
3.607280
1.634331
1.652777
2.043082
2.690734
-0.508501
-2.627444
-0.439442
-0.985197
2.223963
-1.325956
-2.257612
-1.605052
-1.277408
-2.688605
-1.101053
-2.718426
-4.162747
-1.304475
-1.261384
-6.205683
-5.144322
-2.786303
-5.739725
-3.626253
-7.418525
-4.516800
-5.091462
-4.429824
-7.456224
-6.195726
-8.952442
-8.622121
-4.401022
-5.291853
-6.921452
-7.252337
-6.103779
-7.965351
-6.691090
-6.549968
-6.037090
-7.362372
-10.099299
-9.615089
-8.100799
-7.632508
-9.463020
-12.578833
-7.311641
-11.691920
-8.069849
-8.540437
-10.527117
-7.175558
-10.523417
-10.224158
-7.427960
-9.210529
-8.923626
-12.339062
-10.105808
-8.725871
-11.670543
-10.197672
-11.621705
-10.801271
-9.782699
-11.564660
-10.956934
-10.677984
-6.378826
-11.100084
-10.338143
-10.455377
-8.380890
-10.849306
-10.901247
-8.897845
-8.508669
-9.162027
-8.548040
-6.666371
-9.342863
-5.797822
-6.180736
-7.532877
-3.397248
-4.138175
-3.300524
-6.094193
-3.504000
-5.337589
-3.080662
-4.272169
-4.128387
-2.745482
-1.911448
-4.563013
-4.990242
-1.808946
-2.533941
-3.079959
-3.286455
-0.301713
2.285871
-0.892017
-1.260837
