-0.184396
-1.541101
2.984110
0.089461
3.736678
0.904340
0.391538
2.559688
1.870929
5.700752
2.215672
2.673484
3.117002
4.381336
4.730264
6.650860
4.895815
4.182523
2.977525
3.951443
7.527000
7.095133
4.816568
8.683818
6.283878
6.003618
6.742680
5.511024
7.685041
7.236004
7.623215
5.973659
10.057667
11.234298
8.794153
10.677715
10.682437
12.276455
8.115334
8.857210
9.516102
12.401046
7.324796
11.843065
7.572675
10.205216
8.172828
7.714879
12.743668
11.751018
7.616243
8.293607
11.570052
11.971771
10.009329
7.625632
7.292425
9.870423
11.873951
10.813672
9.046712
6.992633
9.377761
6.639597
8.706740
10.873526
5.665630
11.181619
9.064474
7.671851
8.745479
5.592081
10.195048
9.151757
9.367970
8.176799
3.623057
6.486121
6.544992
8.118304
3.088647
6.590847
7.671006
2.188060
4.913916
1.559786
3.256413
1.130804
1.981618
4.157903
4.033599
5.401095
-0.391833
3.909364
3.968602
-1.732419
2.461242
0.244817
3.184996
2.277180
2.180297
1.783427
0.479681
1.553387
-3.366085
-4.244903
-0.026434
0.234663
-0.835920
-2.200744
-4.560075
-5.794434
-4.175146
-1.408561
-5.873103
-7.474518
-5.604701
-6.021149
-5.482012
-8.133078
-7.604745
-6.341789
-4.889204
-5.424345
-4.961126
-9.723935
-8.324383
-7.301494
-10.116964
-5.319191
-9.939370
-7.059246
-11.290387
-9.602762
-9.465973
-8.349295
-6.901189
-10.633324
-9.099672
-6.756664
-7.904470
-10.431589
-7.302475
-12.008195
-9.884888
-12.033751
-8.447482
-9.077574
-10.158969
-8.812134
-7.726486
-6.989110
-10.549847
-11.302046
-9.937394
-12.497749
-12.278543
-11.507470
-8.023410
-11.040951
-10.427963
-11.085770
-8.298016
-8.623239
-11.854887
-7.875183
-11.144518
-9.429298
-10.056622
-9.060189
-7.211813
-6.340700
-9.353811
-8.851455
-8.797497
-7.441635
-6.709061
-5.705330
-4.257737
-5.479732
-6.624386
-5.736557
-7.122556
-2.446602
-3.048875
-1.852917
-3.229823
-3.017143
-5.225284
-1.000990
-1.844045
-0.545885
-3.334385
-0.578750
-1.002825
1.548421
-2.331048
-0.037624
1.964981
-1.250882
