1.470195
2.042358
3.217770
3.324453
-0.536103
2.204037
2.057634
5.266388
5.694082
3.457921
4.898692
5.587271
4.528804
2.099232
2.235795
7.682737
7.213679
2.702802
7.724604
3.190202
7.254010
7.397103
8.347530
5.670515
8.263369
8.359355
9.250412
5.094493
7.483703
6.701964
9.640808
7.365897
11.574707
10.666776
8.687661
8.266434
9.620395
8.791794
7.595440
10.143000
7.870925
7.646904
9.647298
6.991935
10.576290
9.184330
9.146255
7.625399
12.676704
11.293646
12.135057
11.862089
8.811351
12.799109
10.160374
6.875087
7.520487
12.341042
8.226474
8.014067
6.619208
7.542037
8.919054
10.080913
10.747939
8.203241
9.676962
7.976995
9.660848
8.026809
10.200789
10.570289
8.430240
6.800073
8.753658
5.593312
4.058483
7.265002
8.611816
4.389435
3.123514
3.876937
2.431651
5.936310
2.460960
1.789891
1.855997
2.399548
5.809753
5.766830
0.491378
1.528255
1.345513
-0.402339
2.689946
0.352010
3.259700
1.081695
1.301240
0.167765
-1.787219
1.529231
-3.137105
1.619791
-4.469101
-3.409231
-1.951894
-3.651085
-5.338377
-3.761512
-4.391140
-2.206062
-3.554085
-5.613818
-3.607775
-7.780755
-3.895157
-7.214510
-6.637909
-6.715622
-6.991149
-4.682279
-8.685829
-7.569583
-5.639609
-5.032705
-6.249241
-6.896616
-5.178914
-5.534735
-5.458449
-6.934720
-10.837967
-6.836060
-7.116062
-9.095244
-7.773818
-9.436959
-10.769664
-6.981775
-7.376784
-9.967882
-11.586817
-11.552066
-10.130045
-11.488314
-9.858965
-8.479058
-10.541102
-9.127228
-11.069757
-10.136184
-9.153187
-11.511480
-9.030600
-11.559149
-8.006946
-7.446586
-9.354434
-10.331010
-7.515367
-10.331982
-12.078234
-7.934918
-8.205190
-6.805496
-9.964750
-5.678628
-6.379883
-6.697980
-9.089257
-8.456218
-5.142025
-6.438306
-9.243581
-9.044984
-5.657588
-9.337499
-6.365596
-3.248649
-3.166984
-4.262247
-4.445325
-5.625089
-2.714151
-3.303602
-2.052850
-3.827615
-0.425855
-4.618117
-2.356832
-0.469382
-3.122213
-4.448303
-0.436346
1.385070
0.262916
1.142225
-0.450614
1.056856
