-1.219140
-1.090516
-1.890832
0.253726
1.032808
1.135951
3.449420
-0.511307
5.740861
0.701260
2.637675
2.674515
5.510410
3.720896
7.093351
7.252382
3.556320
6.890156
7.604712
5.725970
6.742107
8.423388
4.948801
7.860918
6.144716
7.167284
7.516002
9.472810
7.960806
9.833789
6.422214
7.051822
8.040511
9.264184
8.367251
10.534070
6.232942
11.416171
8.238199
8.518830
10.966689
7.891927
6.934159
10.811829
9.717930
10.899560
9.561738
10.519209
8.252409
7.153443
10.723635
10.204490
9.616394
12.461383
12.461944
9.629307
8.154901
12.060527
11.811103
8.200999
8.451706
10.275641
8.426193
8.048183
9.378049
7.330866
10.476377
5.459608
6.335949
6.824642
6.422708
5.306349
5.514430
9.358999
8.776266
5.309717
6.905055
4.550987
7.657346
5.805539
6.285199
3.987263
7.000996
2.486790
2.754632
2.163188
3.527608
1.242225
5.480479
4.075813
4.806991
1.926204
1.898245
-0.264403
1.486180
-0.450352
-1.944907
-0.259868
0.995543
-2.247794
0.261272
0.907843
0.482755
-3.694102
-4.259980
-1.595987
-3.861037
-5.073043
-5.639283
-4.765017
-4.130325
-3.233725
-6.646278
-3.465165
-5.201567
-4.172693
-2.657354
-8.085872
-3.517853
-7.218096
-5.726047
-7.627411
-5.072963
-9.799948
-8.898958
-7.564197
-9.821101
-6.084670
-8.317980
-7.644667
-6.066852
-9.666743
-7.954987
-9.955129
-10.431986
-10.871383
-6.521335
-11.696833
-7.941473
-11.013887
-7.358396
-8.706616
-10.578221
-6.884769
-10.171828
-11.177841
-7.311617
-8.476956
-8.549946
-10.649327
-8.427206
-11.022094
-9.597081
-8.053038
-7.869821
-7.355737
-10.847145
-9.271904
-12.123189
-11.082684
-8.624006
-7.949091
-6.479359
-10.793113
-7.405694
-6.785566
-5.732553
-10.531093
-8.113364
-10.140050
-10.163368
-5.547512
-6.899506
-9.151502
-4.659282
-5.034377
-9.569514
-7.396854
-8.343256
-6.353085
-4.769655
-4.214988
-3.783472
-4.703635
-4.957565
-4.861269
-1.193059
-0.984703
-6.074231
-2.632000
0.128473
-5.395148
-1.880817
0.784800
0.631508
-4.028671
-2.621049
2.269777
0.695172
-1.625914
