-2.556163
-2.061781
-1.060115
3.121576
2.867702
0.037002
4.771470
5.346113
0.674115
0.451179
2.721092
3.764059
5.167083
6.009432
6.582448
5.243367
4.333935
4.521010
5.656048
7.385330
6.213356
5.833924
8.414062
7.492378
7.308873
9.623983
9.774036
5.607441
5.285622
9.739220
8.147689
5.898382
10.211924
9.690255
6.172669
11.169626
7.452886
12.071250
8.180447
6.686773
7.055704
7.798992
10.495387
6.994851
8.895280
8.813220
11.376064
11.269079
11.924868
7.685974
7.063225
11.369219
11.052119
10.366830
12.005596
11.360048
10.872550
8.246579
9.268858
7.274970
9.892341
9.199135
10.770918
8.201247
6.742640
10.749658
7.739926
7.750113
10.799543
5.459190
9.939317
7.297546
5.347821
9.267141
4.347696
4.991596
6.658079
3.612678
9.075758
4.807034
4.468543
3.267299
8.085119
4.697187
2.329505
3.786246
6.804677
5.540740
4.114928
0.508143
5.460434
2.899621
0.118878
0.116400
3.235663
0.499411
1.733178
3.241556
1.229024
2.339737
0.186603
1.155239
-2.451158
-0.096828
0.712517
0.143237
-3.859902
-2.622902
-1.335403
-4.006893
-0.986686
-4.351054
-6.431166
-2.932066
-6.593749
-3.166034
-7.052181
-3.181440
-5.751903
-7.357278
-3.362914
-4.432020
-7.184019
-9.571303
-5.504253
-8.768705
-8.423990
-6.562971
-5.388435
-10.531733
-9.692069
-11.311781
-9.240451
-9.297952
-10.913367
-10.298769
-10.810549
-10.248687
-8.518830
-12.012432
-12.238633
-11.665935
-11.302336
-8.392135
-10.692641
-12.417884
-7.329000
-7.770266
-11.203560
-11.878305
-7.575326
-8.153441
-11.133965
-9.364285
-12.108262
-10.806638
-12.358830
-11.803896
-12.309048
-11.896898
-9.735344
-11.695000
-8.050101
-10.356864
-6.274826
-6.545559
-7.670474
-10.518892
-9.583331
-9.256281
-5.465994
-9.929036
-5.524194
-4.951332
-6.321175
-9.080122
-9.227960
-7.348799
-5.922565
-7.815628
-7.283635
-2.705253
-3.522926
-6.204274
-5.093983
-1.376329
-3.815624
-4.894981
-4.177694
-1.559278
-1.735468
-1.442259
0.650340
-0.249371
-1.572737
-2.372517
-3.807424
1.352415
2.143495
0.970463
