0.424604
0.553354
-1.100700
0.626240
-1.158246
4.170254
-0.237622
3.891136
5.491011
4.378326
1.690215
1.816603
4.409253
2.237227
6.058479
7.741671
2.405775
6.720976
7.036041
3.976476
4.270389
5.800188
8.237063
4.115465
9.912947
7.689913
5.788435
10.448929
6.685908
9.505514
8.327961
9.523401
11.257171
9.735121
10.041496
8.736366
11.006356
11.259937
7.017507
11.118469
9.313150
11.284193
8.717586
12.429748
11.730883
9.367535
10.379494
12.945984
12.755505
11.752153
10.834776
10.073468
7.717682
9.187164
10.452238
10.045063
9.511372
9.349302
10.634886
7.234160
8.816787
8.431005
6.437501
11.539291
6.027862
10.482863
11.460449
9.966742
8.193731
7.791652
8.493569
6.627519
5.342387
5.712892
6.701584
7.487047
8.481696
6.968136
6.601829
3.803815
3.647198
4.097596
6.872264
3.101134
4.520290
3.442482
6.364629
1.959855
3.709845
1.067596
1.283756
2.594316
1.157598
0.146476
0.320366
3.336866
3.891038
1.312582
-0.346271
-1.651138
-2.149081
-0.138509
1.709004
0.072733
1.297784
-1.305327
-0.072685
-2.735466
-1.652610
-1.748121
-4.373617
-4.718032
-6.407718
-1.828670
-3.891040
-3.429692
-3.076637
-4.433227
-8.338852
-6.396345
-6.070849
-8.789301
-3.638159
-6.721814
-7.946612
-10.052104
-7.079482
-7.630383
-5.913032
-11.065694
-5.741880
-5.741862
-6.213824
-9.992350
-11.846927
-7.123577
-7.757367
-7.484734
-8.816523
-7.224837
-10.088137
-7.392413
-7.224096
-8.877344
-10.289574
-7.190976
-11.548321
-9.082087
-7.889567
-7.810794
-10.518669
-12.514804
-7.343900
-9.064193
-8.231892
-9.813589
-7.425094
-11.186283
-9.509346
-11.483154
-8.687342
-11.251661
-11.690793
-10.033341
-11.343527
-8.651249
-8.911018
-10.291766
-10.215481
-9.998563
-8.537294
-10.606043
-8.730206
-10.060798
-7.225830
-7.459343
-8.937912
-8.830633
-4.201961
-3.291971
-7.420612
-4.806883
-2.870380
-6.784403
-2.985345
-2.164414
-4.777098
-1.959053
-4.664215
-3.573241
-1.421597
-0.785566
-2.231622
-2.670046
-4.184050
0.044670
0.467725
1.090583
-2.999771
0.080898
