-1.432801
1.646770
1.646015
3.717165
3.993234
3.442672
0.809190
1.030428
4.408249
2.071159
1.398629
4.225255
4.035281
6.124568
7.186696
5.059400
4.116109
6.724003
3.608255
5.391828
7.015757
3.470731
8.428528
8.298805
9.621039
9.339916
5.080919
7.515364
5.957337
9.525439
8.375816
10.788331
7.818226
7.432038
10.209031
7.482258
7.548784
7.974546
9.841175
8.866579
10.796558
11.950195
9.621425
11.620130
10.723560
8.445621
10.425245
9.521612
12.038749
7.452638
11.483897
8.579931
12.113628
11.673413
8.703990
11.491694
8.703880
9.090567
12.536534
9.471345
11.754450
10.141923
7.465542
9.990617
5.985750
6.287916
11.221790
7.854454
5.970742
10.988910
5.337862
8.172388
8.381903
7.935613
4.193408
3.981471
9.375078
5.106539
6.594850
7.412316
7.901939
6.538629
3.636189
5.621474
2.843839
6.784006
2.010041
3.391615
4.904629
4.269184
3.686615
4.452853
-0.053811
3.459279
-0.770287
-1.414960
2.081502
2.581785
1.594653
1.504093
-1.324317
0.272706
-1.092303
-1.431018
-4.127065
-1.909529
-1.497458
-1.357375
-1.472139
-1.860475
-5.084584
-4.056544
-3.533308
-6.360306
-1.921945
-6.736991
-2.983417
-5.955569
-8.483334
-3.694488
-9.024030
-4.120276
-8.605502
-8.466431
-6.349776
-8.095735
-8.370711
-6.751602
-9.341052
-10.739205
-7.431965
-10.475846
-10.580502
-6.976206
-6.491395
-6.668273
-6.752816
-10.266184
-11.532770
-11.795195
-12.526582
-8.481732
-11.986807
-10.747275
-10.985902
-8.418405
-10.445268
-8.422434
-12.042079
-11.099762
-8.185165
-8.490158
-7.933172
-12.871390
-9.858826
-9.395804
-9.439415
-9.324636
-12.155355
-7.198150
-11.315827
-8.379336
-9.379736
-9.686680
-10.847588
-11.393495
-7.147373
-9.464428
-10.759480
-7.169276
-8.064677
-9.587891
-5.349837
-8.428330
-5.267886
-8.628507
-5.670003
-7.820615
-6.455729
-5.434836
-6.810924
-2.673670
-4.660712
-4.483389
-3.624297
-4.625845
-1.849286
-2.564842
-0.812468
-1.783624
-4.831438
-1.918865
-1.576336
-3.255704
1.360399
-2.022596
-2.027796
1.036541
-2.016117
-0.556263
