-0.991692
3.375961
2.020240
1.094813
1.431262
2.364417
3.304415
-0.121396
5.651908
0.651623
1.953475
6.088797
3.157719
3.650418
5.081655
2.529837
7.403370
3.461674
3.481211
5.424865
8.120677
6.608420
5.485631
9.350038
8.261710
8.087351
5.531333
9.341618
8.160320
6.518547
10.586716
10.200556
11.210505
7.232087
9.430718
8.146155
6.187555
10.151234
9.891585
11.763595
10.988394
11.428473
12.524484
8.648527
11.234870
8.696837
8.565434
9.732739
7.635264
7.097098
12.980467
8.568377
12.763184
8.113565
8.441330
10.468462
8.424508
8.760114
8.739016
8.124101
11.188962
8.008964
6.750967
10.956163
7.087612
6.198419
10.715920
7.476935
7.995734
7.488518
10.629567
10.107721
10.203154
9.030937
6.759732
9.513886
3.620643
3.980300
6.832292
3.786403
3.972104
7.089422
5.341768
3.163011
1.867945
1.844103
3.954982
4.999636
0.485345
2.725324
0.727028
2.991500
5.123042
3.417740
1.326818
1.952083
0.328930
3.172078
1.376680
-2.244265
-2.035770
1.627495
2.032746
-4.130235
-1.959944
-1.740961
-1.817500
-1.719928
-2.077688
-1.180610
-2.409047
-6.421189
-3.603907
-1.664768
-3.269318
-6.679355
-6.018942
-8.341096
-5.968737
-2.932322
-3.406875
-6.696302
-3.930408
-8.477832
-8.213163
-9.664689
-8.087053
-8.119481
-8.566689
-10.414497
-8.449938
-5.736519
-8.841837
-10.563421
-7.876955
-7.446163
-7.004430
-6.801117
-6.627756
-10.613354
-10.578120
-10.981013
-7.827968
-8.156701
-8.662563
-8.559511
-12.062987
-10.166567
-12.687299
-11.621378
-10.157125
-8.841910
-11.752121
-10.686475
-12.847000
-6.958406
-12.408390
-8.369689
-11.026946
-7.388082
-7.535651
-8.829752
-10.169211
-8.932940
-11.875544
-8.658738
-7.759260
-10.495987
-10.518472
-5.782661
-7.721228
-10.061265
-7.666586
-6.804724
-5.436908
-6.317737
-7.455810
-6.818627
-8.334615
-4.632892
-6.244789
-4.083239
-3.445641
-6.585066
-3.176659
-3.857271
-1.637859
-3.222931
-1.712851
-0.662259
-1.491716
0.509941
-2.995953
-3.991525
1.238795
-1.744397
0.306562
-1.209272
-2.471526
1.526335
