0.011215
1.863912
1.379967
3.352317
-0.037272
3.692357
2.492586
0.989799
3.564976
0.918876
1.457976
3.240638
4.673762
6.623706
2.088120
4.219678
3.897443
3.570079
4.793685
3.840129
5.815694
3.543551
6.027166
7.206963
4.456104
5.179116
4.578076
6.961851
7.933905
10.923264
5.762192
10.198315
7.463245
11.573914
7.841103
6.413624
11.202845
12.095394
9.253602
12.426140
7.060928
10.619481
11.210809
7.682008
9.437265
11.346380
11.271556
7.559504
7.443777
12.373508
7.908134
11.054977
8.379123
8.024069
10.268701
9.660583
8.508312
9.924119
6.832443
9.636717
12.370361
6.698291
10.175094
8.410860
7.103087
10.544151
6.381231
9.664788
9.267486
10.026831
8.770877
5.645962
6.671983
6.924083
6.707009
8.015024
7.665710
4.948894
3.619897
3.234349
3.570321
7.828396
5.753672
3.760948
1.840078
4.391788
1.291234
4.281654
2.734619
3.017744
4.139733
1.321181
-0.625100
0.413033
3.039047
-1.017481
3.748773
2.245581
1.291790
-0.873929
-0.692623
-0.097954
1.358211
-1.064983
-2.305821
-4.506249
0.093395
-0.682758
-2.512367
-4.716690
-1.030622
-5.809554
-1.070460
-3.202508
-5.078571
-6.080922
-5.773547
-5.610841
-5.404004
-4.936039
-6.987964
-9.081440
-7.701388
-7.729947
-6.809479
-8.881559
-8.589119
-10.526567
-9.446836
-6.731779
-9.712499
-11.116912
-6.684314
-10.879253
-7.583414
-8.330582
-11.427531
-7.657325
-9.197357
-8.767412
-8.247018
-6.871073
-10.326346
-6.971380
-10.091610
-9.672455
-8.781754
-12.279680
-9.770105
-9.758671
-10.467597
-8.821445
-11.150208
-9.150770
-7.954561
-12.417548
-7.609657
-9.445724
-11.331316
-11.756300
-9.004039
-11.841517
-9.267103
-6.337477
-8.372393
-8.032562
-7.975346
-9.083779
-9.814510
-10.522282
-9.641170
-4.737022
-4.898340
-8.245982
-5.281489
-7.906505
-5.274294
-7.614975
-3.614131
-7.540666
-5.412702
-5.591942
-7.866422
-3.859780
-4.466342
-1.961765
-6.536891
-6.076185
-0.499916
-0.255256
-5.640564
-0.511318
-2.611404
0.032720
1.165193
0.891500
-0.298487
0.668717
-2.861015
-0.884743
