2.732520
-0.711165
2.882240
2.041870
1.768811
1.884707
-0.392395
0.423239
4.541176
3.445730
5.045585
4.730719
4.314586
2.360198
6.794738
4.666180
7.367539
6.414780
3.102139
8.395703
4.033658
9.030871
9.177333
5.423942
6.472858
7.336944
8.633597
9.318819
8.339578
9.581347
6.153325
10.128433
8.011408
10.918087
8.374680
6.358689
8.741392
10.297544
7.118311
11.029462
9.237521
9.887396
12.549513
10.737078
7.314470
10.638659
12.906296
11.757729
10.822778
7.299502
12.510870
10.659154
7.278659
11.832914
9.932770
12.219648
7.897203
10.857651
7.015614
10.126029
10.281460
12.062219
8.549420
10.626917
9.074556
11.645140
10.760850
11.066016
9.172846
7.928544
8.697395
8.270729
9.522766
6.963707
8.009254
9.167501
5.206548
4.401900
8.839412
4.792212
3.329130
4.009067
4.021470
4.259104
2.350883
1.440539
3.847290
4.407359
5.950869
5.498570
2.088362
-0.484476
0.197304
0.624686
-0.135363
4.127900
1.489042
-1.410224
-0.405665
0.249666
1.419172
0.030814
1.801581
-3.396084
-0.853658
-3.318157
-5.122187
-3.835851
-1.515193
-3.755758
-2.750277
-0.711500
-2.158697
-4.322432
-3.327133
-5.593737
-5.884497
-7.838794
-3.671494
-8.343908
-6.404282
-6.240700
-4.125861
-7.362960
-4.707046
-4.653956
-6.470663
-10.415002
-6.744790
-9.757109
-6.160557
-7.036846
-8.601850
-11.257122
-9.866005
-8.725583
-9.166958
-7.065315
-7.682373
-8.671676
-10.244112
-12.583063
-7.011076
-11.685985
-7.358858
-7.138125
-7.126204
-11.103605
-11.122085
-10.161382
-9.587444
-9.203957
-10.913372
-9.437291
-7.360572
-11.371508
-10.874994
-7.203855
-8.408124
-10.726922
-7.320666
-10.172274
-11.055067
-6.133095
-9.836957
-9.310172
-9.094532
-9.297111
-7.042662
-10.512410
-7.328669
-8.068222
-5.799883
-5.293187
-7.640382
-6.110633
-6.628102
-6.786377
-5.351149
-7.105826
-4.271677
-4.939453
-4.917003
-3.948152
-4.702380
-2.429295
-5.827728
-5.897329
-5.829341
-1.186150
-5.600468
-1.451339
-4.083355
-3.572283
-0.743223
0.252452
0.463594
1.249917
-0.279477
-0.836619
