-1.012805
3.252746
1.702449
0.767560
4.050884
0.817798
4.982271
-0.435367
2.804567
5.753481
0.679701
3.458673
6.657173
5.710709
5.112554
7.570144
3.789283
6.514905
4.162433
4.814549
4.624348
5.979928
6.303600
9.258353
8.890800
10.200564
5.546446
10.523803
7.218516
10.403126
9.632968
8.785018
5.995956
11.109206
10.341089
10.374704
8.840422
8.501649
9.625414
8.248997
10.353402
7.662549
8.739477
8.321408
9.078835
12.487719
7.725932
11.778488
9.805181
10.028985
11.599120
9.175522
9.437328
12.804110
7.893036
7.767990
7.628080
10.604297
7.889730
11.564481
10.370290
8.814743
7.835790
11.198237
7.052745
7.178728
6.662492
7.416639
5.300022
7.096992
10.322062
5.228375
5.543002
9.171194
7.885998
5.588745
4.362553
3.794869
5.872700
4.053610
5.170180
6.004126
5.742016
2.688840
2.467345
6.314157
4.316832
2.519839
1.261922
2.232069
3.612522
5.143237
4.534783
4.718091
-1.183638
3.106865
-0.324681
0.568488
1.424656
0.518005
-0.428525
-3.517048
-2.365606
-2.035573
-3.074844
-0.907212
-2.388429
-4.202983
-3.704451
-3.299854
-5.683680
-6.670816
-5.256992
-4.813598
-3.950211
-2.126100
-5.374462
-4.657551
-7.282856
-4.163967
-3.924788
-8.897302
-5.929490
-8.336131
-8.300353
-4.429936
-7.382617
-9.573285
-9.342419
-5.586993
-6.892711
-8.445804
-9.649219
-6.955597
-7.774988
-8.341881
-9.798889
-8.018702
-6.709150
-10.117342
-11.326660
-8.906725
-12.313223
-12.511337
-9.703995
-7.444125
-7.757430
-12.011117
-11.774831
-7.373388
-12.685457
-7.159408
-10.224778
-12.578630
-8.124833
-9.772979
-11.896208
-11.218536
-10.168365
-8.961458
-7.628487
-9.793740
-11.883782
-11.722327
-7.255319
-8.231377
-7.144666
-5.461420
-10.239814
-10.063928
-6.752849
-9.290124
-5.219050
-7.295062
-7.184427
-4.000477
-8.901834
-8.174244
-7.773467
-7.154622
-4.396684
-3.641129
-3.754021
-4.640785
-4.142011
-6.442639
-1.545214
-6.034863
-1.634259
-1.338497
-2.281710
-2.205235
-2.440530
-2.400242
-2.546473
-4.136589
1.065032
-3.544856
-0.146244
-0.545867
