1.994127
-1.317590
0.525195
2.822196
1.071377
1.457832
-0.115248
0.077180
4.332667
2.362997
1.314171
4.622035
2.572734
3.262116
4.663329
3.725765
3.811577
3.580873
6.772115
8.506116
3.999732
3.644005
9.477648
9.463862
8.171802
8.775613
8.700220
6.794510
10.294300
10.608626
7.699101
6.426165
11.434563
8.209428
7.170287
8.160816
9.056717
11.903874
12.395157
9.126064
8.551621
8.465993
7.200548
8.976495
7.883027
11.496338
11.903398
7.150680
12.488380
7.547346
9.178521
9.347178
8.558556
7.843740
7.748387
10.628030
7.882457
12.171983
10.076612
7.691661
7.523581
8.240221
10.201289
9.220604
8.327622
9.799123
8.857240
6.268459
6.150206
8.895151
7.700014
5.599234
7.098991
4.964149
6.575252
7.574569
3.693859
8.857655
8.289205
5.992247
3.156333
4.811313
3.118009
7.560580
3.810038
6.181981
1.663083
5.069161
4.656626
2.129972
2.964210
2.881391
-0.671998
4.052288
3.458650
3.427380
1.950308
-1.155584
-1.912842
-1.000364
-1.503054
0.081159
-0.409532
-2.782965
0.711799
-0.519172
-0.547771
-2.037445
-3.726488
-2.916429
-3.918959
-2.684785
-5.465539
-1.825851
-2.530807
-6.791082
-6.592177
-8.003055
-8.482120
-7.082809
-7.356691
-4.221513
-4.878444
-9.817284
-7.025635
-8.513528
-9.323990
-5.983902
-8.462571
-5.397818
-9.877388
-11.420049
-10.278884
-11.494039
-11.494661
-10.228491
-8.573490
-8.390951
-12.298638
-9.594380
-7.032387
-11.904614
-12.459767
-12.499173
-11.282907
-9.205868
-9.725498
-8.327394
-11.509024
-12.948883
-8.207997
-7.023882
-11.073473
-12.776434
-12.622590
-12.373923
-12.234935
-8.633654
-7.210198
-10.356845
-6.418486
-10.543670
-10.195162
-11.432360
-8.245528
-7.150486
-7.642879
-5.830167
-10.027334
-10.367060
-9.774792
-9.760238
-9.375796
-7.997808
-7.077609
-6.289509
-4.685230
-7.232367
-5.325625
-3.189095
-6.903158
-3.856019
-5.233408
-5.673084
-2.890306
-5.583464
-3.681769
-4.714570
-0.506114
-2.449248
-0.419721
-5.134284
-4.734330
-0.969868
-2.843536
1.634788
-0.474514
-3.482329
-1.256378
2.157517
