2.253854
-0.608838
2.647279
3.629806
-0.876767
3.033465
4.166464
3.380459
5.701415
1.898650
1.733892
2.458254
3.821155
6.593384
2.159552
4.638464
6.964500
3.340942
8.356179
4.801551
6.995438
8.158775
4.934427
7.529107
5.679692
5.506009
10.075930
8.537082
5.266765
10.502233
10.702905
5.970748
10.757193
11.342508
7.777059
7.233020
11.372371
11.468755
10.026778
9.667348
6.810278
7.856633
12.090206
9.103893
8.786311
10.139367
8.679694
9.069651
11.705911
8.188695
11.507593
9.950595
7.281465
8.219704
9.695083
8.125046
8.006062
6.989321
12.322120
9.761862
8.437037
8.312211
11.662713
9.320140
9.027171
8.770227
11.162010
11.054161
6.431320
8.950863
9.278693
6.784023
6.859881
6.609559
8.069358
3.922869
5.372531
7.307036
6.202782
3.686703
2.720322
2.712911
4.036975
1.979496
5.802493
1.962872
1.130497
2.817705
3.986133
5.945108
3.278924
0.209959
0.902759
0.513269
-0.056309
-1.248930
-0.584374
1.683311
3.258374
0.087431
-3.096939
-3.206498
-2.621114
-2.534676
-0.153288
0.912713
-5.146513
-5.041665
-1.748758
-3.611070
-1.863860
-2.177297
-3.615736
-2.935485
-6.050489
-2.500402
-4.530566
-6.550247
-5.903973
-3.188685
-8.002476
-5.692693
-7.503734
-7.134003
-6.020802
-7.434726
-9.327008
-10.019221
-10.298493
-9.149680
-9.620155
-6.502495
-6.201742
-7.469765
-11.297006
-9.022589
-10.999765
-11.690334
-8.054681
-12.289825
-11.689255
-7.745070
-12.443840
-9.046772
-6.937720
-7.136190
-8.226158
-12.571287
-8.882065
-7.933203
-8.984633
-9.137515
-7.812209
-10.028889
-11.539087
-7.369867
-7.505969
-7.058769
-8.371553
-7.411379
-7.947749
-9.563818
-7.844942
-10.766541
-11.506987
-7.420821
-6.950772
-9.508514
-6.298748
-9.429099
-5.094959
-7.415156
-8.176696
-9.183482
-6.340958
-5.234233
-8.446459
-8.814031
-3.686122
-3.906498
-2.858795
-4.832845
-6.195868
-6.032244
-2.292623
-6.249466
-2.769995
-1.083308
-3.377347
-2.052384
-4.939712
-1.225995
-2.440070
-1.966211
-2.853395
-3.957020
1.450908
-2.676865
0.975899
2.637505
