1.283563
3.355048
1.894449
-0.603257
2.791768
-1.111502
4.220211
2.422687
1.976403
4.406054
0.670534
2.840911
2.405369
5.144776
2.983599
2.562529
3.008873
3.877654
3.018234
4.977507
6.767251
4.468407
6.638053
4.961349
7.013533
9.845919
6.099186
9.286820
5.227757
9.675440
11.258370
11.292414
8.743992
9.875599
11.148216
10.568712
11.419044
9.569087
10.373109
7.121071
8.222387
9.111631
6.859171
12.717756
11.558598
8.122819
7.292999
12.600365
7.117214
7.823104
10.372147
7.422833
8.675800
11.402225
8.040321
7.439330
11.251761
10.966658
12.124787
6.707770
6.675697
11.717588
10.378963
8.776676
10.209793
11.181258
6.266787
11.056504
9.571937
9.558403
9.236258
5.419035
6.687856
10.115666
4.374959
5.621636
5.533977
8.889402
3.777891
4.856092
8.551906
5.623489
4.799557
3.884980
6.857897
5.383927
2.445111
3.183589
2.949089
3.237827
1.544902
3.322376
0.802078
0.543768
4.335288
2.833707
3.620289
-0.978036
-1.816616
-0.769817
-2.484540
1.180522
1.219950
-1.147144
0.866176
-3.230181
0.450021
-1.322924
-1.954245
-5.794472
-2.887248
-4.624616
-1.030700
-3.371667
-7.137307
-5.864587
-3.403780
-5.823176
-8.549228
-2.954257
-6.134481
-6.984639
-4.702537
-7.376000
-4.128936
-7.709424
-10.180647
-9.538656
-8.887152
-10.927488
-10.977181
-7.045618
-10.404551
-9.189001
-11.491623
-7.854073
-11.443866
-10.800131
-7.967158
-6.575224
-7.208256
-11.156093
-10.611516
-11.285722
-10.873714
-8.043819
-8.169300
-11.157312
-8.529277
-7.719770
-10.127472
-9.983109
-11.214010
-12.331542
-9.663066
-10.260812
-11.725367
-11.181923
-12.109382
-12.113974
-10.713441
-11.718711
-10.131143
-10.275325
-8.512535
-7.975332
-7.977621
-7.672491
-8.619239
-5.549216
-9.861269
-7.567084
-4.579140
-5.399270
-6.396064
-7.772174
-8.849584
-8.174823
-7.027551
-8.598608
-8.230522
-7.430734
-6.178173
-6.618688
-3.303995
-2.700916
-5.028036
-1.886527
-4.490638
-3.209064
-1.847905
-3.530013
-3.431294
-3.648792
-0.204505
-1.611961
0.014337
-2.327558
2.596409
1.339216
