-1.492245
-0.978198
-1.240240
1.860430
4.041572
1.057933
3.033932
3.154598
-0.162587
5.677057
3.441396
3.896863
6.954862
2.049585
2.045048
2.017563
4.829616
7.818024
5.639198
2.935912
7.171778
5.678942
7.355587
5.497954
6.761060
5.335895
7.168129
7.926313
7.655463
7.056993
9.487161
5.767735
5.815626
8.847242
6.592239
9.332624
11.720242
9.124401
9.055111
7.301076
7.911303
11.974689
8.811786
9.454020
11.543195
7.290237
11.886610
9.445746
9.498627
7.824095
9.277111
11.655503
8.802894
8.209578
9.448991
9.759806
7.418463
7.370684
9.490238
10.923469
6.620272
7.494629
9.376410
6.231047
9.765485
7.043076
7.713998
8.764902
10.111561
10.669517
7.755248
9.276495
8.847881
5.061799
9.385057
4.580121
6.709677
8.853732
3.563550
2.969119
3.298860
5.585127
4.787906
4.416148
6.375884
4.274015
2.225469
3.740929
5.684917
3.830265
4.587409
1.556512
0.988114
-0.366185
0.527720
-0.687455
3.243085
3.558967
-1.555621
1.642304
2.269805
-1.838280
-3.185276
-0.627140
-0.080689
-1.049133
-4.194584
-4.748985
-1.294298
-5.592146
-1.441995
-3.730154
-1.991389
-2.735797
-3.009028
-2.919942
-7.476491
-4.191686
-3.988796
-3.267777
-3.216302
-7.033790
-5.877883
-4.020945
-6.682929
-9.959110
-8.270908
-6.684648
-4.993502
-6.628489
-9.181159
-7.677052
-9.042514
-9.637214
-7.148329
-8.566744
-11.814882
-11.886386
-10.350472
-11.348111
-8.406423
-9.758183
-12.655425
-12.203255
-11.434229
-7.922557
-12.071119
-7.268937
-9.908698
-11.663046
-11.303323
-8.796140
-12.139144
-7.259617
-12.809112
-8.879960
-11.844774
-12.174521
-8.934875
-11.571907
-7.962165
-10.288865
-6.425430
-11.299346
-7.727464
-6.523744
-7.877418
-10.530629
-6.134704
-6.842767
-8.777304
-5.753122
-9.899523
-10.026275
-7.245663
-8.810811
-9.452458
-8.059664
-8.281800
-6.229123
-4.851530
-6.400353
-6.487416
-4.766478
-6.392209
-6.823641
-5.103545
-3.958877
-2.709658
-0.644198
-4.713267
-2.496836
-3.047570
-4.092116
-2.178697
-4.249787
-3.654891
-0.352068
0.676862
1.974450
