3.160389
0.346052
1.161309
-0.409784
0.611398
2.052763
1.510474
2.947542
0.029452
5.596420
3.036160
2.425241
1.034093
5.422567
3.492094
5.969444
3.984766
3.812855
4.119106
4.220245
3.305009
7.178844
5.755459
5.850584
7.270889
5.162983
8.779765
10.184807
8.276141
6.692698
5.680012
10.237206
9.075758
6.375331
5.954328
6.861336
10.406376
7.310510
10.861591
6.942948
9.380161
10.682361
7.902776
9.167657
12.424292
9.958028
6.999243
9.713021
10.928482
7.851327
11.076828
9.969139
12.885428
12.025220
11.867982
10.423951
11.141615
7.384972
12.106569
11.020189
9.957071
6.437972
6.330139
11.919307
6.874749
11.358428
6.433563
9.021170
8.428984
9.685235
6.577842
10.068075
5.861526
9.054835
8.468169
5.237260
8.721466
6.245724
4.309205
4.800834
7.145096
4.201953
5.196651
7.261352
7.486091
1.467009
3.211130
4.991659
3.699984
0.470941
2.425009
5.324206
4.497466
2.441503
2.682003
4.132844
2.744187
3.206108
0.511635
2.585087
1.268118
1.128703
1.418588
1.232981
-2.353926
-4.755350
-1.782737
-3.821375
-0.808579
-3.939554
-4.303980
-1.328650
-2.290082
-1.421334
-2.969213
-4.047257
-6.235468
-3.768688
-5.564868
-2.976721
-3.892579
-4.560354
-9.471507
-5.293570
-8.239162
-6.231876
-10.138255
-5.953635
-7.649452
-10.125342
-8.893283
-6.310171
-11.266652
-10.721182
-8.931202
-11.426744
-8.822300
-11.405452
-7.531136
-10.790953
-12.101322
-11.177214
-12.392350
-7.360573
-9.450056
-7.013976
-9.801898
-12.288268
-8.320656
-11.719274
-11.345417
-10.521923
-7.620588
-10.875988
-8.537538
-8.173236
-9.279387
-8.608351
-7.474501
-8.334499
-12.261901
-11.223633
-10.774579
-7.070283
-8.985551
-9.699812
-11.426652
-9.490429
-6.151607
-10.866871
-10.285660
-4.864444
-10.114676
-7.450846
-8.581334
-8.261660
-4.642636
-8.448645
-8.874561
-4.813006
-6.411339
-2.820633
-3.214219
-3.861323
-5.637199
-3.302818
-4.347572
-4.212299
-3.467543
-5.314014
-3.355263
0.351869
-4.653410
0.871439
0.708428
-0.462255
-1.984168
-0.289105
-0.161459
-1.234505
