-1.244612
-0.743688
2.629526
4.181402
1.263857
2.344464
-0.456743
3.320420
0.817852
4.639494
2.702379
3.410531
5.914310
6.622731
3.084744
7.237714
7.033532
3.437769
5.687179
8.435528
3.181732
4.344902
8.025783
5.966503
6.956304
6.015953
10.220677
9.935393
10.238384
8.657917
9.159782
6.380800
7.071444
7.715930
11.767342
9.148088
10.148474
7.011818
8.068990
7.108834
11.651653
10.569695
9.604913
11.651354
7.303641
8.679084
10.579560
8.639758
8.849703
9.429537
7.353995
8.796281
10.508111
7.523140
9.021220
11.820255
10.267300
6.916072
11.561962
9.081707
7.282303
10.141544
8.856322
6.724353
7.616017
7.705172
5.962634
10.912879
9.123759
8.846952
7.807511
5.149696
5.694374
7.987462
5.933225
5.399534
4.266797
5.160467
3.475333
4.221403
4.951903
7.435523
5.840702
5.317463
3.690314
6.353725
4.248131
0.771172
4.517350
2.683347
5.772016
1.494531
4.449074
1.812510
-0.283580
0.426805
-1.164688
-1.790047
2.857212
-2.488466
2.508252
-2.214395
0.092480
-3.029526
1.137571
-4.140866
-3.750342
-1.391804
-1.426458
-2.932443
-2.159311
-2.189283
-5.566431
-2.231068
-3.508525
-3.610609
-3.931638
-5.559619
-3.834784
-5.930490
-7.903353
-7.519039
-5.922084
-7.114306
-9.971357
-5.676826
-8.149291
-7.477453
-6.499489
-7.631625
-6.277387
-8.256048
-6.856634
-7.151704
-8.601420
-6.919442
-7.400805
-9.398928
-9.186086
-8.146100
-6.930878
-10.900460
-8.702189
-11.038063
-12.520072
-11.785621
-11.664273
-10.041855
-8.907687
-8.177537
-8.529325
-7.456549
-11.326602
-8.267970
-11.123463
-9.527997
-9.450468
-10.721437
-9.688120
-8.834198
-10.049559
-11.585891
-7.124827
-10.259650
-10.283974
-11.250037
-6.623108
-8.330674
-10.374309
-10.792542
-5.351651
-7.451753
-6.757539
-6.675850
-4.335171
-9.509883
-4.808530
-7.316914
-7.578446
-3.926344
-4.303556
-2.769421
-2.518006
-6.470598
-6.481253
-5.626622
-6.031064
-4.608164
-4.365356
-2.439357
-3.208456
-5.364284
-2.096516
-0.232183
0.979176
0.756488
-1.565140
-1.149827
-1.783083
-1.096479
