-0.613445
3.526528
3.680417
-1.469789
0.581389
2.080833
1.033595
2.965209
5.618986
1.275570
4.811828
2.410428
6.450418
3.220451
3.425725
1.874787
5.127714
5.056976
6.128310
4.018065
6.186341
6.509245
8.750717
6.205022
5.736380
4.330501
8.670088
4.900452
10.270947
10.967953
6.234610
6.927672
6.817393
9.561104
11.011816
10.977020
10.337107
6.928209
11.135025
7.296323
9.891375
9.495020
9.259887
10.365586
7.006542
8.011807
7.555851
7.545813
12.358900
11.187601
11.035585
7.749219
11.074821
11.083764
10.447067
8.826926
12.635297
11.967838
10.175831
6.532461
12.063148
7.663603
11.315302
6.729765
11.386527
9.309627
7.045424
9.357875
11.061889
5.862276
8.624557
9.389960
5.095027
9.212183
5.887980
7.923728
6.031557
8.463032
4.360305
5.199652
3.698033
7.811147
3.970996
3.574738
2.814376
3.547618
6.032624
5.525487
2.978737
4.819871
0.762973
0.049562
-0.715996
4.658119
-1.394011
3.758661
-1.213258
1.996676
-2.146461
2.297550
-2.049499
-2.132007
1.282031
-2.677212
0.571721
-0.645082
-4.322181
-2.336465
-2.583034
-5.350234
-5.127863
-2.692927
-2.961385
-5.344891
-7.478549
-7.636181
-7.499479
-7.989163
-7.539383
-3.674615
-3.974921
-8.254890
-6.475143
-5.296829
-6.938677
-7.023689
-10.187400
-9.701402
-9.260422
-8.245309
-6.256545
-11.403176
-6.267422
-9.378652
-8.359690
-11.065471
-12.111223
-7.075007
-7.533693
-11.696218
-11.517722
-12.585062
-7.687053
-7.934970
-12.486917
-8.284086
-7.360393
-9.410231
-10.021199
-10.023911
-8.389214
-11.141042
-10.583246
-8.398528
-9.789658
-12.718043
-12.682392
-8.946874
-11.439387
-11.434462
-7.042505
-11.408918
-6.254619
-9.814351
-10.011429
-5.821127
-9.610788
-8.511487
-8.778445
-6.581308
-8.392009
-4.785924
-4.980011
-5.456395
-6.948399
-9.173402
-5.404989
-5.428021
-5.362852
-6.968522
-4.627105
-4.618953
-3.503583
-3.726955
-1.934077
-2.375523
-3.756085
-2.746245
-0.424303
-0.671267
-2.937518
0.108174
-3.269887
0.818299
-1.657838
0.085331
-0.086657
0.632108
-1.803396
-1.239014
