-0.140469
3.026173
3.876675
0.411407
3.338038
-0.302649
-0.009959
0.113547
4.578946
2.844303
5.967164
5.366162
4.381802
6.268662
3.783471
6.932800
3.638225
2.613781
7.424834
5.110440
7.051745
8.396898
7.237999
8.280321
5.736774
9.331948
6.125381
7.436410
5.451280
5.975879
9.351976
7.107437
6.538989
8.579496
7.774898
11.861440
7.856064
8.260782
12.364313
11.294254
10.603944
8.586383
8.719656
11.457735
10.967772
10.199555
7.174674
10.949956
9.024242
8.630578
9.131025
11.057291
9.576931
9.323103
11.027598
11.985272
11.816375
11.721120
10.791540
7.576540
9.446977
12.108820
9.821420
11.597126
10.319769
9.371365
9.751324
7.188928
10.368098
9.141514
7.151732
9.099533
9.682818
5.399921
4.344950
5.195069
6.017834
3.841029
7.377113
6.489126
7.275268
7.455146
3.902077
3.948244
7.135243
4.684703
4.797627
1.029199
5.396260
1.175309
1.265750
1.054320
1.290328
1.219330
0.505636
3.509461
-1.146762
2.334101
-0.968424
2.457860
0.096985
1.403126
1.997133
0.787966
-1.824683
0.332525
-4.097096
-4.146051
-3.325078
-3.841475
-0.858675
-1.340218
-4.192367
-6.555576
-4.224878
-4.205702
-4.072624
-6.091431
-4.848633
-5.717276
-3.587514
-5.425651
-6.822503
-6.266288
-4.910764
-8.274807
-6.397056
-8.049977
-5.597701
-8.103504
-5.919852
-9.465227
-9.145399
-10.974196
-9.115595
-8.457917
-6.478241
-10.154106
-9.235863
-9.360547
-9.713875
-10.050422
-10.065441
-9.444928
-10.570959
-11.046980
-10.760199
-8.889021
-8.212362
-11.692581
-8.293326
-8.002524
-8.837482
-10.653892
-7.967862
-12.539803
-8.495406
-10.056176
-10.849897
-8.887116
-10.655943
-8.755240
-10.151743
-10.962773
-9.697005
-10.938788
-9.518057
-8.598764
-7.748204
-5.254668
-5.259730
-10.479467
-5.021861
-9.860271
-8.851365
-9.749902
-9.404138
-4.025573
-5.848728
-5.544478
-4.484006
-4.692612
-7.751456
-5.786806
-6.182746
-6.837462
-3.438218
-1.272159
-1.462348
-5.594459
-1.157816
0.023174
-3.491401
-0.990063
-1.989899
-3.428924
-3.268064
1.261506
-0.700344
0.129401
