-1.735461
2.139014
3.357193
-1.655888
-0.378820
3.926079
5.127352
0.975961
2.400444
5.419049
4.068647
1.723778
1.723319
5.305092
4.116403
7.638347
3.673191
7.727656
3.524920
5.990941
7.940803
5.608326
7.831954
6.747052
7.578815
7.075770
5.519334
8.748380
6.997807
9.875165
10.622850
10.519624
7.046015
9.738572
11.685159
7.492634
9.465927
7.968216
10.699071
11.828098
9.444331
10.706005
9.582454
10.899027
11.645149
8.772103
12.932205
10.083661
10.852331
9.986484
7.426702
8.695226
11.207545
12.532324
8.719444
11.499906
10.733549
11.044189
9.154190
7.991570
8.167171
6.894925
7.333608
7.938004
10.316131
7.880327
9.045700
8.228268
7.269558
10.502759
5.158214
9.719824
5.926808
5.816498
7.526024
5.675429
6.192391
5.206079
6.118630
6.265196
5.802468
5.623306
2.887869
4.316339
1.958796
4.095720
1.106161
2.262526
1.531180
2.156903
2.418221
0.755594
3.751694
-0.851124
3.079046
1.430452
1.652678
-1.813642
1.913760
-0.799117
-2.824886
-1.642326
-1.226548
-2.224987
-3.679684
-0.759274
-1.918151
0.325194
-1.912466
-3.099596
-0.946003
-4.391407
-3.124248
-2.720730
-7.449561
-7.444187
-2.347242
-6.134360
-4.512889
-2.949152
-7.922602
-3.433579
-3.845732
-4.958058
-5.282357
-7.851728
-7.570707
-6.831647
-7.298279
-10.172110
-7.271831
-6.904136
-8.618929
-7.584413
-11.493763
-10.807766
-7.792712
-7.802464
-10.633220
-6.624991
-6.609695
-9.106068
-8.907762
-10.375353
-11.661885
-6.951009
-11.342140
-7.050041
-7.956964
-11.743135
-7.274346
-11.792919
-9.237171
-8.661300
-10.301989
-8.293801
-9.440393
-9.511622
-9.739124
-6.629513
-6.588763
-7.075433
-7.696623
-8.919055
-8.950269
-9.956281
-10.471140
-11.152101
-10.521728
-11.024207
-10.851014
-8.605444
-6.483743
-5.760508
-8.848841
-7.996498
-7.049357
-7.888168
-4.856560
-7.871974
-3.890815
-4.082697
-8.030129
-2.250033
-4.509527
-1.990137
-6.330854
-4.958996
-1.669878
-4.650307
-2.770950
-0.107937
-2.467277
-3.055911
1.100784
-4.169630
1.033134
-0.551647
2.558132
2.069365
