-1.590492
3.120799
3.749244
2.740204
0.372283
2.186916
1.717420
1.023903
5.194334
4.050475
2.680075
5.985355
3.133794
1.831918
1.769211
5.963889
3.184312
4.763203
2.914464
4.869348
7.024980
5.265206
8.277326
4.219662
5.373253
6.380268
5.692274
10.421815
10.532649
7.677996
7.451311
8.402486
10.553479
10.509572
10.755956
9.411415
9.875496
11.135722
10.162525
10.318250
7.950263
9.130115
7.120988
8.019608
11.597112
12.569155
10.612844
12.563187
10.302462
10.387135
12.828931
9.204905
10.992489
10.090138
7.006830
12.182145
8.912217
12.155337
9.312059
8.108918
11.325282
8.586496
10.232868
7.730148
8.561892
7.395894
7.541063
10.111967
9.421393
5.391480
5.932213
5.890059
6.551637
10.167355
8.396813
8.261035
8.819643
9.114831
5.563486
7.028464
8.250299
3.802244
5.704560
4.389511
3.412858
3.187006
4.187807
4.710579
1.327446
3.582476
5.059702
2.519392
4.339872
0.736289
4.467255
4.075655
2.496021
-0.437595
2.855224
2.985790
-0.554405
-1.427792
-0.851517
1.236448
-4.153310
-0.515580
-1.706220
-0.020902
-0.510703
-5.498767
-2.475779
-5.083404
-1.998514
-2.175426
-2.096634
-3.593393
-6.314520
-3.793594
-3.390425
-7.662258
-4.311856
-6.020038
-5.826971
-7.313544
-5.150270
-6.116903
-7.480378
-4.954565
-9.860578
-8.146320
-10.285534
-7.099675
-7.188747
-6.974387
-11.169549
-11.494046
-9.716470
-7.353475
-10.588592
-10.232424
-11.940891
-11.407037
-11.817545
-11.565903
-8.453544
-7.954578
-10.186798
-9.374015
-7.543775
-11.520951
-10.857144
-7.150818
-12.225837
-9.191930
-10.449113
-10.704561
-8.704906
-11.053469
-11.801159
-8.959015
-6.705304
-11.132714
-8.835856
-11.957569
-6.693075
-7.210573
-10.028081
-7.910908
-5.374375
-10.835746
-5.579855
-5.193623
-9.653125
-9.272642
-5.421946
-5.487092
-7.696971
-7.350943
-3.838764
-6.316359
-5.646763
-3.454310
-6.791144
-5.843664
-3.885380
-4.587827
-4.891451
-1.950606
-5.831934
-2.951142
-1.926628
-3.621596
-1.276869
-2.620535
1.373291
-2.103518
2.057838
-3.076054
-0.950634
0.824100
