-0.858901
3.322564
2.123135
0.457049
3.779441
4.499092
4.012223
4.627335
1.420546
2.052915
3.848554
1.707451
3.460519
5.118599
4.388193
1.984423
6.856186
4.711195
4.385959
3.563499
8.044755
7.209370
7.191354
5.425828
9.970938
6.405775
6.367153
5.560016
5.399136
8.907644
6.558778
10.212803
11.560311
10.093905
8.482855
11.971541
7.862702
9.076335
10.891833
7.124057
10.009411
11.207712
7.422140
8.500954
11.577796
10.453480
12.217846
7.667258
11.944713
8.241787
9.091959
11.003560
8.593412
9.637970
10.524130
10.516088
12.008103
7.827084
10.158467
9.786397
10.501562
12.104216
7.314464
9.413243
6.083986
7.815083
7.205822
10.466776
9.235634
9.407387
10.877996
6.177746
8.356865
4.816151
8.593118
4.384827
4.148334
4.702798
3.400443
4.866844
6.843008
6.504289
7.274112
6.812159
3.189755
5.345649
2.103993
1.881584
2.048478
4.551431
0.415483
0.194624
1.188450
1.152108
3.443034
0.918573
2.057553
3.060334
2.600622
2.324384
-0.062366
2.154662
-2.109620
-3.946576
0.589699
0.414827
-4.772545
-2.183397
-2.860111
-5.814528
-3.483737
-3.902230
-2.122302
-1.602736
-6.228405
-2.631171
-7.561337
-3.872729
-3.736371
-8.219641
-6.470630
-5.097431
-7.932121
-4.806538
-9.739562
-8.451998
-9.580967
-7.818967
-9.741494
-9.104942
-8.288714
-7.344696
-7.397420
-8.952553
-6.405757
-7.351141
-6.579748
-7.257031
-11.318608
-11.705416
-9.716520
-10.459099
-10.196875
-11.275709
-9.094086
-9.618086
-10.219757
-12.083358
-11.961032
-8.087992
-12.577407
-10.025367
-9.181233
-7.338841
-7.497756
-9.611888
-11.729202
-7.975616
-12.544325
-10.623493
-8.909617
-10.563741
-10.783312
-10.458995
-11.403553
-9.466451
-9.717092
-7.507403
-9.216532
-10.126291
-7.942000
-4.977326
-5.690266
-6.929044
-5.469528
-9.215150
-9.503894
-4.224777
-8.510999
-6.220214
-5.426013
-5.052674
-4.478415
-1.900662
-4.364052
-5.784627
-5.091633
-6.560255
-0.909227
-1.092789
-1.307030
-3.394657
-4.622315
-4.720638
0.711526
-0.597163
-1.082724
-0.562096
-1.268042
1.566732
