3.260793
2.063716
0.254149
-0.675962
-0.927214
2.380848
4.322868
5.120438
5.284201
2.966505
5.078791
4.987690
3.772978
6.939422
2.705101
3.439710
6.577490
3.481202
2.829790
4.861729
4.705488
7.452213
4.034105
8.065225
9.314410
5.631063
8.953097
4.871261
10.503097
6.002733
7.101821
7.060137
7.440631
6.225401
8.964147
7.202948
7.482250
7.066440
11.154702
8.221953
9.195624
8.984974
12.355292
6.843980
9.658912
12.849998
7.104278
10.616420
11.092022
9.899380
9.417791
11.156441
9.954400
12.129799
9.197402
12.294942
12.491355
10.959461
11.917784
9.250216
9.739274
6.402744
7.398964
8.903234
9.325194
8.757061
8.109447
8.876999
7.801071
6.519664
6.898591
8.055829
7.024819
6.045863
9.528842
5.200629
7.671609
8.362528
6.344161
8.457371
5.256651
6.120361
2.349550
5.556721
2.534759
4.710511
6.930273
1.039947
4.614057
1.659000
0.991189
3.308534
3.304578
4.218498
1.775842
0.206484
-1.042558
2.929334
-0.588768
0.151494
-2.247986
-2.821925
-2.474488
-0.345572
-3.755869
0.098887
-4.800591
-4.280369
-3.793727
-1.675016
-1.155378
-1.812070
-2.594016
-6.648749
-6.965659
-3.910109
-7.557746
-7.194188
-7.076742
-3.214331
-3.355175
-4.434437
-8.077226
-8.463899
-5.718677
-4.504427
-7.378690
-10.470240
-9.575964
-7.243907
-7.003636
-5.520359
-6.341348
-7.270673
-6.356491
-7.566692
-6.544466
-7.610708
-11.108901
-11.309825
-8.574391
-8.083590
-11.658628
-6.833598
-10.701574
-8.724672
-12.467901
-7.650544
-9.783327
-8.768668
-12.060181
-12.816665
-10.133733
-10.569681
-9.495882
-9.701234
-12.492288
-9.404028
-10.171023
-11.543221
-7.317392
-9.608161
-7.594950
-7.442927
-9.244770
-6.903984
-7.185999
-11.015246
-10.162592
-5.391820
-5.161412
-10.324353
-5.196388
-5.714300
-7.510455
-5.489463
-7.776256
-4.999063
-6.700733
-4.716575
-2.758336
-8.070446
-4.933878
-2.968661
-6.299983
-3.651310
-3.117591
-5.670307
-0.805559
-0.894237
-2.107868
-1.158112
-4.450478
-0.695879
-2.329907
1.075008
-2.318621
-0.038655
-2.509750
-2.837504
