-1.463130
2.292429
0.657604
-1.630977
-0.973287
3.110221
0.900170
1.243191
0.560371
5.617951
1.806615
5.451691
3.842183
2.709601
5.611640
7.769951
3.073205
4.755624
3.242230
3.442794
3.651970
7.800644
6.633775
7.170587
6.202640
8.990749
7.283989
4.999346
10.127285
5.515162
10.866969
9.779166
6.476058
7.548142
9.836611
11.984218
10.398779
7.482481
8.402783
9.753040
11.342386
8.516633
10.335126
10.236397
8.888099
8.241678
10.681138
8.502987
9.174634
12.247581
8.890759
7.271781
11.292418
7.770138
9.402174
8.201797
11.049744
10.645013
6.867807
10.809257
9.739833
8.351098
8.873083
9.200242
5.971552
9.530962
6.984112
7.993241
5.710365
6.830834
9.804728
7.138200
5.822837
9.049268
5.991519
6.075929
5.657629
4.205535
8.255995
3.610306
5.854578
3.377425
5.843221
6.948242
2.880208
5.877123
5.371750
2.072149
1.798435
5.770459
-0.113723
4.763304
3.546136
2.843222
-1.335710
2.506110
1.716359
-1.899675
0.249688
1.064156
1.506856
-2.907937
1.032579
0.531893
-2.655050
-4.431556
-0.769804
-0.976519
-2.415828
-2.110771
-0.672946
-2.059654
-3.085570
-3.820867
-2.005883
-5.317648
-6.880773
-5.799362
-6.858561
-5.623501
-7.672926
-8.608544
-5.290523
-9.637308
-8.578051
-6.109098
-8.645772
-7.390870
-6.319952
-7.122650
-9.384343
-6.089634
-10.810335
-5.934423
-10.990616
-9.348595
-11.814606
-11.479910
-12.332378
-9.085469
-8.456523
-11.072025
-8.271233
-8.395097
-11.863361
-10.096975
-9.267800
-12.739877
-9.991710
-9.489489
-8.691017
-11.109012
-8.098360
-8.701667
-7.931661
-9.970569
-10.996762
-12.173034
-7.047997
-10.843736
-12.360772
-8.981614
-8.628222
-9.597024
-7.278897
-10.970349
-10.628626
-9.922671
-10.386911
-10.106531
-5.880918
-7.358853
-7.669544
-6.474290
-9.097519
-8.000877
-7.989910
-3.623398
-6.169298
-4.271915
-6.625912
-4.148493
-6.936608
-4.778652
-2.701920
-2.230677
-1.656014
-3.261783
-3.922546
-1.151659
-2.595624
-5.238132
-0.521809
-1.124806
0.991992
-0.550873
1.919779
2.161738
-0.062204
-1.654568
