-1.823430
0.293064
2.842519
-0.853721
2.780619
3.610450
2.021566
1.354199
5.571890
3.731333
1.572266
5.184633
1.797203
1.771085
2.418075
3.786966
2.249642
2.540486
6.900998
3.253479
8.608455
4.382461
8.625436
9.234537
4.765744
6.762630
6.111539
8.692864
5.196118
5.303259
8.671571
8.998702
9.376091
10.932529
11.591575
7.063361
10.325715
9.899992
7.838612
6.706078
11.898891
9.808850
8.128587
8.354674
11.081716
9.003094
10.940196
10.322707
8.162165
10.564598
7.380503
12.657348
8.374404
8.309636
12.486047
9.655064
7.542949
6.703678
11.806993
12.230393
8.669889
6.422179
10.168095
10.038257
6.922727
10.017030
5.641835
10.302513
7.466693
10.093271
9.822042
4.839606
7.642489
6.799569
4.349401
9.841571
3.874336
4.342006
7.240021
6.653364
7.710883
4.580727
4.084037
5.169445
4.478522
4.253072
6.673658
6.305122
2.457333
0.313895
0.666359
-0.108995
4.129073
4.012315
-1.093562
0.093037
-1.754066
1.215664
0.708797
-1.577930
0.814238
0.627958
1.248427
0.881217
-4.379543
-3.138208
-2.637146
0.399251
-1.366296
-2.569785
-5.845177
-3.081318
-1.177383
-5.568868
-3.284862
-5.449794
-6.514554
-3.352238
-3.911918
-7.476451
-5.599684
-5.702090
-7.374790
-9.182391
-4.894785
-5.313906
-5.205052
-8.008234
-6.922823
-7.926508
-6.503150
-7.489018
-7.016306
-9.101548
-8.535979
-7.787918
-9.681150
-9.886069
-11.344984
-9.460304
-12.540213
-7.077212
-9.932175
-8.786314
-7.237661
-12.034284
-11.287467
-8.444525
-7.467795
-9.562583
-9.398203
-11.063853
-12.056617
-8.024292
-12.192730
-9.438095
-10.755618
-9.363233
-10.011229
-7.158204
-10.986705
-10.079760
-8.059716
-10.335895
-11.014799
-11.640727
-6.104194
-9.965828
-11.077218
-5.216342
-8.066500
-8.857735
-8.140552
-9.194993
-7.188441
-5.893474
-3.887785
-5.395632
-5.367463
-6.494530
-8.269489
-6.281969
-6.363400
-4.897320
-7.439318
-3.290691
-1.159965
-4.123560
-4.458630
-4.494672
-4.003157
-0.079171
-0.371435
-0.219279
-0.579015
-0.043548
-3.357375
2.238609
-1.949398
-1.450505
