-2.421202
0.029142
3.479148
0.429874
1.441620
1.047977
4.832248
2.095704
0.752215
5.288914
3.015613
5.020532
2.725110
3.182954
3.116262
5.836210
4.452363
7.122769
7.853671
6.336222
3.820085
8.213894
4.428405
8.837461
6.089897
9.025000
6.426737
6.923013
5.801095
5.307676
11.251419
9.209209
8.582868
9.633494
7.633650
7.418852
8.937863
7.206588
6.997147
6.660747
8.572709
12.171694
10.870222
10.928547
8.588801
7.658361
8.935473
9.402178
8.440069
11.119732
11.378988
12.191316
9.545204
8.509361
8.554791
10.367523
12.734335
8.674979
11.216673
10.025953
8.256652
6.393014
9.640900
6.586886
6.938242
11.387754
10.895261
5.910944
6.283307
9.369930
8.260628
7.173640
8.808103
8.416859
9.087528
7.676450
5.477811
4.378152
6.939539
5.137724
3.443350
4.608244
6.619228
4.176571
6.254848
4.406433
0.996610
4.431252
4.251828
2.135375
1.634283
4.620804
2.258012
1.104279
-0.741827
0.441073
2.993330
-0.079476
-0.550271
-2.176954
-2.929799
1.325153
-2.691939
-3.458618
-0.533554
-1.963922
0.789166
-4.455915
-0.923905
-2.574775
-6.167623
-6.086330
-4.045062
-5.725701
-5.185653
-2.127339
-5.743954
-6.589706
-5.578081
-3.570348
-3.899912
-3.421491
-3.995136
-7.789247
-8.561303
-8.364213
-7.964953
-10.215620
-7.969162
-5.288503
-8.362799
-8.978622
-8.197981
-9.911724
-6.433773
-9.677718
-9.082252
-11.330089
-7.920433
-7.218273
-6.615053
-10.502340
-8.512428
-11.153165
-9.578316
-11.567051
-9.688003
-8.033641
-9.621503
-7.583786
-11.778519
-7.951731
-12.739674
-12.570531
-8.221088
-7.262821
-8.991827
-8.498378
-6.906529
-8.142635
-11.708216
-12.247780
-10.745588
-8.337359
-8.779592
-9.052604
-7.021345
-9.264978
-6.544171
-8.278230
-9.125102
-9.888199
-6.619518
-8.609194
-8.727901
-6.618086
-6.189074
-4.135811
-3.147902
-3.174969
-4.687790
-6.262605
-6.436978
-4.252464
-3.851104
-4.372372
-4.147745
-6.277515
-6.262211
-1.592896
-1.464257
-1.546485
-3.508080
-0.462897
-1.004963
-2.848307
1.764716
2.320601
2.436623
0.910203
