0.641658
3.340190
2.549339
3.096198
2.941964
1.128234
0.446944
1.042120
5.014037
2.502845
3.084523
4.645384
2.961989
6.759205
3.390560
3.180219
4.777185
6.122452
4.642694
6.917677
6.761613
7.414753
7.227257
6.065696
6.133532
7.583786
5.660498
6.189894
6.616878
10.915940
6.594791
8.269136
7.305800
11.393774
11.336818
9.690462
9.392523
8.459757
7.819739
8.316021
7.789578
9.393425
12.081389
7.223168
9.607872
9.758737
10.798391
8.611801
7.273925
11.645510
11.555500
8.961819
11.626801
10.259454
12.002678
11.437195
8.382217
10.728240
10.211626
9.692736
10.792859
11.614523
10.125573
7.759059
7.747747
10.268376
8.738503
8.543634
10.905540
5.822199
7.945862
5.118192
10.418964
7.570440
9.294713
8.848099
8.597911
9.001052
7.865797
5.223658
5.693111
4.777641
5.357889
6.318199
3.413347
3.097508
3.547352
3.624454
4.774100
5.948827
3.151197
4.930717
3.674153
3.060308
3.894075
1.661065
1.297664
0.090183
0.412647
-0.629800
-0.596947
-1.999990
0.359433
-2.711369
-0.438036
-1.400340
-4.200233
-1.160859
-4.741535
-1.904664
-3.751506
-6.552802
-3.852703
-6.287967
-6.554218
-6.960758
-4.597381
-7.495737
-3.665686
-3.173237
-6.710003
-6.098811
-6.125495
-7.629329
-7.635521
-7.197642
-5.879947
-6.183675
-7.373201
-7.899429
-8.379137
-6.576039
-7.700091
-10.692614
-7.493235
-8.734410
-9.897669
-8.091771
-7.820722
-11.049775
-10.699892
-8.441574
-8.278914
-9.279753
-9.890327
-10.001654
-7.699582
-7.543548
-10.020795
-10.111931
-12.794855
-7.646636
-12.575208
-11.530208
-10.468676
-9.136889
-8.571399
-8.396351
-12.467313
-11.347487
-9.343266
-9.843646
-7.247779
-8.643619
-7.201432
-7.746953
-9.556797
-8.812723
-6.690267
-7.379488
-8.688763
-8.207163
-7.566630
-5.378100
-8.495930
-5.912322
-4.443223
-8.836198
-6.928216
-7.662454
-7.134695
-7.254528
-7.486637
-3.436824
-3.834574
-6.940108
-2.459988
-6.026757
-2.407216
-4.668465
-3.886065
-4.029651
-0.651128
-4.001216
-1.091469
-0.047851
-1.562225
0.149092
2.105273
1.915691
