-0.431401
2.847774
3.588632
1.826417
1.801489
4.757897
4.509788
-0.007487
0.455249
3.095832
3.609076
2.055236
2.384468
1.579586
2.507921
5.808640
6.361409
7.325703
2.746647
3.382605
7.330760
6.231969
9.367407
8.539258
5.303630
8.576581
6.180535
7.103847
8.736629
6.054774
6.993865
9.563599
10.994778
8.231415
10.099144
7.210062
7.879242
8.053257
7.140483
10.208300
6.868841
11.581131
8.222440
8.201051
9.100254
8.615536
10.060111
8.653155
8.614651
10.457231
11.591123
9.210028
12.202556
11.805644
12.221487
9.539559
8.567721
8.378596
9.702035
11.011383
9.463479
8.003509
7.711463
10.246491
11.859399
6.372236
8.459011
7.094997
6.300354
10.181430
7.157818
9.271017
6.681705
5.764616
8.084977
4.203296
6.957871
3.476358
8.585077
8.373968
6.806142
7.695505
2.423153
5.921687
7.114827
1.344883
2.246960
3.257343
1.233600
3.124770
1.331236
0.402809
-0.665755
4.651494
1.061832
3.076948
-0.261232
-1.211305
-1.038832
-2.324202
-2.702666
1.966544
-1.766333
-2.614881
-4.125315
-1.515566
0.347683
0.335652
-1.661410
-2.696107
-4.603332
-5.764084
-5.205068
-4.910698
-7.522677
-6.852358
-3.745391
-6.375437
-5.337269
-8.852633
-4.386071
-3.794699
-4.709104
-6.182153
-8.195281
-7.200015
-10.471106
-6.864586
-7.132827
-7.377496
-10.816934
-9.683191
-6.379706
-11.685788
-7.320784
-11.023941
-7.617161
-11.314110
-7.253466
-11.127072
-7.886820
-9.049394
-8.453232
-11.859434
-12.561812
-7.460194
-12.174376
-7.173824
-12.906902
-9.076672
-10.549393
-9.994363
-11.850684
-7.831300
-11.774109
-7.917528
-9.889095
-8.950078
-11.532050
-10.118093
-8.062508
-10.560483
-8.136834
-8.398670
-11.037163
-11.168071
-8.864172
-11.256198
-9.122469
-8.822827
-9.939024
-8.436261
-8.425221
-9.982861
-7.976105
-9.184696
-4.553754
-5.430662
-6.012955
-6.774387
-6.597397
-6.840919
-4.279810
-6.411961
-6.608066
-2.035700
-3.378397
-5.517256
-1.624127
-0.696764
-1.951294
-2.290507
-3.820404
-0.799984
-1.326513
-2.165751
0.782005
0.002818
-1.292145
-2.141799
