-1.358163
-2.077141
-1.530630
0.364499
2.517428
3.748681
-0.748696
4.018068
4.344513
3.413215
3.192131
2.708854
4.577046
2.852509
6.542541
5.303251
6.942322
6.548564
4.626457
3.355946
4.263062
8.387293
6.691981
5.870699
5.858003
8.134246
7.321152
7.260471
9.745865
7.462691
6.098633
11.407023
8.147231
8.848701
11.517507
9.375854
6.427105
7.415416
8.676697
9.429066
8.065403
7.960371
7.139631
11.240849
9.858579
11.179371
11.672703
12.808115
12.903844
12.330443
7.876639
8.067793
10.338554
12.895525
10.410023
8.158406
10.133568
11.193237
7.314408
10.764957
7.210512
7.306145
7.969391
7.127960
11.618022
7.524291
10.758766
6.214704
7.902002
8.571157
9.112467
8.882225
4.838274
8.673001
6.012270
8.052182
6.297056
3.878775
7.246808
3.777616
6.728408
4.126734
6.848862
2.846975
2.208317
4.441754
2.844616
5.373810
3.593779
5.477379
1.975456
2.782963
4.818210
0.479234
2.493337
2.558221
-1.938993
-2.092884
-1.156493
-1.591723
-3.222183
-2.398569
0.235580
1.013165
-4.274112
-3.189822
-2.580035
-4.159405
0.084816
-5.665504
-1.585225
-6.618877
-6.337470
-4.011491
-7.037831
-6.583545
-4.587668
-6.616098
-4.557912
-6.169776
-4.789589
-9.273243
-6.822083
-6.668128
-4.072148
-6.350121
-4.617616
-8.491160
-5.857490
-8.797989
-5.602878
-10.908035
-11.286361
-6.027456
-10.923695
-7.019796
-9.272765
-8.330077
-8.013914
-10.703362
-8.721274
-10.698771
-7.598468
-11.228544
-9.389221
-11.203332
-12.579376
-12.009830
-9.855590
-9.190251
-9.119058
-9.049619
-12.898199
-10.778799
-10.126899
-8.539960
-10.914134
-9.525725
-7.098638
-11.124220
-7.229536
-8.983841
-6.620530
-8.202684
-10.590550
-7.725453
-11.054006
-8.924286
-7.397746
-5.357832
-10.891872
-7.763928
-7.647185
-10.242277
-4.700567
-9.576445
-8.118039
-4.044249
-6.292270
-8.248893
-5.373351
-2.877826
-7.047720
-5.685710
-5.682135
-5.800595
-4.798751
-3.762003
-2.542507
-3.718597
-0.937263
-0.995782
-0.135154
0.889460
0.440842
-1.999946
-1.455626
1.049808
-2.774537
2.984875
