1.690120
-0.873955
-0.063258
3.785346
1.170178
2.791358
0.061895
5.407085
3.146092
2.837892
5.187022
1.397355
6.453477
4.143864
2.168468
6.244013
2.913115
2.936542
4.619053
5.530284
3.814210
4.773121
3.654211
8.067664
4.797110
8.074366
8.616995
8.186176
5.074403
6.838814
9.520908
7.637624
9.969052
10.388493
6.956552
6.973759
9.337206
7.824649
7.474625
10.541398
10.565539
8.491763
9.344109
7.270165
12.363214
9.596766
8.528314
12.480928
8.954431
11.541615
7.561634
8.040164
11.099364
12.347511
9.781015
11.044860
11.698299
8.607691
11.547022
7.961791
7.085145
9.797629
10.882374
10.580788
11.401166
8.879033
6.401681
6.068612
9.699078
11.075524
9.486933
9.245470
5.169255
9.605091
8.146901
4.830742
3.998608
8.833047
4.223358
5.990291
4.409841
4.206777
6.093357
4.586463
4.851589
6.354549
4.964069
2.665424
1.531732
0.713469
2.060274
4.551225
4.791639
3.975712
3.307241
1.457338
-1.864500
-0.190693
0.754830
-0.514976
-1.071503
-1.201679
-1.950528
-3.986444
1.302485
-2.273544
-3.461591
-1.262071
-0.656361
-5.932984
-1.454161
-0.970139
-5.123125
-1.294222
-4.544408
-7.186236
-6.772452
-3.882771
-5.085654
-3.145752
-3.979454
-7.594444
-4.012277
-9.364476
-5.332502
-7.005051
-10.165413
-5.963497
-10.570363
-11.054312
-9.677946
-10.204579
-8.002798
-9.922583
-9.146307
-11.026676
-6.988132
-8.161541
-9.284227
-11.998068
-7.964484
-10.949324
-9.060399
-12.817863
-11.782317
-6.963680
-12.048165
-7.453682
-12.603916
-8.504141
-7.784810
-7.769397
-7.284525
-12.431821
-12.482418
-7.295104
-12.497306
-7.618577
-11.703379
-11.934775
-7.437262
-8.130378
-7.233329
-11.683716
-11.137915
-8.424237
-9.242120
-7.890755
-8.302899
-6.617384
-4.953608
-7.241022
-8.025148
-8.105629
-9.303018
-9.374170
-6.642551
-7.839502
-8.672765
-5.873710
-5.335938
-3.838307
-3.612443
-3.124328
-5.619769
-4.365576
-4.901521
-0.763172
-4.879330
-1.970307
-2.485866
-1.699022
-4.504198
-0.346617
-0.972699
-2.877056
0.840033
-2.292766
1.564161
-0.686626
