1.934999
-2.182769
2.037590
0.098280
0.618903
1.559955
2.699627
2.040750
2.846545
4.769328
2.781660
4.476895
6.497121
3.759704
4.478883
3.972298
5.774517
3.277280
5.220682
6.383876
3.507454
9.364847
5.220440
9.522374
9.983827
9.678101
6.030246
6.274509
5.242352
10.497063
10.474917
11.040269
11.132230
10.610950
8.704719
6.770486
8.207672
11.620075
9.174098
11.808473
12.114504
11.860367
10.589145
7.831926
11.851870
6.982573
9.723857
12.703897
7.426207
10.061835
7.718278
11.038425
8.798397
10.658695
10.829393
9.881737
12.232387
7.961227
8.727713
11.048569
9.305214
10.030365
11.994447
11.855588
10.720733
7.552753
8.754336
7.792050
7.466179
7.379268
10.846231
6.742614
9.290866
10.218404
6.043834
5.553128
6.321679
5.326350
4.211935
5.922427
6.624306
7.598947
6.637799
4.438698
5.174690
3.696405
3.811374
3.651685
1.869345
0.107657
2.783232
1.633666
4.309390
0.738509
-0.889283
0.619525
-0.655166
0.839025
-1.954701
-2.413375
-1.644650
-2.086778
-1.259743
0.616009
-1.608944
-0.558519
-2.601621
0.063742
-3.231874
-3.325757
-4.877072
-3.176241
-1.615851
-2.981526
-3.095097
-4.933620
-3.705615
-2.753327
-6.069643
-4.698476
-7.935286
-4.244607
-3.704236
-6.397957
-4.313620
-5.279753
-7.374942
-9.078749
-5.484535
-8.275051
-7.602437
-5.890866
-11.293332
-11.569040
-11.737607
-11.480292
-10.467068
-8.184333
-9.684955
-8.924197
-9.153725
-8.797456
-8.146874
-12.223941
-8.456779
-9.142243
-11.472236
-12.346362
-9.215385
-9.210370
-9.620269
-8.689497
-10.811822
-10.896575
-10.464791
-7.980500
-8.144137
-12.507503
-8.051113
-6.848993
-11.140846
-11.213185
-9.538245
-9.516640
-10.125153
-7.997150
-6.325179
-8.194015
-6.200649
-5.392625
-6.611307
-7.732939
-5.966011
-9.248032
-7.626592
-6.198292
-6.988768
-6.044857
-6.401080
-7.741404
-6.711600
-5.861770
-7.717827
-4.624917
-3.536702
-5.213123
-1.469288
-1.820830
-3.678313
-3.671618
0.015499
-3.037989
0.519059
0.009475
-1.297655
1.655070
-0.920755
-3.287433
0.487464
-2.589514
