0.894881
2.225400
-0.540956
4.150257
-0.758244
3.472533
1.616004
4.660567
5.670404
0.803079
0.734277
3.971540
4.213861
5.430537
3.015317
4.434314
3.223774
6.198485
5.835747
7.269768
6.885766
7.506174
4.808543
4.008449
4.385391
7.583554
4.797792
8.591752
6.655524
7.541871
9.915072
8.869585
6.405360
8.908534
8.579832
9.336814
11.841616
10.172104
11.359540
9.921645
11.605826
8.750137
9.958809
6.915700
10.084999
11.631983
7.870895
12.781520
10.177209
11.597989
12.780698
9.902186
8.574863
12.666998
12.759812
11.548759
9.057445
11.352092
11.124300
10.203838
9.478561
11.350873
9.163844
11.017698
8.540427
9.055865
7.687283
6.802481
11.056692
11.037954
10.047794
10.192666
4.552086
9.482563
8.617374
7.457133
9.138683
5.175220
3.579934
4.306464
4.821124
7.788579
4.760439
2.908118
3.509725
4.630654
4.908822
3.925348
5.702308
1.238231
4.808420
2.592449
2.122642
4.159879
3.376238
2.495562
1.664834
2.580799
0.863196
-2.988389
2.466248
-1.966078
-1.778820
-2.773163
0.195441
0.824293
-1.686072
-5.171975
-3.354933
-5.973273
-1.864916
-1.964305
-2.397766
-4.042595
-5.670698
-7.130826
-2.827289
-6.704875
-3.995106
-5.777388
-7.803058
-8.095718
-8.836314
-8.914619
-6.090980
-6.729470
-10.465349
-6.277521
-6.942786
-6.420510
-10.044271
-9.056631
-10.386284
-7.894195
-8.009540
-6.653753
-9.068795
-8.863170
-10.560599
-10.111861
-11.556817
-12.426437
-6.841224
-7.869297
-11.986412
-12.047609
-8.618070
-11.592025
-10.359765
-9.269458
-9.855171
-12.657410
-7.816677
-12.306877
-9.607067
-7.403489
-8.506892
-6.824820
-9.596649
-8.880782
-10.346521
-11.876828
-7.942269
-8.798045
-7.265757
-6.145957
-7.651125
-7.072800
-9.886755
-9.440309
-6.730576
-8.949027
-4.502141
-6.640239
-7.626288
-4.159948
-8.996438
-5.526252
-6.534541
-8.791482
-2.788834
-7.990878
-3.718968
-6.288581
-3.078913
-6.989257
-6.940163
-6.587676
-5.450956
-2.042094
0.159157
-5.341878
-1.870702
-2.857307
-1.408021
1.176739
-2.345515
-3.119311
1.685045
0.246098
