2.696817
1.264337
1.958808
-0.550144
3.001307
0.959795
4.313861
5.090844
2.960028
4.885415
2.092784
3.211882
3.060181
5.613940
2.947621
1.902059
5.955136
3.196301
8.038181
6.014299
5.193519
5.868846
4.545405
4.966838
6.188021
6.449902
5.940990
8.860079
5.949850
8.240680
10.406858
8.483462
9.430916
6.664201
8.580257
6.626204
9.186592
8.967862
9.193461
8.524250
10.329811
11.380610
8.973507
10.098745
8.170440
11.202830
8.624938
8.371645
7.624519
11.763681
10.977293
7.576879
11.291922
10.953105
7.534667
7.034196
11.547370
7.638220
10.461211
8.320085
10.594785
10.116792
9.725905
8.249237
9.389419
8.050151
10.436248
7.086835
6.485999
10.969300
10.326605
8.715698
4.765491
8.178468
8.066709
6.921691
7.671059
4.056622
5.162498
8.729817
7.917045
3.073647
4.542650
7.743502
5.496468
4.438549
1.600710
5.174588
0.920662
1.843822
-0.028122
1.424209
1.428556
2.676251
2.254073
-0.551964
2.690090
-1.396581
2.059342
-1.227171
-2.604374
1.878623
0.503643
-0.415180
-3.790041
-0.954024
-2.615179
-4.018788
-2.818314
-1.734769
-6.017222
-5.965830
-6.885531
-3.734250
-6.918572
-2.914749
-7.688599
-4.010054
-8.197720
-5.559138
-5.852722
-6.572688
-4.652702
-4.346749
-4.410975
-6.936434
-5.574387
-9.428126
-10.436101
-9.314270
-8.814168
-5.790754
-8.566851
-11.583501
-10.008202
-11.282030
-8.107489
-6.878821
-7.435840
-6.968063
-10.650590
-9.591857
-12.075348
-8.851595
-8.111798
-8.451996
-12.882271
-11.571465
-10.134213
-8.612107
-9.674194
-9.732863
-10.840922
-10.571182
-11.488565
-10.990926
-11.559262
-9.079213
-9.428059
-7.254659
-9.265641
-10.150817
-11.884150
-11.830948
-9.790099
-7.400088
-6.041334
-11.319178
-8.304415
-6.109603
-9.576101
-5.009196
-10.009156
-5.669756
-9.870464
-5.328702
-6.598764
-7.211682
-5.766660
-7.705219
-4.270023
-3.018641
-5.585115
-2.619352
-6.893310
-5.413764
-6.325839
-6.660583
-0.564290
-4.733115
-5.356600
-2.099931
0.417671
-3.257771
-0.849940
1.157723
1.529338
-0.512253
0.871972
-2.280872
