1.135695
0.879430
1.574444
2.861622
3.723979
4.689730
1.976236
4.252307
2.297122
1.869077
5.708656
2.074289
4.241713
5.205039
4.932898
5.866832
5.472703
3.037019
7.419691
6.233102
3.435748
7.411891
6.045883
7.086134
8.687589
6.429753
8.429846
6.911231
7.033979
5.905522
5.351785
8.299418
8.706495
10.080866
11.490058
6.079255
11.055488
6.650259
8.172063
8.627217
8.474013
12.458585
9.138279
9.889012
8.465014
12.046861
12.249313
8.467262
9.184532
9.963168
11.764631
12.862142
11.861597
9.789383
10.448731
8.608193
8.309769
6.725146
7.430318
8.836953
8.252229
10.784703
7.098476
11.520420
6.504653
10.967114
9.433491
8.612407
9.817639
7.676488
8.930490
10.178471
8.624922
7.274132
6.252278
5.934041
8.118494
7.486716
4.124709
8.234682
8.343797
3.105232
6.034231
4.820221
6.477025
6.785961
4.241614
5.785224
3.458093
1.383515
3.932673
0.970134
0.925334
0.388939
4.056160
2.935255
3.414149
1.399447
1.175271
-1.202438
2.523264
-2.902849
-3.251292
-3.323236
0.694818
-0.941519
-4.895885
-1.740455
-1.624487
-1.907607
-3.893868
-2.410115
-2.130289
-5.708664
-7.034023
-5.256377
-6.506058
-8.223980
-6.557493
-5.121145
-7.321383
-3.987326
-9.415783
-8.140327
-6.401260
-6.225389
-7.967263
-8.597104
-10.808911
-9.569178
-8.005358
-10.297508
-8.845819
-8.998020
-10.062756
-8.520527
-11.583841
-7.989992
-11.345169
-8.255794
-10.896348
-11.966866
-7.095131
-8.968042
-12.351269
-11.958431
-7.175682
-8.917167
-8.769647
-9.188055
-7.357243
-10.113051
-9.845154
-7.103634
-8.645821
-9.079934
-9.279102
-11.892887
-8.768180
-11.061806
-7.329194
-9.444590
-10.081869
-11.582600
-11.306204
-7.073128
-10.242151
-10.681123
-8.292155
-6.785417
-6.641233
-7.330391
-8.646059
-7.988876
-8.865516
-6.247506
-7.970738
-8.128938
-5.757972
-5.979056
-6.565070
-6.358709
-6.478483
-5.829551
-6.389206
-1.821967
-6.227266
-1.792576
-6.270699
-0.407276
-2.007082
-5.420775
-3.750792
-0.025861
-1.291225
-0.958801
-2.300110
-0.912040
0.837771
-2.282578
