0.977907
-0.243611
1.809672
-1.151047
1.973390
-0.093354
0.807575
3.070763
4.288812
2.246302
3.648679
6.418087
6.064160
2.230937
5.222581
3.470144
7.751521
2.676045
2.932174
5.917520
4.445269
3.752293
4.551633
9.611821
7.430313
8.280982
8.987548
4.970902
5.072030
8.342971
5.643197
9.570131
10.672090
9.631959
8.911620
7.369683
11.349920
6.929019
11.313678
8.107838
8.271034
11.334006
10.110844
9.285223
10.050831
7.326041
8.467108
10.211500
7.217468
9.321229
12.150139
10.447406
8.854795
9.271833
12.450745
11.844739
12.498066
11.221676
9.642414
8.518179
11.890969
11.407065
9.248646
8.260925
10.975852
6.028507
10.405974
8.873788
5.823193
7.958483
8.363200
7.217876
8.093942
4.508454
6.595010
8.700391
3.981181
5.003842
5.856083
8.429889
6.987594
5.484110
3.619601
3.914088
2.204177
5.577557
6.491719
6.176475
2.959639
2.106091
3.787714
0.024735
0.047984
3.386985
4.475359
3.264558
1.951584
-1.133192
1.578297
2.001892
0.136286
-1.980822
-2.876450
0.635748
-2.150805
-3.964840
-0.584797
-4.435604
-0.603278
-0.247612
-2.112811
-1.776337
-5.566895
-6.419281
-3.928911
-6.086832
-4.021646
-3.782929
-8.599579
-6.215744
-5.912363
-4.401488
-9.188838
-6.854507
-5.226044
-6.246812
-6.582392
-7.238447
-10.367419
-10.952530
-8.303781
-9.602611
-9.655916
-10.883683
-7.948281
-10.562583
-8.405937
-8.154647
-10.148484
-9.823202
-7.823291
-7.504490
-9.006109
-8.483258
-6.974910
-11.392366
-12.439441
-10.201020
-12.337319
-11.087654
-9.273883
-7.018945
-11.613735
-12.342054
-10.080661
-7.615993
-11.412921
-10.089718
-11.251467
-7.804032
-7.641719
-11.627119
-6.597855
-11.228510
-8.151776
-10.381213
-6.780019
-5.873087
-10.922055
-5.851478
-8.568088
-7.437237
-5.275732
-9.439399
-9.572828
-6.884446
-5.878540
-3.717351
-5.454516
-5.381659
-5.064916
-7.920019
-7.931263
-1.871388
-6.741951
-2.749890
-1.000093
-3.917384
-2.022210
-5.110578
-2.832268
-0.854684
0.233570
-3.073168
0.534913
0.565481
-2.595200
1.638680
-2.645174
2.964773
