0.323583
1.420871
0.197598
0.299699
-0.534350
2.153540
-0.102428
0.998006
4.348288
5.246833
2.533951
3.036060
3.005894
4.814132
6.357685
2.175457
6.922942
7.244839
8.505071
8.570163
6.810109
6.630426
6.271344
7.486068
9.289780
4.668144
10.266860
9.865759
10.726543
8.535174
6.842308
10.609622
9.796219
7.993039
9.713838
11.252566
8.203601
9.839507
6.585942
11.959349
9.487939
12.672404
7.741342
9.283849
11.755873
9.164775
7.354882
9.002154
8.925293
7.290273
10.510081
7.709155
7.048639
12.446591
9.467842
8.787959
8.822073
11.062456
7.992058
6.720890
9.974756
7.901081
10.971904
7.390696
6.486535
9.659545
11.347364
6.188644
9.680530
7.554411
9.761775
5.390201
8.622908
4.310876
9.804649
7.620568
5.310296
4.794331
7.610540
7.246756
4.989439
6.393667
4.238870
7.296542
2.582824
1.882876
4.977213
1.404417
4.230388
1.613872
2.215793
1.465801
1.093567
-0.185651
-0.582576
4.171907
3.228752
-0.581979
1.881197
2.582755
-1.163398
-0.314022
-0.818711
-1.683331
-0.505009
-4.638674
0.116738
-2.927125
-0.418936
-0.615862
-5.540734
-5.161412
-2.673293
-3.885835
-6.433235
-1.850935
-5.955673
-6.367064
-6.196421
-3.102667
-3.368264
-6.442685
-9.611675
-8.727353
-10.038069
-9.729218
-6.266175
-8.932988
-10.624858
-5.433804
-10.547815
-5.919315
-6.616012
-10.000942
-10.269467
-6.141993
-9.119184
-11.488006
-7.460835
-10.391914
-9.312449
-8.945255
-6.965284
-7.417558
-11.363010
-8.726705
-8.043281
-12.792629
-7.522645
-9.054377
-9.262371
-10.762371
-11.239061
-10.138821
-9.228920
-11.670740
-8.278716
-10.406229
-10.747367
-8.172649
-11.420566
-11.543258
-9.844243
-11.580643
-8.889086
-11.454324
-11.215301
-7.401809
-6.861156
-8.361262
-7.939131
-8.604244
-5.157856
-7.745464
-4.992404
-4.170328
-3.957380
-4.308032
-5.835209
-8.758633
-8.136921
-3.320608
-2.628892
-3.601385
-2.852971
-3.926190
-1.560361
-5.601740
-4.553106
-0.743370
-0.761534
-2.722674
-3.187035
0.573479
0.336701
-0.207854
0.049723
-0.454669
1.213625
0.737088
