-1.082251
-0.780339
0.293258
1.041008
2.384192
4.787315
-0.619373
4.394533
0.209549
5.567483
5.786928
5.973540
6.014787
2.880351
3.796317
6.929695
4.821476
4.876708
6.103602
6.173378
3.875304
8.575784
6.536423
4.436629
6.835185
9.106877
9.849148
8.403817
9.571316
5.938800
6.644747
10.018325
9.780565
10.973706
10.657759
6.875013
8.439606
8.359542
10.408515
8.153606
12.365045
12.656960
12.407283
10.717186
9.935621
11.380369
11.209014
7.972858
9.857236
10.408511
10.821670
10.810832
9.282598
12.158757
8.381801
12.559984
7.931446
7.986059
9.995652
10.068907
11.347783
6.505575
8.138095
10.461065
10.469633
6.735266
9.378264
8.308153
7.026101
5.337786
7.367517
7.944859
6.415680
8.924118
6.789873
8.399767
4.198316
4.237221
8.257234
2.953420
7.675611
4.460712
5.508890
7.751601
3.352223
3.067629
5.750225
1.490886
5.721859
4.500670
3.654215
3.085668
4.968848
-0.934928
1.494413
-0.708697
-1.143292
1.304610
-1.215198
-0.445067
-0.275851
-0.457299
1.683158
0.875514
-2.357653
0.554321
0.529767
0.291489
-3.015852
-4.607299
-4.601070
-4.409001
-4.180463
-2.556978
-2.638978
-6.863480
-7.303546
-3.520578
-6.752085
-5.089466
-4.982792
-6.108069
-7.726739
-7.971583
-7.714716
-9.686148
-5.635602
-6.037141
-5.512872
-8.519779
-8.376134
-10.556539
-10.758270
-10.469400
-11.017259
-9.303698
-11.401928
-8.028237
-7.498822
-7.457020
-11.318308
-8.682726
-11.118678
-7.994462
-11.122869
-11.025688
-8.400935
-10.887010
-9.464488
-11.119489
-9.807501
-11.367691
-11.714778
-12.092751
-9.382168
-10.189383
-7.150480
-11.096390
-7.516722
-7.362519
-11.458547
-12.211261
-11.713265
-9.074747
-11.243443
-5.926501
-8.401958
-7.037314
-7.067033
-5.190638
-7.429152
-9.697797
-7.842427
-4.677469
-8.032641
-9.269901
-4.806220
-8.915910
-4.391263
-4.498829
-6.501571
-3.551503
-5.205784
-6.970201
-2.074682
-3.989774
-5.774902
-6.500247
-0.494192
-0.482698
-2.979536
-3.530271
-1.805654
-0.584826
-0.748384
-0.889290
1.833941
1.618244
-1.586020
2.419527
