-0.770699
0.977441
1.052016
4.041865
1.401266
-0.631507
0.888195
0.505365
3.347059
0.903067
2.530841
3.780219
6.766765
2.617303
5.694467
4.197544
4.786140
5.209373
6.732173
4.708242
5.311890
6.209924
6.495550
9.693974
8.726614
5.256441
10.385589
5.805336
8.429702
8.346108
5.465007
5.605308
10.226962
7.077305
7.533810
7.611195
7.180642
6.304777
10.970918
12.421762
9.689944
10.097999
7.279758
8.699294
10.950703
10.085277
7.875534
9.760153
8.305175
9.539555
8.769037
7.707885
10.790394
11.125985
8.011248
10.686173
9.404003
7.322011
10.996892
7.537037
7.608470
10.723509
10.470215
7.085678
7.086343
10.845984
10.940758
6.975584
10.579127
6.635682
7.525547
10.110978
7.699651
8.868301
4.858149
9.452456
6.628728
7.852229
4.421483
3.929472
6.879769
7.873645
2.393973
6.264718
6.412759
2.593778
5.063491
1.504284
1.640416
0.906663
4.261599
-0.363389
3.216702
1.265315
1.146200
2.972724
3.412040
3.460023
0.570426
2.556816
-0.898458
-2.819510
-3.734417
-2.353063
-1.699659
-3.275661
-1.922096
-2.774588
-1.015221
-1.800324
-5.213670
-2.499088
-5.982066
-1.260884
-5.679044
-5.001061
-5.507608
-6.358542
-6.933040
-5.052824
-6.223297
-6.696543
-8.171215
-7.652409
-9.087282
-4.560775
-5.664237
-7.964614
-10.008457
-9.157884
-10.158986
-8.784574
-8.562725
-10.322518
-7.327739
-6.390095
-9.794569
-8.355747
-10.511948
-12.103152
-12.513106
-7.834147
-11.366555
-8.688869
-12.019649
-8.065866
-11.233148
-12.660966
-8.388367
-8.872362
-10.075954
-7.593718
-11.141974
-9.235375
-7.292421
-7.656920
-12.605171
-11.077991
-8.247799
-11.876976
-10.582124
-7.787850
-6.475744
-10.546729
-10.331682
-7.050736
-6.841873
-10.913203
-7.775799
-8.805346
-6.131028
-5.595947
-6.410202
-5.606374
-7.711413
-5.363609
-6.401156
-4.485766
-8.314469
-3.722299
-5.220002
-7.862264
-5.131361
-1.989291
-7.321105
-2.219053
-2.222109
-4.692713
-1.840492
-0.934988
-2.268622
-1.734455
-4.185693
-1.476550
-3.770973
0.956562
-2.274164
-2.573949
-0.786906
0.290803
