0.281467
-1.952254
0.298599
-0.194214
2.990142
-0.862425
1.910353
2.232379
5.783755
3.448415
2.684804
4.900892
4.265755
6.488405
3.020476
2.672492
7.109746
4.210705
5.278082
7.804522
4.641646
7.772905
8.998961
7.470434
7.392619
7.482662
10.365961
6.342645
8.713836
10.071029
7.790733
8.800580
8.748192
8.471887
7.128930
10.986417
9.799617
12.209759
11.206961
7.848145
9.685475
7.478794
10.019762
7.015312
6.921660
12.219422
9.233526
10.003110
7.020837
11.126785
10.995928
10.398904
9.791706
11.362545
12.476825
12.157454
8.694665
12.246803
9.284536
9.494861
11.682696
8.841173
6.855836
6.211394
10.817896
9.275568
5.720318
7.901605
10.982558
9.569293
8.108644
7.196238
7.953420
9.893921
6.076911
6.789437
4.031423
8.113525
5.644561
4.954412
2.988995
6.648955
3.705329
5.585370
7.144597
4.823416
4.189350
1.805419
3.976412
2.902199
-0.123007
2.482401
2.554624
0.167105
3.884333
3.883519
-1.738262
-1.916981
-0.103463
-1.373159
1.421100
-3.203117
1.551450
1.214307
-1.858711
0.990435
0.501646
-0.968933
-0.492816
-0.659987
-3.197681
-5.874739
-1.232922
-3.696429
-3.013048
-3.975400
-4.628177
-3.631415
-6.966790
-5.669776
-8.220914
-5.544940
-6.284057
-5.034570
-9.151939
-6.583175
-8.126015
-5.889453
-8.856841
-5.903778
-10.633003
-10.016236
-9.764691
-9.774995
-11.385620
-10.712476
-11.676203
-7.757007
-7.908993
-10.420112
-10.876922
-9.822479
-12.494647
-12.658595
-7.398857
-7.277221
-8.830892
-12.895072
-8.544548
-12.019963
-12.959824
-7.578459
-7.150889
-9.827698
-12.278566
-12.529324
-7.593168
-7.737373
-11.565980
-6.981134
-8.189669
-11.979241
-10.466183
-11.271957
-9.940898
-10.752951
-9.367850
-11.321204
-11.249475
-8.617365
-8.101633
-9.193818
-10.220787
-5.627232
-6.808679
-6.751004
-4.179955
-8.633410
-4.311200
-7.532378
-3.394824
-7.325827
-4.274381
-6.746340
-2.118953
-6.588876
-2.237111
-4.232242
-2.684971
-0.202345
-2.893869
-1.169735
0.410040
-2.683532
-0.077209
-3.783123
0.638901
-0.580491
-2.426940
-1.306386
