-1.214927
2.244252
1.316369
3.290171
1.494705
0.696787
2.372058
0.264181
1.569257
4.002100
0.862831
5.154129
5.778556
2.849844
5.552880
4.139702
8.051792
7.836994
6.241114
3.103118
6.730253
6.512441
5.579766
5.008476
9.335307
10.064524
7.621785
5.187442
6.779694
6.200961
10.834389
8.016140
8.166242
5.774361
9.635678
10.504543
11.872051
10.761973
7.459544
11.448257
12.168040
10.284134
12.537421
11.011769
11.407510
10.463679
9.374054
10.082603
10.672455
10.828777
10.792754
11.746376
12.612548
11.707924
12.129123
7.822213
11.124529
8.903763
9.966271
9.056923
11.475984
9.424377
8.038149
10.735478
6.332445
8.282725
8.356167
9.829977
8.382089
9.934213
9.427008
7.069772
5.889903
9.035572
7.264368
8.996005
7.762489
7.578424
8.614921
3.681095
2.754256
4.609054
6.182558
2.583873
1.752266
4.150293
5.751174
2.266507
4.092343
1.888940
4.280011
5.089188
-0.816437
4.839584
4.021072
0.710840
-1.947899
-1.871210
1.964866
-1.203732
0.491115
-2.961236
-1.938310
-0.527928
-1.019348
-3.921454
-1.391474
-4.115306
-1.798655
-2.154503
-1.478785
-3.381724
-4.530152
-6.269780
-2.245135
-5.468433
-6.529947
-3.614479
-4.221475
-5.131079
-3.459674
-6.878481
-4.128526
-8.341754
-10.011543
-9.788159
-5.892481
-6.230450
-8.231088
-6.772330
-10.036056
-5.936253
-5.897592
-7.828127
-7.275294
-8.477682
-9.906417
-10.111541
-9.500113
-7.707010
-9.872034
-7.938177
-7.433201
-7.051981
-9.937988
-9.370957
-10.236090
-10.963020
-12.282799
-9.872464
-9.161545
-11.809819
-7.049220
-8.540781
-11.102249
-8.451449
-7.859430
-10.527404
-9.804711
-7.494983
-7.106772
-8.289891
-11.346594
-8.754472
-7.715023
-7.671957
-7.711474
-9.521740
-6.107887
-6.052353
-6.491538
-6.429194
-5.622554
-6.562098
-7.415824
-8.452767
-4.214012
-7.354339
-4.484779
-6.066417
-5.940146
-7.096488
-5.294461
-1.906218
-5.431910
-5.153906
-1.206875
-2.544778
-6.232952
-0.389483
-5.318030
-3.027715
-3.731070
-3.917669
-0.677619
0.395740
-0.709742
0.664820
-3.292375
-0.479916
