0.411717
2.721489
1.075711
1.523162
-0.305111
-0.464832
-0.238141
0.858531
5.577875
0.913501
1.578643
5.683084
1.191978
7.045102
4.389194
5.095739
3.845732
3.524948
5.492175
4.185962
5.012642
4.829141
8.158453
5.318636
6.270282
6.957822
8.520338
8.312781
9.149451
8.561060
5.311419
6.422964
6.053428
11.126020
6.319998
8.261882
8.244454
8.216636
10.824513
8.050186
9.911143
11.090593
11.769414
11.817562
10.835092
8.161535
12.938532
12.873155
9.204458
12.606011
7.398427
10.846011
7.328527
11.903984
11.129308
7.894828
7.228355
10.924440
7.956816
6.703258
9.286520
9.549256
6.603929
6.112330
9.531096
7.461593
7.886396
5.594834
7.864034
5.152771
10.552396
6.944931
5.102753
4.801719
6.746743
5.083393
9.553903
4.155627
3.527048
8.573339
7.756684
4.878786
5.016365
5.072260
5.336143
6.846372
4.190747
3.530136
2.412057
5.569662
5.428339
3.116605
0.799095
4.320515
4.475915
1.345561
3.681262
2.578851
0.554662
-1.391391
1.794064
1.801937
-1.097152
0.767475
-2.887462
-4.503476
-0.121288
-0.472021
-4.106204
-3.239714
-2.543171
-2.380028
-6.110451
-5.222516
-3.174270
-4.348533
-4.208207
-3.920946
-4.695002
-6.087662
-4.932725
-7.248330
-7.892938
-6.588891
-8.623321
-6.977196
-7.095227
-7.100852
-9.030435
-10.288402
-11.080883
-10.870785
-6.474423
-8.869857
-6.752311
-11.429452
-8.774218
-6.730077
-9.362040
-11.362551
-8.939095
-7.011025
-9.198527
-7.310576
-12.038246
-10.389568
-8.902118
-9.285720
-9.712417
-7.187347
-8.984258
-8.297571
-7.697848
-8.934338
-12.071317
-10.924664
-9.692887
-8.330552
-8.790902
-10.777258
-7.896637
-12.052210
-8.327250
-9.720962
-11.602093
-11.124793
-6.852739
-7.537152
-7.031532
-8.011523
-7.331536
-4.793607
-10.297216
-8.700880
-9.854639
-9.606289
-8.562604
-4.735052
-7.586570
-3.409070
-7.521552
-7.670134
-2.572866
-3.808329
-2.433856
-1.405272
-4.195410
-5.390644
-5.003786
-2.468228
-2.632208
-5.278253
-0.360136
-3.369240
-3.044012
-2.103793
-0.854056
-0.528879
-1.472169
-1.452431
