2.232128
-0.466477
-2.054048
3.547329
2.382141
4.819267
2.131466
5.227044
1.660630
2.994602
5.638713
1.203912
1.283922
4.864443
5.534120
3.360244
2.122769
2.602005
8.570595
3.947391
6.896002
8.752108
7.265046
5.556380
8.317701
5.219462
5.794064
8.251992
10.376241
9.747411
8.664388
11.437599
10.046545
8.904698
10.641820
8.533888
10.483198
8.874226
8.489070
10.727324
10.925812
12.352880
8.850821
8.860809
12.287495
8.400554
9.313975
10.082477
8.579786
12.405724
12.495506
11.220836
12.935766
9.372615
11.348071
8.254252
10.432111
10.321092
9.587381
8.930696
11.552743
8.809518
8.284114
9.495760
11.554040
9.174689
7.272806
9.434438
10.992748
8.296213
9.229794
6.273342
6.930277
5.266011
5.026201
5.254399
9.359514
4.264403
7.509480
5.915627
4.411109
4.430875
2.701590
6.594717
5.869239
3.897314
2.664356
2.311463
3.218461
1.983648
2.067855
4.238142
4.235715
0.112350
2.231570
-0.667344
3.785435
3.084489
-1.819547
1.619231
-1.905910
-1.715495
-0.804979
0.347490
-2.679727
-3.186596
0.015698
-4.079125
-2.273529
-4.265654
-1.985793
-2.787205
-6.956204
-4.370130
-6.620765
-6.053420
-7.432749
-3.565819
-4.041251
-5.240137
-4.468690
-9.130899
-4.741280
-5.323450
-4.738442
-9.199268
-6.188620
-8.560295
-10.730458
-8.874390
-10.154373
-8.276636
-9.046731
-8.007348
-7.347559
-10.606855
-11.168227
-11.107434
-8.535261
-6.808082
-12.110365
-6.886104
-8.200601
-9.102226
-7.063440
-9.049908
-8.234787
-11.047391
-10.603377
-8.965449
-8.215043
-9.721717
-12.331194
-11.906722
-10.834549
-10.838062
-9.778342
-9.851725
-7.926742
-10.230584
-10.049405
-7.829850
-9.310419
-8.694047
-8.963026
-8.052036
-8.874505
-5.976197
-6.808034
-8.814261
-6.517367
-9.145409
-6.941336
-8.674251
-5.876945
-6.071221
-9.050061
-4.551931
-6.831721
-4.439840
-6.708787
-6.537302
-2.906209
-3.991116
-6.039595
-5.820477
-4.671487
-3.359975
-3.374574
-5.187968
-2.680356
-2.650192
-1.784850
-3.162446
-2.505940
-3.448797
-2.134913
1.707387
-0.222469
2.782488
