-1.398595
-2.044626
2.959875
1.029334
-1.167704
1.179720
0.593315
0.741171
1.391427
0.790549
4.966614
1.175128
4.510932
3.612454
6.994222
3.966074
2.236417
6.698579
7.921354
5.109870
8.600339
4.823640
6.030738
6.447061
9.530517
7.807359
6.235746
5.874997
6.458168
10.178865
6.856611
9.189581
9.944453
11.451264
9.175700
10.454156
6.402282
11.538770
8.050510
11.120463
9.890932
7.868293
9.195674
7.149822
12.867208
10.431872
8.843116
12.110143
10.071080
9.740191
11.235991
10.001842
12.263664
7.069945
10.087340
8.777204
11.994440
11.022668
7.679031
8.284635
6.654299
11.315681
9.736580
8.152347
8.913991
6.799616
8.382585
10.776055
5.513028
6.334220
10.621200
6.966301
6.497485
5.272731
4.962754
6.922522
9.326386
4.733791
7.262316
6.301867
5.219611
6.742873
5.794773
2.593879
2.967969
2.273496
6.570684
1.618197
5.793430
2.791759
4.793927
1.930723
1.156110
4.855105
3.741884
-1.526360
0.671342
3.625875
2.504099
-1.664092
-2.986801
-2.326101
-0.112590
0.982372
-3.259606
-4.085143
-0.283724
-2.256517
-5.328642
-3.804261
-0.736626
-2.039993
-1.118153
-1.880742
-6.066232
-4.536349
-2.503149
-5.776139
-7.248842
-5.173068
-4.174453
-5.773094
-4.847214
-6.692419
-8.115377
-7.381751
-5.041662
-8.046881
-7.634528
-6.592772
-7.896605
-7.419553
-7.449181
-6.063893
-7.618803
-10.699739
-7.068939
-7.581423
-8.589962
-8.909294
-9.115260
-6.756004
-12.112642
-8.435032
-11.408920
-9.051068
-10.231908
-10.722769
-12.240787
-7.845218
-9.951883
-9.365500
-7.846090
-8.155732
-12.268437
-7.821395
-11.225034
-8.556405
-8.653431
-9.737201
-9.212569
-7.132595
-6.484239
-9.177631
-11.062146
-8.653180
-11.430480
-10.572706
-7.155805
-9.463162
-8.856841
-5.964511
-4.633145
-4.335038
-6.764700
-7.660222
-5.052432
-4.988023
-3.516473
-5.994012
-4.673650
-7.898172
-7.197555
-6.586252
-2.985477
-6.758015
-4.026832
-5.084726
-2.082810
-3.330512
-2.855582
-1.852494
-3.790701
0.595423
-1.684295
1.346013
-0.201949
0.125640
0.280163
-2.005932
