2.350368
1.395371
1.101111
0.884887
2.523936
3.412887
-0.609332
1.832014
3.562597
5.128454
2.688757
5.729054
5.044952
4.016517
1.763007
2.769116
2.287431
6.862941
4.867445
7.702597
4.339065
4.389474
6.147769
5.055796
8.516093
5.780731
7.702881
6.523875
8.326982
6.239132
6.272170
10.271111
10.280545
8.728779
10.000494
6.945775
8.279716
11.494810
10.034961
7.587121
9.056037
10.864543
12.468692
8.506368
7.061850
12.126231
10.300853
12.585885
11.660436
9.744433
10.637677
7.988441
9.424729
10.539894
12.539797
11.038224
10.639992
7.414291
9.395404
8.887418
7.422563
9.170729
12.048852
6.877728
6.527997
10.639888
7.857184
5.876580
8.794308
9.374069
6.427846
9.045344
6.349336
5.753544
7.057876
9.090046
4.418546
4.918978
4.536949
7.630446
3.955435
7.220303
6.348213
2.480791
3.990848
6.116771
6.288173
5.101028
2.038040
6.035906
0.400736
1.905934
4.911641
2.485360
2.503419
-0.981073
0.072423
0.722242
-0.055329
0.013827
-2.747040
0.750685
-3.399366
-2.313623
1.343302
-0.054821
-4.655927
-1.488467
-0.027709
-4.250292
-1.081300
-3.942875
-2.724368
-5.022317
-4.182831
-2.787584
-6.569224
-8.218800
-6.202909
-5.977407
-4.524654
-8.262792
-5.562528
-7.461458
-6.342240
-7.936939
-8.916971
-5.038597
-6.196085
-7.384049
-5.872814
-7.433157
-10.145022
-11.503518
-10.337242
-9.185239
-7.013641
-7.148810
-9.531964
-11.443262
-10.513643
-7.846793
-10.345577
-10.485321
-10.877292
-8.722683
-8.477748
-8.692138
-8.031856
-12.213111
-10.811122
-7.149329
-7.626501
-8.188704
-11.299245
-8.931203
-10.542973
-8.382617
-11.560876
-11.475405
-11.498383
-11.194376
-6.626817
-9.970757
-8.739178
-8.530748
-8.781148
-6.370918
-5.797596
-11.027363
-9.444137
-10.485829
-5.822096
-10.118148
-6.691004
-8.239588
-8.214153
-7.524215
-4.506472
-4.551195
-7.177188
-3.580203
-3.910052
-1.970918
-6.408064
-3.086598
-2.533369
-5.545793
-4.620846
-2.764790
-4.901378
-5.105819
-4.060765
-3.774779
-2.431732
-1.266346
-1.279502
-1.435015
1.726694
-2.222466
