0.183542
1.755391
1.468123
0.330005
0.747521
1.388828
0.170267
0.869597
1.028893
5.818139
4.121472
5.106500
6.349669
1.666515
2.411692
5.698331
6.565091
7.338949
5.165970
7.021962
4.298194
5.305556
4.024319
4.946737
5.947182
9.328023
6.808507
7.945082
6.821839
9.622970
5.286193
6.243186
8.233193
7.107989
11.751997
6.893821
10.378353
10.645532
6.564104
10.432048
8.561843
8.217502
7.638619
8.144820
8.443756
8.997230
12.243699
12.365189
10.999918
12.821133
10.758324
11.426010
11.393556
9.143152
8.472543
7.720701
12.235481
8.851311
10.388846
12.206922
9.551804
9.353427
10.217322
7.213611
8.143912
6.134598
9.017265
7.446484
6.548367
5.759381
5.227177
7.897284
6.904567
7.284486
9.697583
4.493785
6.993666
7.090167
8.922769
6.580340
6.866153
3.437296
3.149614
2.760061
7.454378
6.087375
3.433484
1.503438
3.657892
1.197909
1.650316
0.723718
-0.748637
1.990589
0.157381
4.234624
3.180492
-1.721292
0.280606
1.280413
-0.107436
-1.379815
-1.002189
0.597495
0.105210
-2.543563
-1.715686
-5.021804
-3.964106
-6.050099
-2.899815
-3.651673
-5.221545
-3.821062
-1.886647
-5.164398
-7.900565
-5.300541
-5.026405
-7.358816
-4.696393
-3.605525
-4.699240
-4.562533
-5.071757
-5.842690
-9.520274
-7.330148
-7.394246
-10.845999
-10.638012
-6.818643
-6.945728
-11.738532
-9.053175
-8.323990
-11.848747
-8.103909
-9.410962
-7.328042
-8.524872
-11.184280
-11.080182
-10.823132
-8.298204
-10.263349
-12.924400
-8.143933
-7.259909
-7.560507
-12.006677
-8.746916
-11.956146
-11.929564
-9.808695
-11.454099
-7.598143
-12.306219
-7.975438
-9.982933
-7.101645
-6.433913
-8.317270
-9.579067
-8.503320
-8.141173
-11.558534
-8.222561
-8.757254
-5.334605
-8.298714
-7.504076
-6.660753
-7.723024
-7.354846
-9.357663
-4.903515
-8.969249
-8.979467
-5.704346
-6.732984
-3.402793
-6.028643
-2.546819
-4.913139
-6.504986
-6.371113
-6.480101
-2.722226
-4.581518
-3.706695
-4.151011
-3.709985
-2.157588
-3.061361
-2.090129
-0.379516
1.853233
2.214873
1.415233
