-2.231745
0.999116
0.541007
2.001057
0.367566
2.309605
-0.674986
3.810705
4.542652
2.805240
0.489198
1.817813
3.970703
3.644331
6.578204
3.134737
8.065379
3.663854
3.591222
8.011922
4.908760
6.697910
8.507718
6.800285
6.036706
9.143391
6.742498
5.531550
10.243375
7.538377
7.998530
6.363847
6.550099
11.136427
10.934524
6.464694
8.557927
9.082079
10.274786
10.663998
8.016355
8.547099
8.361246
8.569400
8.805461
11.100006
11.586657
11.939789
12.223217
8.094087
10.511066
7.908711
11.754467
10.444679
7.160469
7.576012
7.673836
12.634250
8.328837
6.619160
11.140094
8.099049
9.740703
6.809571
9.207740
11.176481
9.151878
5.895645
8.915673
8.082134
7.599389
5.942328
8.344327
4.459115
5.347592
3.873509
3.938300
4.810507
4.663032
7.536620
8.252668
3.465011
3.852722
2.007739
6.227410
5.663483
6.336654
3.866241
5.663345
3.065109
3.707759
2.171071
-0.571342
2.694135
-0.845657
3.212139
-0.689372
-1.993984
-0.528821
-1.184557
-1.789838
-0.299184
1.178106
-3.686775
-2.564106
-1.872349
-5.085504
0.164704
-5.393583
-5.706610
-0.651937
-1.168656
-6.285255
-4.562195
-5.126650
-6.643107
-7.974887
-7.976298
-7.441970
-6.321274
-4.035301
-6.450608
-8.491784
-6.516712
-4.386264
-8.926347
-9.817667
-6.101009
-6.222001
-6.315357
-5.762529
-7.737932
-11.581019
-7.405958
-11.249184
-9.559158
-10.695929
-10.682119
-10.023485
-11.148932
-8.082993
-7.561761
-7.324564
-8.197630
-7.949332
-7.620746
-12.530682
-10.140881
-8.860251
-12.846406
-11.094942
-7.446345
-11.816662
-11.932534
-8.962826
-6.900779
-8.853340
-10.575815
-8.502307
-12.021569
-7.303392
-6.543772
-9.132910
-6.266789
-6.383781
-11.252489
-11.186398
-7.862203
-8.847602
-10.167645
-7.198097
-9.520651
-7.930522
-4.788919
-9.193424
-4.220602
-5.057013
-3.816570
-6.819089
-3.499922
-6.517751
-5.057158
-2.619731
-6.862207
-2.067733
-3.771749
-3.904755
-2.679515
-2.355762
-3.920113
-4.528325
-4.936759
-0.225292
-3.917206
0.526954
-2.910120
-0.607932
0.623907
-2.227464
-1.905616
