0.106746
0.237983
0.411787
1.882630
3.955819
2.405584
-0.212665
1.012363
0.791597
6.009574
2.730127
5.630520
5.007454
2.349694
6.732664
2.197070
4.036181
3.344454
6.367244
6.331537
7.046047
6.741844
5.351758
3.947889
8.458796
8.309967
8.281494
8.576921
10.351205
10.545749
5.998819
9.911512
7.739968
10.080371
7.074334
10.996566
8.234827
11.454272
9.476764
9.686714
10.004818
8.825034
12.123503
10.585016
10.091262
9.047992
10.560766
12.550631
7.881063
9.533915
10.465064
12.540964
6.961969
8.678863
9.465062
10.202206
12.194823
8.568873
8.652142
8.152550
10.474346
8.732048
10.373314
10.567786
8.735208
11.131541
10.766891
5.740420
8.211416
7.162365
9.725220
10.588814
5.245560
4.360678
9.091271
9.350289
5.382061
8.795528
7.663487
4.398848
3.834622
6.763814
4.195582
7.412486
6.873811
4.851472
5.453385
2.302014
2.533999
3.186908
0.068779
4.464533
4.911824
1.081930
2.241980
3.230128
-0.709698
-1.320096
-0.230416
0.886174
1.668791
-3.363809
1.452767
-0.187331
0.770342
0.817168
-4.445167
-2.988752
-0.763354
-5.040429
-5.386770
-4.044580
-5.869864
-1.741807
-5.519563
-6.937617
-7.445776
-6.043216
-8.103110
-7.908518
-6.395327
-9.020562
-4.914673
-6.525757
-7.276418
-9.510986
-5.469845
-10.035831
-7.756825
-10.062688
-10.961324
-8.184312
-8.916494
-8.205108
-10.255822
-8.615439
-7.312569
-6.946908
-6.479659
-11.771120
-8.728620
-9.890660
-8.046988
-7.135234
-12.718163
-12.590341
-11.323492
-12.861682
-10.574226
-8.288134
-10.476778
-11.653755
-8.220611
-11.553058
-8.904721
-12.695502
-8.244894
-7.710657
-7.405141
-11.854929
-10.980213
-7.413123
-9.579842
-9.111378
-7.576939
-6.456529
-8.353167
-6.471597
-9.522002
-6.106408
-8.045748
-8.496156
-7.224666
-5.280252
-8.377789
-6.247017
-5.705460
-5.045381
-3.558658
-7.272422
-5.934273
-6.186407
-6.769255
-2.051330
-4.533234
-2.268817
-6.140052
-4.956657
-4.300439
-5.036010
-2.845643
-4.745870
0.437375
-3.924432
-3.390496
0.281756
1.322829
-3.291866
-2.268907
-0.316302
