1.488878
-0.595965
-0.908198
0.192320
4.164526
2.879525
3.689832
5.323674
2.357371
1.905971
5.515115
3.063634
5.377698
5.104342
6.731324
4.161751
8.052415
4.247117
2.863025
4.952818
8.109880
8.305716
5.579345
9.345460
7.846554
4.720637
8.573356
6.861465
5.822542
5.387922
10.154619
10.767887
5.679584
7.261666
6.230635
8.159071
8.420259
10.498750
9.057586
11.784960
7.823536
7.322150
8.170823
10.485794
10.451746
10.131274
10.867688
11.532338
8.830298
8.765139
10.106082
11.301951
12.423981
8.863994
8.227075
7.519603
8.704157
6.929643
8.581563
7.162562
9.918928
11.614260
11.568924
9.260775
10.441066
8.263400
5.752187
6.644305
6.630384
8.439176
5.364381
7.224116
7.966958
9.335839
8.117169
8.712370
4.068240
6.800557
3.764505
7.170790
4.526522
6.489784
7.349761
1.836779
4.116529
3.291406
5.685775
5.307968
4.338075
2.433974
1.217597
0.222685
0.437993
2.607164
2.118542
4.052633
1.030126
3.274563
-1.300182
0.354708
-2.810094
1.319173
-2.888464
-0.872179
0.316645
0.820334
-1.283950
-4.295089
-5.294993
-3.890478
-0.481168
-4.999956
-5.606431
-6.442287
-2.129746
-5.232247
-4.723812
-8.271911
-5.756150
-3.873597
-8.781917
-7.451473
-7.298237
-5.484765
-4.267544
-4.468264
-6.742139
-5.595591
-9.168898
-8.825709
-9.888793
-5.540138
-11.563745
-7.602401
-9.634682
-7.764904
-11.411374
-11.832397
-8.999463
-7.139052
-8.937255
-7.849095
-12.555093
-9.111666
-10.708621
-12.078344
-12.185364
-12.764187
-10.583870
-7.160687
-7.654423
-9.380457
-10.572137
-12.808645
-8.243525
-8.654717
-12.518307
-8.280815
-7.734885
-12.121896
-9.489160
-6.336418
-9.839371
-7.837942
-10.621359
-8.766376
-11.273637
-11.230349
-8.334977
-9.321109
-10.512643
-6.504082
-8.607397
-5.592060
-8.986621
-9.699294
-4.954496
-6.896711
-6.245337
-7.396932
-6.383979
-3.315167
-2.807834
-6.364968
-3.358965
-5.647095
-4.326724
-6.103742
-4.592767
-0.306002
-3.289779
0.046183
-1.422219
-0.659627
-1.237045
-1.963103
-1.218458
1.815932
0.759628
-2.296213
