3.205257
-0.195302
-0.370575
2.787783
1.476847
4.014035
0.892237
0.420332
-0.140380
3.695901
4.475569
6.629645
5.805750
3.014442
3.746905
3.728049
3.178418
4.311117
3.818942
6.042739
3.187640
4.249391
7.060921
4.078705
7.393654
9.459426
8.653608
10.610683
7.047255
7.731994
9.896962
8.015393
7.109405
6.870342
8.732039
7.170681
11.867895
9.648394
9.220401
7.686827
11.032363
10.703741
9.917899
11.368955
8.341654
12.443679
8.733389
12.274248
11.987583
10.062484
8.956357
9.710097
12.228868
8.844498
7.978786
10.919637
11.938680
9.897123
6.923910
6.555833
7.807444
7.558549
7.754468
6.711916
7.346035
8.140009
10.279652
8.752068
8.095634
5.953257
6.692461
5.089764
9.232871
6.226387
6.903056
8.008877
4.696061
4.004713
7.418507
3.805012
5.723724
5.505621
4.574466
2.568715
4.808493
1.848259
6.700721
6.069270
1.712757
0.621388
3.911850
3.356196
2.450332
0.465509
-1.420578
1.735817
1.736367
1.086284
0.699672
0.861765
-0.338516
-3.093099
-0.781433
-2.615367
1.139485
-4.443367
-4.027924
-0.754132
-5.223393
-4.057400
-2.607171
-5.597119
-2.720963
-4.401914
-2.726906
-7.197590
-4.261346
-7.980498
-3.838470
-6.785748
-4.874466
-8.313318
-4.130470
-7.612017
-4.654695
-8.709667
-9.155345
-8.169083
-7.323580
-9.945262
-10.845487
-7.492900
-6.983525
-7.900634
-8.125791
-9.198155
-7.504131
-11.948965
-12.202948
-12.296491
-11.838315
-9.385797
-8.403734
-12.152175
-7.489756
-7.056353
-8.537031
-12.333051
-9.003943
-8.038724
-8.387206
-7.389127
-7.224331
-11.653131
-8.740740
-7.269519
-11.682658
-10.153068
-7.909668
-8.805054
-7.333022
-6.860586
-10.196763
-8.552421
-11.415863
-7.302819
-6.602564
-6.176389
-5.690656
-9.314772
-10.199777
-9.206537
-5.908510
-7.225409
-5.882572
-8.185130
-9.210937
-3.766070
-8.196640
-4.802548
-5.407945
-2.580997
-5.756177
-2.741383
-6.959378
-5.407112
-5.377121
-4.890413
-5.089967
-2.865658
-1.952735
0.326195
-4.246573
0.717169
1.074461
1.731480
-1.007467
-0.605656
1.988473
1.164516
