2.870543
2.884038
-0.779567
3.361397
3.141338
-0.189986
1.412720
1.187649
0.655694
1.249575
5.035143
0.872432
3.776919
5.568175
2.032644
3.617590
4.507009
7.079788
6.891018
6.100986
8.231069
8.347300
6.531820
9.789699
9.002691
6.534362
7.174715
10.568385
7.323417
10.349292
8.963402
5.824615
8.373280
8.283414
9.256896
10.716403
11.800168
6.712909
8.901278
7.627731
10.895206
7.672708
7.483641
7.552380
11.853494
8.618729
10.073504
11.043692
9.607500
12.989722
9.118519
11.572119
7.389564
10.277227
9.062174
10.463079
11.469928
10.463341
7.806576
11.059448
9.090591
6.825481
7.719056
7.819003
7.881909
6.763903
6.833873
5.688373
5.836931
9.506910
6.352784
7.455447
6.895771
7.901132
5.562777
4.608875
4.254917
3.535952
8.256763
7.634798
5.609998
2.518755
7.761092
6.684711
2.455719
1.366478
6.440316
1.881197
2.204096
4.424400
0.487400
2.749515
4.020212
-0.986913
2.296723
3.974688
2.725224
1.291529
-1.506837
2.870600
1.018381
-1.112849
-0.191451
0.450185
-2.803339
-2.740638
0.776202
-3.188573
-0.306683
-4.305199
-1.404640
-3.076067
-6.333929
-5.969560
-6.414903
-5.855411
-4.669332
-5.981070
-2.773244
-4.883151
-6.028297
-9.097843
-5.968606
-6.588515
-6.479159
-4.810156
-7.265862
-8.330993
-8.104956
-6.502838
-5.606500
-5.895632
-5.815757
-7.502283
-8.403175
-8.394152
-7.270884
-8.383916
-11.802280
-10.050709
-10.061153
-7.494395
-12.046866
-11.809335
-8.578162
-9.988481
-8.228354
-12.895740
-11.461475
-9.792579
-12.642564
-10.353457
-8.798315
-10.433897
-10.175450
-10.934684
-9.051316
-8.803044
-6.646709
-10.050781
-11.729370
-10.743336
-8.006451
-10.683015
-7.981179
-10.941334
-7.267614
-8.901923
-10.729969
-8.092765
-5.965576
-7.670036
-6.406999
-10.158819
-8.856917
-5.115113
-8.468185
-3.667078
-6.936245
-4.201050
-6.790327
-5.316667
-4.818047
-2.936605
-1.978031
-6.258148
-1.501993
-5.905874
-1.063863
-5.054813
-1.140579
-0.538772
-3.687989
-3.210001
-0.250267
-1.803509
0.918311
2.007876
-0.206651
-1.075103
