-1.951023
-0.256410
0.910343
2.101404
3.201034
4.830419
0.362098
4.053938
0.750947
3.023517
2.504235
4.667669
1.203256
6.956814
4.272866
7.698358
6.278116
6.211924
6.157551
5.879804
7.739654
4.338986
3.802360
5.898605
9.036333
6.641981
5.509440
4.733393
7.008123
8.028101
7.901817
9.470167
10.166462
9.990278
8.489010
7.957159
10.278043
9.936005
10.998168
9.509943
10.810530
7.384944
8.518171
8.459858
8.132316
9.024429
12.110104
8.864490
9.867229
11.523782
11.128818
9.761540
7.883084
11.738606
10.762727
12.622825
8.923538
7.275405
9.741269
11.138648
8.270005
10.679592
7.444186
8.916323
10.221814
9.643600
5.630032
7.321826
10.112981
7.863887
5.669224
5.488176
10.431062
8.867483
7.782791
4.158411
8.374470
4.517713
7.466245
3.143152
6.452515
2.812734
2.179302
6.351576
2.835841
5.879198
1.914910
6.605469
2.280958
5.820818
1.026662
5.284851
4.724772
1.656133
4.204904
2.324056
3.238099
-2.189003
2.194984
0.381699
-3.279493
-1.710067
0.999054
-1.250099
-2.138300
-3.736169
-1.612141
-0.241042
-0.518510
-2.793593
-5.082105
-2.394605
-5.656510
-4.121467
-3.091974
-2.699676
-3.985779
-5.677904
-7.382744
-7.587196
-5.464749
-3.775557
-6.476044
-4.428451
-5.884608
-9.742872
-4.704791
-7.150173
-6.569401
-6.202607
-6.842735
-9.359155
-6.543902
-5.919310
-8.133702
-10.593672
-7.623575
-6.958369
-11.167031
-7.005132
-11.984531
-7.669155
-8.861698
-9.190858
-9.656065
-9.836926
-7.583550
-7.043060
-7.346072
-9.344899
-10.233361
-12.555100
-8.923375
-8.781842
-8.997558
-9.094782
-10.596542
-6.724413
-9.298029
-10.794074
-9.229028
-8.323733
-9.418350
-9.450887
-10.375059
-9.798821
-9.427228
-8.633324
-7.411192
-7.365182
-10.158323
-7.886107
-6.724511
-8.265952
-8.829577
-5.649443
-5.187856
-4.090141
-6.431214
-4.305162
-8.490566
-7.444128
-2.570990
-6.241221
-1.734433
-4.551751
-1.326709
-5.842002
-5.772109
-5.738418
-1.535980
0.254814
-0.667346
0.562386
-2.148888
-3.940039
-0.075009
1.540942
2.503165
0.479594
