0.998102
3.606954
1.709896
-0.773811
1.860511
3.631122
2.731560
5.091740
-0.148829
1.046239
1.424967
6.379289
1.089444
6.078237
5.239884
4.653991
3.387937
5.270428
5.067241
7.749740
5.618772
4.534127
5.827145
6.935178
9.248430
7.389937
8.370600
5.624463
8.343943
5.219655
8.176719
8.113506
8.202211
9.577072
8.368459
8.015597
9.907665
6.693100
10.033595
9.121585
9.952464
8.993285
10.425662
11.057389
11.460832
7.014744
11.155898
8.801132
12.639880
9.067235
10.184989
9.600267
12.803286
7.342865
11.867376
8.810341
10.024551
8.984690
8.809577
6.871240
11.094693
8.676208
6.195134
8.636383
8.295096
8.195260
5.774534
6.700972
7.138298
7.571249
10.085087
8.751282
8.033582
8.858715
6.948620
8.906625
4.489759
5.537456
6.646577
5.892597
4.741548
5.613278
6.320544
6.997597
4.384904
5.762784
1.392047
1.330978
1.428905
5.711989
1.276945
4.145605
1.567927
-0.591547
2.410524
1.550244
2.041779
2.632746
-1.450600
2.918484
1.496043
1.225564
-2.629553
-1.545893
-2.858679
-1.311886
-0.326362
-2.054992
-1.642154
-3.487203
-5.438274
-1.789090
-5.664953
-3.924141
-5.151354
-6.607013
-4.730193
-5.123603
-7.003741
-5.913349
-7.370739
-9.252073
-7.187864
-9.076320
-9.605484
-9.157584
-9.020669
-9.211447
-7.752964
-9.405586
-11.090181
-10.948636
-7.515916
-9.077048
-11.743874
-11.083949
-10.248875
-11.567913
-7.074971
-11.768642
-7.225193
-7.293055
-8.459877
-10.614256
-8.440523
-9.948023
-10.194492
-7.310127
-9.451497
-12.306115
-9.305597
-9.599803
-10.789447
-9.608133
-11.339562
-8.118933
-9.124107
-10.969416
-11.273881
-9.911449
-9.226898
-12.009968
-6.608268
-11.050323
-8.800453
-11.568484
-8.637880
-8.239303
-10.591099
-5.866774
-10.137100
-8.992348
-10.001322
-6.735632
-9.553891
-7.202452
-5.410941
-8.973657
-9.043148
-6.364657
-5.907363
-8.189795
-7.429846
-3.471277
-6.146691
-3.823020
-3.938642
-1.107329
-5.948195
-3.185984
-0.010038
0.485521
-5.003889
-3.300319
0.967558
-0.179469
-0.873670
-2.018686
-2.065842
1.545808
