-1.757519
1.828482
1.634684
-0.947485
-0.341049
3.225010
-0.698503
4.616568
1.260275
5.129528
0.765384
5.203757
5.059522
5.256227
6.819487
4.469371
4.200173
7.638738
3.409190
6.637818
4.354327
7.673576
8.761466
4.992891
5.176665
8.856591
9.494683
5.604553
5.596052
9.191102
8.366873
10.518708
10.256698
7.749372
6.498792
10.388789
8.172988
7.731597
10.296860
6.632968
6.721167
10.673333
11.493113
12.071246
10.245128
10.404667
8.091614
8.590282
7.755888
7.015248
11.822632
12.844326
8.820483
12.679253
7.971797
7.626501
9.117157
11.396351
9.615473
9.435491
8.259399
11.178059
12.110339
6.131905
11.224409
10.011628
11.320551
7.562615
8.125825
10.543590
10.159148
7.357965
5.769357
9.693174
4.071969
5.947451
4.772638
7.764522
5.754576
7.312464
6.453931
4.643661
6.576433
4.008680
4.930191
1.951105
4.290991
1.468299
5.013456
1.568553
1.083295
4.698317
-0.050332
2.977073
3.023062
1.850870
-0.131838
-1.541180
-1.432520
1.878606
1.583793
0.926079
-1.698477
-3.734964
1.128348
-3.350010
-3.703861
-2.978411
-5.573225
-4.451773
-1.952743
-5.592180
-4.070265
-4.946870
-6.235863
-4.833898
-6.744431
-4.788482
-5.613642
-5.136784
-4.527660
-4.805440
-7.968786
-7.935927
-4.398346
-9.446867
-10.318160
-9.956556
-6.157569
-9.346692
-10.441328
-9.932655
-9.505354
-8.974503
-6.112238
-7.131615
-7.103899
-10.605967
-6.855481
-10.897108
-12.515076
-8.522702
-8.875465
-9.412947
-7.238542
-12.066031
-8.237135
-9.425603
-11.743259
-10.604328
-10.223310
-9.639563
-11.330687
-10.499255
-9.220881
-11.865897
-12.444277
-12.644207
-7.608981
-12.182251
-9.919308
-6.655174
-11.747026
-7.487654
-11.089266
-7.326502
-5.695920
-9.247430
-7.972462
-10.875445
-5.373330
-8.907858
-7.010389
-4.751441
-8.824715
-3.991376
-7.192680
-5.171245
-3.327164
-6.435071
-5.061610
-7.838969
-7.408227
-4.871930
-5.238343
-7.002206
-5.149918
-4.780868
-5.757312
-4.778967
-5.710957
-0.728308
-0.917270
-2.693337
-1.297187
-4.050019
-2.349577
-1.379360
1.473146
-2.645113
