1.625560
0.123751
3.770124
1.168156
2.094671
-0.528808
2.269442
5.480246
3.949827
0.890222
2.065527
5.970564
5.445600
1.342548
3.297961
2.146048
4.773787
5.061205
6.518740
6.572852
3.156959
5.716988
6.751857
6.577799
4.812207
7.124307
10.278239
6.787628
9.015179
6.379552
8.819615
10.848505
6.670260
10.053712
11.251880
8.167430
6.446810
10.444242
7.440346
11.549780
11.391687
9.756653
9.829294
12.211964
8.705630
8.829409
10.267936
12.047775
7.154238
7.820971
10.999206
7.073187
9.120479
7.099096
9.418997
10.687648
11.707604
10.076024
10.182462
9.419278
7.287781
11.858607
7.928617
9.348727
9.869203
11.227170
6.526199
6.066106
8.770403
8.906528
6.691904
5.006968
7.014662
7.643510
6.534521
7.485805
7.070566
5.855203
4.747946
6.791988
6.426454
3.833108
7.735375
2.145210
3.627489
3.914015
5.330972
6.201573
5.106606
3.443428
2.332384
2.240823
0.160546
4.704917
3.572666
-0.432882
-1.948818
1.839806
0.507463
0.234917
-2.817042
1.158309
-2.546279
-1.132886
-1.195250
-3.020244
-2.298249
-2.546715
-3.222528
-2.407931
-4.322143
-2.164741
-4.128859
-3.935079
-1.579205
-4.643572
-2.588386
-7.358801
-6.143073
-5.260555
-5.622798
-8.640762
-4.375829
-8.801400
-6.190655
-4.895847
-9.288324
-6.164944
-5.859929
-9.388624
-10.529220
-10.346277
-8.016039
-11.684165
-8.909028
-6.670373
-7.134212
-6.878437
-7.423322
-9.289233
-10.548614
-12.175555
-10.218435
-8.894677
-11.481088
-7.899913
-10.940840
-7.211656
-12.557249
-12.280248
-8.271385
-12.464220
-10.578850
-10.021836
-9.346731
-12.508055
-8.980157
-8.684923
-6.640126
-12.327131
-7.477076
-9.700905
-10.573122
-11.650141
-6.141653
-9.180568
-8.014112
-9.735542
-9.171062
-8.786214
-10.090142
-7.632054
-5.900590
-9.710575
-9.048398
-5.547895
-4.659903
-6.503447
-4.421653
-6.184149
-4.353001
-3.328993
-6.087504
-4.204246
-1.763110
-4.471276
-6.814918
-4.378987
-3.283011
-3.674737
-1.878737
-0.078792
-1.130457
0.339351
-1.450126
0.639742
1.970576
1.028037
0.217345
2.284938
