-2.104878
-1.884909
-0.701076
3.444872
1.524554
0.769772
0.090609
1.112688
0.735244
2.796635
2.721213
5.488065
5.313957
5.957882
7.310862
7.591285
4.378983
4.459197
4.956266
4.549483
8.263626
3.802617
8.768087
8.363467
7.367982
7.672008
4.737030
5.035145
8.887649
5.096497
6.380645
10.439050
11.525531
10.030344
10.706691
9.105536
10.371935
6.377467
10.045786
8.757914
11.459414
9.339423
8.975423
9.771136
9.114266
12.045360
7.111554
8.323363
12.071138
9.391413
12.091402
7.760664
11.597151
11.199357
8.645589
12.472147
12.591068
7.870251
7.747698
9.440038
12.230837
6.422098
11.526795
7.453974
8.792305
8.013751
9.823796
9.128138
8.614100
8.294053
9.812304
6.580303
5.369689
5.678387
5.902431
5.347993
7.960314
7.281892
4.836150
4.627747
4.701961
6.020176
4.568159
2.551682
3.508487
2.371027
5.564563
2.383601
3.117493
2.049860
4.440337
-0.281243
2.693788
0.987805
2.569035
-0.246531
0.805575
-2.349677
-0.490291
1.050591
2.335095
1.587567
-3.550349
1.436844
0.154790
-0.924512
-0.092573
-2.742330
-4.693353
-1.352883
-0.430576
-1.270684
-1.036210
-2.659002
-1.563866
-4.985653
-4.065042
-4.191908
-3.914080
-4.707792
-5.215467
-4.385379
-7.322695
-8.692170
-4.514140
-5.794203
-7.579023
-4.997239
-8.372705
-6.091440
-10.590699
-7.774014
-6.224823
-9.992373
-10.426524
-10.953783
-11.502013
-6.471523
-12.256730
-8.968520
-8.576127
-8.767998
-7.998473
-12.094294
-6.896479
-7.098975
-10.378365
-9.196388
-11.447423
-12.560858
-8.029160
-9.878429
-7.921662
-7.206179
-9.722337
-11.990599
-7.010299
-10.123510
-8.558038
-9.378164
-12.214123
-7.470614
-8.744860
-8.375819
-6.488386
-9.658907
-6.417707
-8.404024
-10.208981
-11.088172
-5.807305
-8.657222
-7.590611
-5.515128
-5.402832
-6.594158
-6.006412
-5.533767
-6.898679
-7.359644
-3.433221
-3.870525
-4.514678
-6.047088
-3.587470
-3.354256
-4.395065
-2.115494
-1.330712
-0.700354
0.075574
-1.595978
0.646723
-4.679253
-2.606592
-2.258926
0.203254
-2.582552
-0.606051
-0.294064
