2.945562
-1.202801
-1.012673
1.179498
4.503027
-0.397932
2.135048
0.046228
3.650262
4.456111
2.149281
4.007434
3.589992
4.499605
2.638554
2.987128
4.611207
7.903191
6.404046
3.938628
5.870306
6.053139
7.627784
4.675626
6.895508
8.025017
5.814602
7.656365
8.064527
6.473123
7.990269
8.881679
9.352322
9.150489
11.792634
8.926577
10.311296
7.106175
7.532376
11.968773
6.769350
7.825553
12.382172
7.354842
8.173006
10.512770
11.001451
7.297949
7.330387
10.575945
10.184172
7.420542
10.099301
11.474586
11.001366
7.430041
10.441221
9.794512
10.055426
10.951638
6.476288
12.185986
11.814509
10.436063
10.249466
10.802288
11.074858
9.793863
7.511559
7.003491
5.765709
7.130596
9.328060
7.887992
8.182519
6.189232
6.926622
7.737985
6.196025
6.611899
6.912568
7.573432
6.051935
3.996816
2.003162
5.793515
3.659873
5.698444
3.470143
2.302795
0.094896
1.987860
3.220457
3.215670
4.087219
0.018642
-1.935216
3.006355
-1.072995
1.677162
-2.189776
1.207235
-1.427653
-2.104158
-1.879266
-4.535070
-1.445391
-0.156491
-0.428314
-4.106121
-1.473598
-4.727188
-2.648273
-4.747322
-6.093567
-3.479567
-5.191705
-5.542736
-6.370661
-7.031840
-5.585467
-5.622698
-7.611266
-7.130656
-6.280345
-8.873356
-6.584556
-9.177481
-7.338562
-5.671981
-8.434393
-10.504643
-9.826862
-10.030495
-8.766804
-12.010181
-12.157759
-9.811127
-6.696551
-6.941761
-6.977252
-7.840611
-10.369117
-8.371410
-7.721572
-8.831053
-8.690206
-9.332056
-8.746812
-9.744167
-8.119110
-12.607988
-9.375619
-9.426074
-7.525191
-9.613115
-12.256802
-6.799185
-8.494560
-12.233721
-8.182793
-7.019598
-9.745407
-6.256417
-9.665379
-9.734112
-9.439784
-6.289026
-6.149089
-8.176347
-9.398791
-4.841642
-6.575276
-8.461530
-5.344099
-8.363714
-4.912798
-4.595300
-7.346677
-8.827089
-4.011646
-4.371154
-7.170469
-6.645901
-4.868614
-3.250437
-5.750307
-4.388431
-2.094147
-3.041137
-5.472971
-4.750300
-5.110561
-4.379385
0.167911
-1.690283
-1.125748
0.240898
-2.086132
-1.613964
