0.243428
2.866103
-1.861254
3.363550
0.228495
1.739612
4.358022
1.117318
5.688839
2.682435
0.600861
0.961271
4.078846
2.834439
2.745933
3.269412
6.599977
8.256021
8.108459
7.934927
7.185910
7.338277
5.633621
6.345733
8.470426
8.693810
8.210036
8.357046
7.361401
10.256537
9.278435
10.982105
7.105934
11.058893
6.092109
7.389224
8.974431
8.234493
10.043766
6.994813
7.910630
11.069127
11.916716
7.823185
8.692797
7.470132
10.973035
9.446419
11.863830
10.549505
11.141182
12.900994
11.789131
11.187218
8.671167
12.411343
7.744714
7.363765
8.093423
7.235157
8.177894
6.549740
9.646804
6.204454
9.706881
5.990237
7.639497
7.880064
9.289843
10.975091
9.892223
9.921007
9.180827
4.798095
9.108216
6.419641
6.136110
6.137584
6.507164
3.165038
4.487335
2.912900
2.519927
2.925040
5.605869
2.474282
1.590602
2.170386
4.935436
3.705413
5.225315
4.637195
-0.446315
2.556199
-1.188688
4.105827
1.908008
-1.352236
-0.291527
-0.419503
-2.786519
-0.923243
-1.501550
-1.057299
-2.929972
0.598519
-2.503722
-4.431225
-1.264214
-4.291583
-5.946787
-3.708384
-4.290835
-2.152972
-4.234800
-3.023500
-4.801662
-7.775059
-4.146262
-3.603715
-7.750569
-6.310643
-7.779708
-6.110963
-5.695135
-5.315587
-8.501009
-6.271822
-9.683731
-8.683115
-6.187183
-11.253002
-6.654155
-10.179715
-6.482223
-6.665847
-9.101705
-9.005612
-11.061768
-7.986870
-11.802883
-7.818029
-11.173753
-6.961087
-12.104087
-12.526189
-11.928303
-8.946083
-7.251005
-8.035179
-10.621248
-9.816755
-11.290098
-9.020409
-9.894988
-10.289984
-9.809227
-12.278237
-6.827136
-11.769946
-11.689990
-10.386337
-8.021255
-10.920252
-10.775926
-6.424693
-5.656047
-6.940691
-8.692483
-8.130311
-7.538407
-6.538523
-4.654461
-8.886310
-5.224562
-6.460567
-4.462206
-7.442443
-8.988996
-4.617998
-4.245859
-6.506665
-3.078471
-2.300194
-6.202104
-3.868590
-2.289394
-2.576504
-2.177213
-5.639795
-0.069758
-5.468216
-2.958786
1.107922
-0.567547
-2.215929
-0.227809
-0.984438
-1.039572
1.680157
