2.638542
3.273835
-1.682150
0.754749
0.876599
-0.652418
1.492552
0.584450
0.375094
4.407140
4.516921
3.096201
3.335400
5.412957
2.595498
3.460400
7.543396
7.505413
7.249511
3.513749
7.171999
6.795000
8.571214
8.910122
7.925268
6.961069
5.174625
6.995560
9.505978
8.626081
8.987800
9.705876
10.664851
6.847419
7.181481
8.642089
11.443329
6.957229
7.829225
7.302441
12.581445
8.567724
11.456319
11.316284
7.731928
10.141395
8.290405
12.923554
11.692445
9.563911
12.845002
7.145843
12.804609
10.160834
8.258048
6.985680
9.213150
7.955762
8.334671
9.472315
6.858082
11.313442
7.187210
7.203550
10.765061
8.908686
10.024257
8.145447
9.893577
8.484261
10.275130
8.051439
8.158250
7.553717
9.186369
4.007795
8.807318
8.120620
5.169299
7.254381
6.807506
5.811376
3.933715
5.999251
3.942188
7.073672
1.015255
5.955974
1.353535
1.778381
3.648006
4.149631
2.405617
3.306495
3.284255
-0.351902
-0.969173
3.277167
2.150917
1.795875
-0.225904
1.726263
1.442373
-1.701716
-1.832883
-1.585131
-1.224295
-2.310564
-2.598522
-0.796413
-3.030986
-3.393333
-3.012792
-2.340870
-5.239121
-4.100316
-3.611659
-4.649642
-5.006431
-5.765496
-3.190570
-4.717911
-3.988463
-5.783423
-8.629228
-4.631452
-5.763384
-5.111463
-10.533638
-10.610838
-10.783789
-5.937101
-10.796169
-11.652253
-6.996569
-9.815544
-11.653391
-7.154119
-8.537215
-11.009545
-12.330306
-10.719113
-8.082525
-11.828887
-9.721170
-8.963145
-8.637467
-12.542475
-12.284840
-9.113220
-7.376879
-11.830457
-6.978106
-8.930314
-6.923435
-9.216728
-11.060971
-10.333429
-12.267689
-8.731527
-11.072292
-10.758644
-8.000081
-8.433084
-9.312126
-7.532510
-11.495039
-7.904283
-10.902282
-10.996590
-7.922977
-8.909714
-8.156155
-4.460592
-7.166516
-7.280901
-5.041506
-5.143167
-5.309104
-6.324017
-7.131277
-5.592584
-7.836869
-4.935881
-3.824956
-3.816285
-2.283631
-1.614501
-6.041951
-3.035432
-1.914184
-0.633573
-0.557481
-4.134945
-0.966214
-2.410906
0.323534
-2.573257
-1.140899
1.729868
