1.903420
1.553037
-0.148905
3.380252
1.276097
0.545352
4.796665
3.063938
1.289184
2.487504
2.306237
3.990055
2.712063
1.778297
1.674880
5.078530
6.399399
4.281872
5.235784
6.964566
6.003080
3.409192
5.651461
8.874393
5.912604
6.015685
7.355041
9.213239
10.608810
7.108357
8.190105
5.822791
9.841296
5.907862
9.517833
7.975845
6.734842
11.919477
10.761433
11.245400
8.101854
9.749573
8.462526
9.047870
7.578547
6.949020
12.580329
11.074114
7.581530
7.997939
10.004100
12.378222
11.520634
8.661206
8.720325
11.294126
7.993477
8.054249
7.388937
9.459922
10.831635
10.587535
7.264829
9.348510
10.573015
11.551342
8.594587
6.708861
9.785999
10.918032
9.204144
6.282010
7.545235
7.819935
5.105170
9.094398
6.614508
7.432389
3.324000
7.940764
6.757825
3.068313
3.858956
4.897453
7.234640
3.360390
2.349091
4.398067
0.588945
1.797219
0.330755
3.940690
2.201348
4.455757
-1.401875
4.167640
1.336389
2.501700
-2.020670
-1.136131
0.039104
2.259730
-0.555497
-1.387644
-0.701205
-1.615858
0.368542
-3.429762
-0.150425
-3.116221
-3.648343
-1.513599
-1.402805
-5.053377
-6.323793
-4.366522
-5.478176
-3.814202
-5.297812
-5.259220
-8.401351
-8.358516
-8.543827
-6.637869
-7.607359
-5.737291
-9.075844
-4.943594
-7.073468
-8.122377
-10.111963
-9.694959
-6.311075
-11.212922
-10.729754
-7.674648
-6.536002
-6.993307
-8.374816
-6.696051
-11.030925
-12.161655
-8.920817
-10.052391
-11.565566
-11.330405
-8.790052
-8.837691
-12.110822
-9.441090
-11.476617
-8.749283
-10.947613
-7.253090
-9.100223
-7.468207
-10.045382
-7.373440
-8.082324
-10.874289
-7.864232
-7.068548
-6.367366
-7.938882
-5.926352
-10.848936
-9.201278
-10.349438
-10.853492
-6.379628
-9.053986
-6.724196
-9.380486
-7.072289
-9.763086
-8.807785
-5.360051
-7.871321
-6.907885
-5.610987
-5.231035
-2.655644
-6.960652
-6.746158
-4.240963
-4.513169
-4.378286
-5.503305
-2.460268
-0.218873
-2.646214
-0.586996
0.702618
-2.775769
-3.305905
-1.016330
-0.181921
-2.429436
2.440877
-2.279269
