2.797818
2.212962
2.452656
3.130350
2.523933
3.232380
4.032041
1.512324
2.908837
1.060328
4.807698
2.735260
3.591206
3.022592
6.387921
2.451708
4.744033
4.517829
5.388975
5.756570
3.433342
3.916226
9.316720
9.592062
6.006519
8.812825
5.050951
5.302507
5.259809
7.842497
6.811804
5.657957
8.468135
10.855596
11.454213
9.473592
10.269385
8.637245
7.351827
10.340571
9.506669
11.610635
9.335941
11.492602
7.407443
8.042044
11.133805
11.304370
11.115045
7.731448
10.069881
10.644112
11.887846
11.688290
12.278694
9.501526
11.236771
11.413391
8.586350
7.102718
11.303317
10.988496
10.961899
9.051009
7.144210
5.805533
8.317858
5.566232
6.458751
10.451530
8.240290
7.064562
10.310494
10.042557
8.930735
4.142096
5.367033
7.286949
4.005398
8.754306
7.527842
7.829464
5.449134
6.919852
6.180987
1.600457
4.500468
6.293839
2.002762
0.117778
0.150631
3.770940
3.953686
2.243188
3.020083
0.678528
-0.119317
3.627718
1.523939
-1.420468
0.617827
-0.846678
-2.149028
0.210016
-4.221133
0.205789
-0.319557
-1.071465
-4.310964
-3.753936
-0.823209
-3.687048
-2.748532
-5.981825
-5.360791
-6.180996
-5.984405
-4.211719
-3.606485
-5.748566
-4.352688
-8.069463
-9.487271
-6.146449
-6.954428
-6.052378
-6.578947
-7.267995
-8.667781
-11.088722
-5.974717
-8.308791
-5.611279
-11.578123
-6.285204
-6.928815
-10.596404
-11.645550
-8.864701
-6.762565
-10.199662
-11.552854
-7.681970
-10.806515
-9.240657
-9.428747
-12.605806
-12.429304
-9.205888
-12.250989
-8.682818
-7.530639
-8.238461
-10.617467
-12.629517
-12.665708
-6.761496
-9.767287
-11.895707
-7.608619
-7.759760
-8.906613
-6.292784
-7.061323
-6.490424
-7.424817
-10.372950
-9.172491
-6.938099
-7.458467
-5.373608
-6.987967
-6.485055
-9.342077
-6.387370
-7.900176
-4.879260
-5.334478
-4.284492
-3.817452
-7.128824
-6.044345
-2.177872
-6.387251
-6.041264
-4.240732
-6.433127
-1.907292
-0.391500
-2.530680
-1.747211
-4.093985
-0.689673
-0.480090
-4.154165
-1.773666
-2.009015
1.988058
-0.466212
2.390452
