-0.656356
-0.706861
1.546438
0.324434
3.437523
0.343948
4.938212
5.459935
2.609181
4.023831
4.660248
6.376898
4.985993
1.601288
5.801831
1.960498
7.134880
6.568460
6.556680
7.989637
6.789093
7.818698
4.681458
5.001357
6.720556
9.251567
8.574606
9.830655
9.935551
8.759749
5.494368
7.481186
5.677346
10.696611
11.015040
7.145611
6.814891
9.672075
10.235833
10.663055
7.411436
11.766766
7.738703
12.329288
12.711244
8.996670
12.685968
10.231660
7.083802
10.746711
11.858214
7.013080
8.336793
11.758723
7.218922
11.502703
8.710929
7.038257
12.205651
12.352748
8.597467
8.020527
8.884672
11.255404
7.493377
10.565321
8.418685
9.399431
7.653485
10.026468
8.883882
9.358213
9.856234
6.764022
5.461284
4.342013
4.321527
5.217793
3.991458
6.162698
5.622781
8.265558
5.851107
5.640582
4.130696
4.588639
6.715895
1.195474
1.222790
2.851176
2.086498
4.149080
2.849832
1.692988
-1.118429
0.275248
-0.153668
2.536385
3.238965
-1.058699
2.350163
2.114531
0.821500
-1.813928
1.382071
-4.560746
-5.151788
-0.823064
-2.084699
-3.137501
-2.537742
-6.389760
-4.280833
-2.058405
-6.906106
-5.973077
-2.149947
-6.012619
-5.301413
-3.698387
-3.935352
-4.247046
-6.400711
-4.811023
-7.009841
-4.976183
-10.193039
-7.571850
-7.517628
-6.022536
-6.437011
-7.962299
-7.018095
-9.703287
-7.089788
-8.303039
-10.926755
-9.388144
-11.983314
-7.729326
-9.907417
-7.634267
-10.323575
-12.661116
-8.622483
-8.333314
-10.226392
-12.765807
-8.286416
-8.479417
-12.944653
-10.944691
-11.436135
-7.582592
-10.405467
-9.124058
-10.112554
-9.789793
-7.249127
-9.327014
-8.886813
-7.176672
-6.645028
-6.751376
-10.811103
-8.076881
-8.883997
-9.064921
-7.067713
-5.733291
-8.247321
-10.657335
-8.212553
-5.477551
-6.285122
-9.429776
-9.420020
-3.739910
-7.526674
-4.451563
-7.517010
-7.488634
-3.510982
-3.475358
-6.037220
-6.446185
-6.593466
-3.225087
-3.810161
-1.536701
-5.652960
-1.126908
-3.132229
-0.723359
1.129615
-3.116058
-1.870637
-1.812711
-0.315288
1.538383
