-2.282173
0.911166
1.317799
1.924987
-1.370989
4.825553
2.797842
1.179710
2.826472
5.445857
1.615152
3.412508
5.195588
6.041582
6.349808
3.997097
2.524805
2.364253
4.647113
8.052432
4.943437
5.091245
8.320940
9.649646
9.201938
9.300952
10.468754
6.968917
5.255057
6.633225
6.098709
8.470338
6.031079
8.257403
11.070037
8.157281
12.009358
9.800988
7.813681
12.463373
10.453178
8.544178
7.146679
8.169624
9.505843
7.626495
9.747864
10.858088
7.329593
8.635001
12.723290
12.968529
8.224173
12.384009
11.253890
9.785409
7.181595
12.521771
7.493783
9.333790
8.714881
8.212475
11.323540
8.712198
6.750456
6.888825
8.513327
8.055886
11.235689
7.253892
6.680248
5.867202
6.984225
5.924217
6.448180
8.259538
4.475247
7.046370
7.934979
3.666359
7.125444
7.245943
4.078263
4.153562
4.075431
6.238790
1.043659
5.179283
3.070946
1.552513
5.228580
1.735576
1.520830
-0.806402
-0.298730
-0.448848
0.881914
1.186814
-0.399802
-0.332018
2.084118
-1.599336
0.497720
-2.336092
-3.186669
-0.047329
-2.669218
-3.529958
-0.090887
-4.723587
-3.083548
-5.875984
-6.258287
-7.001719
-3.860267
-3.103677
-6.864781
-6.429434
-3.779754
-8.236111
-8.144393
-6.940800
-7.278197
-8.344863
-6.313128
-6.686049
-8.769812
-4.862283
-10.618210
-10.498936
-8.508584
-6.310198
-7.968451
-6.815320
-11.649902
-7.746260
-11.176538
-6.731677
-9.872849
-9.421411
-10.651172
-7.980165
-6.974838
-10.653844
-7.414975
-10.921540
-10.522232
-11.028591
-7.968000
-9.843897
-10.319792
-8.915601
-7.748251
-9.155832
-12.709497
-7.162550
-10.328393
-8.443800
-10.010133
-8.059844
-9.389563
-11.656674
-9.195712
-6.295699
-10.223483
-7.950942
-9.592900
-8.450994
-10.260018
-9.307001
-10.752070
-9.271609
-10.319686
-10.206298
-8.450517
-3.862422
-6.404550
-5.641933
-6.659948
-5.824367
-5.964566
-6.994256
-8.022576
-7.405737
-4.384601
-6.273759
-2.631533
-2.015051
-3.516749
-0.337523
-5.187705
-3.787493
0.525772
-3.190440
-3.896079
-2.583605
1.230918
-1.086996
1.413959
1.119041
