-2.257656
-0.336866
-1.723343
1.268131
-0.107440
0.094651
0.515414
0.459903
4.877490
5.426412
4.424765
5.085494
1.530444
1.737856
4.226686
2.160523
7.493599
3.050630
5.070826
6.475450
8.833104
6.162148
6.331387
4.250633
7.485727
5.210685
6.513858
7.841275
5.507393
7.844176
5.641030
10.758980
9.712668
7.272951
6.883953
10.080463
7.220727
11.062829
8.719638
9.496213
8.722250
7.425229
7.199324
8.700562
8.110670
11.213318
11.264160
9.661436
10.259834
7.802134
8.468637
12.667012
12.810746
9.203742
12.822393
10.536273
12.208588
8.049811
6.617137
7.994066
11.473374
11.288371
7.981818
8.464898
7.046048
6.959155
7.108786
8.688288
10.408065
9.568870
7.427330
5.380780
10.134625
9.302695
9.737220
7.143508
9.339056
8.590344
7.189527
4.992370
3.725294
2.954240
2.138554
6.749732
1.552283
4.664765
1.077970
3.365410
3.591021
0.214320
2.322589
3.610017
4.037135
0.973835
-1.178741
0.541444
2.375650
2.126917
1.234191
2.583607
1.807435
0.642874
1.273459
1.719484
-0.758167
-1.917115
0.140670
-2.303334
-3.546131
-4.045652
-6.007245
-3.304655
-1.418583
-2.679508
-4.590263
-4.622483
-4.900210
-4.729698
-3.835329
-3.623076
-8.195060
-3.511592
-3.831635
-9.420593
-4.676290
-5.647916
-10.448322
-7.611115
-9.077538
-10.014292
-7.728744
-9.472454
-7.831762
-7.438094
-11.619390
-8.455960
-10.490067
-11.625299
-11.159187
-9.113058
-11.256653
-7.415419
-10.591103
-7.895366
-12.656170
-11.286048
-8.977069
-10.620902
-12.963583
-8.277799
-8.458407
-11.132770
-12.941379
-11.718085
-10.083967
-10.358299
-10.038518
-10.837042
-9.719127
-9.495181
-10.813752
-10.409826
-8.589385
-6.610271
-11.410257
-7.490614
-8.959992
-7.234022
-6.281908
-8.528798
-7.750744
-6.684919
-5.959194
-8.940947
-6.584732
-9.680423
-6.487558
-4.619107
-4.270255
-4.673727
-3.949205
-4.627879
-4.906649
-6.267026
-4.004247
-1.677128
-2.826181
-2.914742
-5.065762
-2.700470
-4.954786
-4.002015
-1.543434
0.997057
-2.848853
-0.043489
-3.030060
0.134768
-1.070569
-1.364251
