-2.514676
1.498595
0.651293
-0.886039
2.733634
-0.040255
1.384184
-0.269093
-0.140914
3.520638
2.741119
5.129878
2.668952
6.276620
2.408736
3.046141
3.933734
4.327885
2.978130
5.003242
8.018027
6.443558
7.920159
8.584824
9.183979
5.063397
6.814748
7.655913
9.667320
5.523176
7.430341
9.152672
11.300191
8.445948
8.439594
6.839809
9.731188
8.226099
7.369561
8.098437
10.078117
10.106425
12.547847
12.116777
9.816594
11.893863
11.337782
12.774753
9.626087
11.345535
9.220067
8.940366
9.866429
11.738748
7.788827
12.335396
12.707730
9.696118
9.226021
10.445855
6.855128
11.872066
6.198396
7.562264
10.214093
6.376570
9.346428
10.302319
5.304881
9.899851
6.954500
6.436891
10.267162
5.997709
7.428543
4.313496
9.367373
6.627742
7.674165
3.957223
4.927553
3.147316
6.869193
3.163451
1.850111
1.555944
6.827909
4.236495
5.129351
3.237883
1.839663
1.180204
2.977432
2.186615
3.953585
3.252087
2.434389
-1.215907
-1.797523
-0.597931
-2.532613
1.982308
0.521506
-3.360164
-1.726078
-2.197876
-4.869190
-2.340872
-3.159915
-5.425740
-1.468230
-5.959549
-2.079588
-3.942569
-7.244619
-3.630103
-5.139930
-3.945976
-5.628767
-6.238376
-6.783768
-7.921428
-4.510255
-5.174717
-5.803757
-7.610379
-7.406464
-5.159993
-5.711337
-7.313135
-9.172698
-9.199400
-5.851689
-7.919471
-9.190200
-11.719916
-10.814893
-10.162793
-11.272240
-12.248276
-11.157220
-7.443612
-8.727992
-11.050937
-7.236440
-11.904640
-7.398100
-8.705139
-12.302799
-9.219608
-12.451219
-7.785812
-7.645967
-12.193706
-7.581602
-8.895006
-11.865478
-7.829925
-7.836881
-10.246062
-6.480931
-12.061133
-11.631535
-6.078968
-10.783932
-8.900453
-9.164255
-8.400839
-8.294723
-7.027726
-7.475204
-8.890523
-5.307287
-6.171447
-8.760634
-6.686394
-3.906318
-6.527106
-3.639888
-8.133111
-7.171052
-2.904791
-7.425346
-1.866619
-3.917557
-3.581020
-3.545291
-1.277747
-0.854944
-3.716904
-4.894533
-2.236938
-2.748948
0.190727
-4.332291
-3.737310
-2.467309
-0.117029
1.811951
-0.559220
