1.982202
3.202159
3.456475
-0.387691
-0.582409
2.758068
-0.040387
-0.219946
5.623300
1.208241
4.821478
6.276800
1.460205
6.496474
4.367884
2.635935
6.211502
4.680745
3.928886
3.859374
6.641740
5.600296
7.296070
6.697527
9.992902
8.165639
4.715908
6.380134
5.657089
10.559258
5.704599
7.696574
10.096995
9.370919
10.616386
8.029538
11.117530
11.133796
9.512066
12.258081
11.526959
11.977544
12.650298
9.423378
11.970260
11.999682
8.913611
9.255699
8.389317
8.463733
7.276971
7.181981
11.938390
12.495513
9.793086
12.624259
10.774675
10.318760
9.471730
10.096271
10.777162
9.762912
8.836947
11.018407
10.396527
11.073307
6.329174
7.695269
10.363905
8.637922
5.770375
7.386468
8.748455
10.104829
4.702684
7.961488
5.355071
3.895535
5.294050
8.683805
6.286567
7.936278
6.799917
5.487910
5.180258
3.542348
4.060710
5.832832
2.724809
3.031906
4.552891
-0.245260
3.193822
-0.334828
4.234945
4.022250
2.386205
-2.138052
-1.202014
2.992466
-2.315819
-1.413158
-0.867381
-0.656686
-3.690585
-1.309697
-4.750191
-0.249641
-4.374844
-2.851874
-3.783012
-6.533834
-5.824350
-1.715440
-4.524014
-5.875322
-5.866549
-6.807779
-4.134414
-8.680205
-5.898174
-5.877822
-9.373317
-9.834970
-8.948860
-7.487025
-5.544013
-7.208399
-6.317590
-6.136450
-6.932220
-8.969417
-9.871223
-10.394648
-9.670527
-8.998829
-10.329210
-9.916643
-8.520568
-11.292485
-9.063242
-12.680475
-9.635461
-9.694356
-9.260783
-8.694618
-10.257952
-10.492285
-8.577932
-8.265643
-10.074607
-12.228745
-8.017260
-10.564034
-10.015536
-12.027500
-7.027920
-8.021332
-8.918753
-9.893737
-6.837813
-10.339406
-7.643964
-9.657678
-7.498858
-9.209767
-6.926791
-11.158709
-7.736390
-5.741748
-8.657048
-5.357131
-9.651877
-4.923998
-7.649952
-4.563145
-6.879162
-5.353424
-6.621241
-3.559852
-4.992089
-5.689577
-3.874405
-6.639617
-2.836252
-1.709865
-4.019750
-5.680654
-4.558795
-5.302801
-3.277685
-3.050672
-2.653547
-2.310076
-1.950367
-3.384116
-0.220521
-1.868757
-3.092851
1.877133
