0.178071
2.736739
2.348966
2.062688
-1.244892
2.958319
-0.705692
2.749011
0.396431
2.528892
5.872773
3.083646
2.664866
5.776245
2.510354
3.169674
7.185337
5.620525
6.608356
4.945900
3.907861
8.457229
7.194443
8.748122
7.085842
6.959863
9.308678
10.235135
7.773408
9.470586
6.142153
6.975856
5.976039
7.838661
6.456983
9.182150
11.830527
10.685280
7.401003
9.967828
7.473333
12.614042
10.346135
8.505825
8.282135
12.796937
11.241798
11.794593
10.629366
8.128440
7.953985
8.456212
7.243729
9.433340
11.946574
11.090739
12.506374
7.289397
8.662040
6.668690
7.388436
8.876220
6.255878
11.231804
9.596140
8.624536
10.645019
6.320489
9.559677
9.073898
5.337975
6.419188
9.955164
7.837517
9.606888
7.196213
5.355229
4.884041
7.487704
3.305928
3.970552
4.229610
3.968072
4.024981
3.174097
6.670617
2.319865
2.230460
0.535822
3.714213
3.652937
4.510247
3.583803
0.285512
1.762009
2.596592
-0.044012
-1.630064
-1.593827
1.935460
2.590783
-0.578612
0.938865
-2.682045
0.849018
-3.288953
-1.257805
-1.550990
-3.005290
-3.407351
-3.293376
-3.829772
-4.947882
-4.833551
-5.193910
-3.663181
-6.349437
-3.972215
-5.336470
-4.280938
-4.991370
-6.572574
-5.909043
-5.673130
-5.152475
-6.877012
-10.487977
-8.886414
-6.553898
-6.113355
-9.988268
-9.459674
-8.662652
-11.181303
-10.886555
-11.147483
-8.918910
-8.990819
-7.135748
-9.994075
-8.349669
-10.929282
-9.905889
-9.155361
-9.191262
-7.583548
-11.951584
-12.418769
-7.928092
-8.159972
-8.309080
-7.667742
-9.990188
-9.124899
-9.087056
-10.528554
-8.371312
-10.908243
-8.992127
-8.902080
-9.828080
-8.072462
-7.096140
-9.414866
-7.607456
-5.946668
-8.772867
-8.086734
-5.949421
-6.719111
-9.717641
-6.168451
-9.941552
-7.440952
-9.017781
-3.889447
-5.521221
-4.506719
-7.115720
-4.663045
-3.900427
-2.769439
-5.804544
-5.333568
-1.630731
-3.290306
-3.946438
-2.489981
-4.761727
-0.630628
-2.293022
-2.871824
-1.484672
-1.828497
0.355802
-2.308299
-0.858746
-0.061444
-0.215842
1.502667
