1.789149
-0.341230
0.219930
1.127295
0.600649
1.012921
0.254270
0.903246
3.885702
1.513616
2.284673
6.564768
2.464056
4.420949
2.941912
5.855328
7.493789
6.912167
3.758806
6.789473
5.682707
8.227539
4.325590
6.203765
5.186486
9.249987
10.129426
4.939359
5.908313
7.680765
7.612607
6.496805
8.738151
6.479150
8.655427
9.874522
7.164434
6.966082
7.217441
10.366078
7.809249
9.085640
9.074333
9.329296
11.514761
10.732986
10.588404
12.616053
8.316368
12.940109
8.090328
11.616906
7.067766
10.970354
10.963145
10.014462
10.947721
10.345236
10.007378
11.731203
11.043763
11.116224
6.254716
8.449291
11.242077
11.007037
7.152501
9.128807
9.148756
10.819827
5.763895
8.802087
5.460806
9.475463
7.443855
6.681088
4.830009
4.532271
5.427939
7.884889
6.361759
7.091189
2.865852
2.249357
2.952227
6.829801
1.574399
4.251676
0.607659
5.219477
4.980754
3.803566
3.568922
3.943251
1.423085
2.405666
0.217375
0.352511
-1.644052
-0.661982
-1.763181
-0.070032
-3.032342
1.618128
-1.096362
0.680908
0.403064
-4.080738
-2.710990
-3.139529
-1.571752
-3.334626
-5.521183
-5.942858
-2.790043
-2.627982
-8.011157
-2.381890
-5.769296
-5.296656
-4.014264
-8.558869
-9.612319
-5.873844
-7.931958
-6.685713
-5.059980
-8.651194
-5.114759
-8.293547
-8.674843
-10.039876
-5.771047
-9.634560
-8.758883
-6.455995
-9.625392
-6.960813
-8.791465
-10.401370
-8.456663
-10.890013
-11.095624
-7.939466
-12.840174
-8.688577
-10.591379
-11.444550
-12.153734
-7.526832
-8.900908
-12.027085
-9.037630
-11.811400
-8.962346
-9.596017
-12.676395
-7.537268
-7.137736
-6.993466
-10.031312
-10.626915
-10.362500
-11.914581
-7.394062
-10.504020
-10.048268
-5.925651
-9.072111
-8.980233
-7.848848
-9.669993
-8.084579
-4.339244
-6.530462
-4.762205
-3.795786
-7.516255
-5.109477
-5.136477
-8.176687
-2.902068
-3.490758
-4.433845
-7.532048
-1.922836
-4.487249
-6.650718
-2.928611
-2.010948
-1.548847
-2.962923
-2.579845
-2.530911
-2.453939
0.799124
-2.484445
0.955077
1.029830
0.036998
