-2.513310
1.164352
2.577620
-0.385857
0.119239
-1.097769
3.524791
2.931493
3.370469
1.730151
5.859504
6.050242
4.608228
5.836996
3.228993
2.230684
3.008249
3.940228
5.179834
5.371461
7.429961
4.603386
6.725485
7.561966
8.524281
9.456663
5.291177
6.256715
7.259926
6.448707
7.602312
10.629965
8.004021
10.949001
11.570028
6.141866
6.388142
8.831503
8.657760
9.814125
6.953893
11.632244
8.132583
11.369265
12.748381
7.470080
7.220649
9.441395
12.690582
12.544451
8.392496
9.390940
9.082119
11.136876
8.457380
8.214273
10.734930
8.346105
9.323507
10.096860
11.808943
8.126908
7.439086
8.888970
9.346073
8.767143
5.958674
9.508027
9.139988
9.992173
9.741809
5.702728
8.228751
8.381089
7.465147
7.612397
4.640938
5.469386
6.343005
7.938496
7.174253
6.434107
4.022632
4.392959
6.971988
5.674541
4.194359
2.806515
2.736108
3.182457
2.341542
0.042799
-0.073664
1.641460
3.587663
1.107029
1.813784
0.085857
2.904011
1.000183
-2.504485
0.692696
0.231229
1.120792
-3.674610
0.385833
-3.563950
-4.593638
-5.140088
-0.836935
-2.751868
-2.935329
-1.982296
-5.245486
-5.536919
-3.493557
-5.924543
-4.698770
-8.501028
-7.724971
-3.625912
-8.734603
-4.543030
-7.782984
-7.353982
-6.316678
-8.483712
-9.079679
-9.198123
-6.392114
-9.931390
-10.625751
-8.151792
-8.404794
-11.434676
-6.797181
-6.445185
-12.166249
-8.867139
-11.123644
-8.837739
-9.974538
-11.788795
-8.129211
-10.160656
-11.494104
-10.529011
-8.966997
-11.540215
-7.267499
-9.301919
-11.513014
-11.165337
-12.718112
-7.888239
-7.725181
-12.687024
-9.549816
-9.276501
-10.152395
-8.389851
-8.772921
-10.986142
-9.083352
-11.437134
-6.330432
-9.593424
-7.571470
-5.923800
-5.932453
-9.720464
-5.983095
-10.488054
-5.317859
-8.959882
-7.726465
-3.997726
-6.553080
-4.483504
-3.646448
-4.842962
-8.271708
-2.701546
-2.447541
-4.530941
-6.104432
-6.159983
-4.575166
-6.137719
-0.430903
-2.676692
-3.902701
-3.814528
-1.316401
1.181733
-3.715433
-1.688219
-0.564664
-1.336500
-1.353062
