-0.582154
-0.760837
2.771827
0.126712
2.335541
-0.670910
2.605031
4.845464
2.560865
4.440058
2.818641
5.828202
4.394457
2.506884
1.958930
4.258423
3.089015
4.475222
4.791959
8.020844
7.594110
5.077164
6.140639
8.585660
8.446718
5.511284
7.523338
9.641715
5.798524
9.393032
7.355883
6.919911
8.631506
6.806141
9.290147
9.306985
7.497330
12.129073
8.612935
8.173871
7.054166
7.748967
11.979642
11.690025
12.171821
7.839315
9.812203
10.191988
12.207044
8.968826
9.056081
7.051117
8.012559
10.574606
7.586692
9.977491
7.729598
8.379076
8.978310
7.804691
12.334419
9.268325
9.245333
6.714317
6.108321
7.547314
8.039302
8.125429
5.401206
7.161656
5.958105
9.042989
6.344336
4.650311
9.165410
8.785263
7.555566
6.636152
8.090151
5.138820
8.318023
3.614331
4.552017
2.919409
2.590574
4.188727
4.004526
6.528295
3.047213
1.226518
2.314640
4.716446
3.221728
-0.530111
4.488972
1.813603
2.220573
-2.163175
0.772176
2.585282
-2.391993
1.639668
1.476789
-1.123287
0.761173
-1.687639
-4.757359
-5.002801
-5.100869
-6.048485
-0.850439
-1.021572
-2.944856
-1.767228
-4.234995
-4.914397
-4.057779
-3.481764
-6.356549
-7.328905
-3.974809
-4.825215
-7.729429
-7.804709
-9.085918
-5.495829
-7.842969
-10.416064
-6.258560
-10.505031
-8.523326
-6.247932
-6.225128
-5.989826
-6.605123
-9.997254
-6.350463
-8.091566
-10.902761
-11.836087
-11.188356
-10.903054
-8.031999
-8.607373
-9.734126
-10.349327
-10.645154
-10.644850
-7.832064
-12.832404
-8.018272
-8.488764
-9.095922
-8.854745
-12.712738
-10.755728
-7.157481
-10.266490
-6.613672
-10.376572
-7.852907
-11.230364
-9.120996
-10.215374
-11.122874
-10.963469
-7.325734
-6.001075
-10.498101
-10.418314
-6.600012
-6.395877
-10.059148
-6.311476
-9.451673
-5.194139
-4.757760
-5.310364
-6.485675
-8.083814
-3.604658
-2.844599
-4.426358
-3.371214
-1.768564
-5.799623
-5.100816
-4.791529
-2.073368
-1.747331
-4.748633
0.439886
-5.122676
-1.517460
0.999842
-3.533369
-2.363745
0.131089
2.231179
-0.765311
