0.233415
3.452229
1.068873
2.755790
0.418940
0.854051
3.449630
4.967824
3.702771
2.502314
6.209428
4.989249
5.611224
3.550555
4.391052
3.422660
5.686983
2.367226
6.423973
7.832441
4.260876
4.439083
6.403665
5.496681
6.100997
6.527602
8.736749
9.914225
5.061737
6.496342
8.987985
9.276132
8.938899
8.112153
11.131384
7.030228
9.271849
11.601244
7.742067
9.180493
8.214310
8.115185
9.058633
10.369926
12.596521
9.467028
8.851412
7.814549
6.998516
10.139345
7.060781
7.931040
9.060050
12.131121
10.960027
11.199117
7.259918
7.551332
7.440427
8.115482
6.536422
7.246261
9.210880
7.781784
11.857177
6.832810
5.878401
5.568176
10.425874
10.468981
7.396380
6.264686
9.595085
6.723202
5.527572
9.582832
3.964258
6.056883
8.159093
6.000921
6.642546
2.950094
3.062364
3.026325
2.677168
6.250725
2.460230
1.133417
5.392354
5.303932
-0.155215
2.050679
1.929713
0.337211
2.301295
0.721157
2.245934
0.294465
0.802394
2.213996
1.737428
-2.369228
-0.816807
0.720393
-3.692437
-0.087034
-1.567000
-3.299260
-1.779016
-4.894907
-6.351678
-3.177480
-1.965888
-3.165075
-2.533950
-6.440439
-3.049135
-8.277822
-6.910339
-5.213365
-7.649360
-5.061650
-6.120391
-7.273211
-6.172145
-8.117066
-6.595340
-8.799551
-4.910089
-8.871084
-8.693615
-8.190237
-6.249349
-10.592314
-10.940182
-8.030014
-9.073804
-12.265960
-9.321112
-9.684385
-10.159584
-7.920086
-10.557213
-10.112908
-8.649708
-9.675048
-10.603671
-12.398285
-7.102871
-8.003332
-9.193397
-10.701937
-10.508916
-12.236850
-8.487540
-9.932727
-6.850611
-10.948548
-12.129746
-10.251200
-9.759918
-8.448829
-9.965369
-9.648510
-9.816584
-7.761233
-8.923781
-7.422599
-10.100368
-10.332691
-7.940325
-5.378789
-10.224529
-8.841504
-8.911717
-8.889267
-6.733549
-6.094806
-7.612513
-8.837123
-5.863119
-6.469703
-6.693059
-3.253596
-4.604307
-7.091018
-1.358837
-2.403262
-4.711364
-1.833180
-4.576082
-0.521172
-4.495924
-0.758018
-1.098256
0.475405
-1.206529
-1.040950
-3.010825
-0.134566
