2.013811
1.654451
-0.182674
3.089742
-1.344517
4.389857
4.085354
1.210830
4.520023
5.710874
5.027007
5.585130
6.359372
1.972196
2.087603
2.724397
2.991810
4.992669
2.942760
4.446580
3.771575
5.234704
5.625559
9.018053
7.165903
6.119611
8.606914
7.079923
8.672871
7.190692
5.745730
10.120688
6.462107
8.625458
10.571218
7.024570
11.735695
7.099967
11.073200
8.470368
10.011290
10.250812
7.860867
8.950176
8.536295
7.976938
9.271200
12.936857
8.503512
11.586476
12.414247
12.291817
9.771165
12.003088
11.228497
11.233094
8.036215
11.660846
8.426495
11.437339
10.006341
8.987193
6.632331
9.162233
8.834092
8.469156
11.005567
7.924175
8.508780
6.727741
8.751346
10.593973
5.662145
4.465012
5.687611
6.660774
8.442759
3.924829
6.107465
4.731365
8.104826
6.641573
6.785692
4.820065
3.411429
4.681923
4.122052
4.462770
2.972596
1.301411
2.727896
2.593378
3.718778
4.769841
-0.368203
-0.758156
2.905541
-0.828387
2.411257
-0.747883
-1.363820
-2.232437
-2.611994
-0.966654
-4.266026
-0.620998
-1.275449
-4.223852
-1.442398
-1.683589
-2.797081
-6.008129
-5.165450
-1.819896
-2.188878
-6.704968
-7.083745
-5.509868
-2.980337
-7.886327
-3.324995
-6.181932
-4.826952
-6.361869
-5.572930
-5.177520
-5.513500
-8.775080
-8.658181
-10.880663
-9.640044
-7.039226
-9.741649
-10.528625
-10.360438
-7.357534
-9.753801
-6.338264
-7.442081
-7.746909
-11.538911
-8.869548
-10.392611
-10.250923
-12.409861
-7.981951
-9.032450
-10.326591
-8.908794
-10.684252
-9.384161
-9.609174
-10.683808
-8.189353
-11.004135
-6.845176
-9.862987
-8.568097
-8.682385
-11.479094
-9.602247
-9.386627
-6.231147
-9.695660
-8.011965
-11.426100
-9.891414
-6.280037
-5.698219
-7.073570
-7.559979
-10.325941
-6.158733
-6.933883
-4.246592
-8.004185
-7.790387
-5.069469
-8.744265
-7.597631
-6.721923
-7.639101
-4.415299
-2.215860
-3.909012
-3.471696
-2.673199
-4.414990
-4.940424
-5.440697
-1.179806
0.097880
-3.548295
-4.066804
-0.639633
-3.925388
2.005730
1.589122
-0.751791
-0.096670
