-1.849622
0.873386
0.508645
0.549845
3.780107
1.779797
4.182566
1.004053
3.226000
1.113435
2.445693
4.012448
5.750640
6.784703
7.043703
6.773789
4.005932
3.164892
5.993231
8.812860
5.260823
3.455069
3.621602
5.358251
6.774636
9.570679
9.185424
10.246503
9.626148
8.163228
9.232202
8.589473
11.371449
10.626823
9.122527
8.884774
8.997411
11.874972
6.508493
10.294864
12.329958
7.544756
9.797032
7.543417
8.534312
12.222221
9.652741
10.071425
9.212813
12.001721
11.151573
12.112873
8.374956
10.975101
8.320741
11.201551
12.177425
8.265109
11.131739
10.167342
10.591036
12.139453
9.315273
10.836658
6.937872
11.714994
5.978268
9.091870
6.838779
8.776674
6.018752
7.243672
5.533084
7.359603
9.828218
8.516920
8.086914
8.714790
5.728365
5.499574
6.230557
8.261710
7.626593
7.514632
5.243273
2.322417
6.659915
5.022936
0.820080
2.235782
3.293912
1.177703
3.207899
-0.855829
-0.973101
2.070978
-0.658195
-0.090519
2.399659
2.309258
0.442924
-3.333987
-3.887648
-4.156592
0.205462
1.106233
-1.611537
-1.193125
-3.280324
-1.097301
-3.017713
-1.116988
-6.550533
-3.448652
-2.066884
-4.132786
-5.056726
-6.886881
-5.990749
-3.747880
-4.440377
-6.716990
-4.556705
-6.823421
-9.482713
-7.516659
-5.390808
-10.491134
-8.968474
-9.771613
-11.109029
-10.898355
-6.338128
-9.390651
-9.367675
-8.593693
-10.710862
-8.589650
-7.446934
-10.741293
-9.925444
-7.577452
-7.274384
-10.018999
-9.421773
-7.021021
-11.531474
-9.222294
-10.252130
-12.309096
-10.713003
-10.698221
-10.897432
-10.751229
-11.876313
-8.065373
-7.159645
-11.424468
-7.976315
-8.270087
-10.969551
-6.629800
-10.198058
-9.489530
-10.502024
-11.493868
-8.610697
-6.424685
-7.387610
-10.564634
-5.484247
-6.770244
-9.699406
-8.238632
-4.280822
-5.389889
-4.285773
-3.610481
-5.983728
-4.078926
-5.037003
-3.524339
-2.477374
-6.296528
-4.193104
-6.487980
-4.538918
-5.704396
-5.504746
-0.240625
-2.368544
-1.436790
-1.208142
0.287243
-0.106637
-3.544370
-3.109717
0.061109
0.380292
-0.676809
