-1.471835
0.024860
-1.274970
0.705443
-0.292897
1.214791
2.808341
2.783247
2.676319
2.669220
4.776413
5.128690
4.418472
5.353020
1.857186
4.608465
3.593410
3.024035
5.620880
5.208475
8.801599
8.508333
5.434720
3.853859
8.427620
4.337007
7.918385
8.731164
10.048850
10.757882
7.517245
10.722952
5.860092
11.605512
10.344723
8.181445
11.842716
12.178892
9.857403
6.898198
8.478358
8.701192
8.903984
8.901638
9.311300
10.205028
10.604270
11.737773
10.154298
11.015185
12.635613
12.594712
9.855630
11.947334
10.043408
12.756399
11.397940
9.840922
7.303929
7.375067
8.208118
6.481697
8.828824
7.372568
9.538945
8.149559
6.719909
9.341153
7.222580
10.142579
8.603504
5.389311
4.573125
8.644736
5.977501
7.940172
6.215481
5.771318
7.951864
3.060480
8.152605
4.278144
7.015958
2.872764
4.345653
4.714220
6.359005
0.770106
1.327652
3.220453
2.651501
4.778021
2.050655
-0.273130
0.288639
0.319091
0.766335
-2.341756
-1.521088
-0.836942
1.753474
0.144278
0.940625
-2.690046
-4.056024
-2.908326
0.808595
-1.130553
-1.464141
-3.670769
-4.756970
-3.249282
-2.169001
-6.749902
-4.898259
-7.289928
-2.542823
-2.559333
-5.047491
-4.593596
-5.450035
-5.040814
-5.613374
-4.617947
-4.524764
-7.116718
-8.230399
-9.307282
-6.740281
-9.764456
-5.654672
-8.199066
-7.697745
-6.953796
-6.028556
-9.818286
-10.503045
-11.971448
-9.723311
-11.708493
-7.748104
-7.628851
-9.198698
-10.335322
-9.478643
-7.703592
-7.541151
-9.858000
-7.769584
-7.657617
-10.779695
-11.000148
-9.914875
-7.719472
-8.053830
-10.414763
-7.794621
-9.173120
-8.631015
-7.729345
-11.785898
-7.134988
-11.786550
-11.519024
-7.198697
-7.974054
-11.321627
-10.518752
-9.141201
-5.523603
-9.079695
-6.786195
-7.233606
-8.686602
-7.921395
-7.883703
-7.773799
-5.422473
-8.841310
-6.802398
-3.726335
-6.122139
-4.551824
-5.385346
-3.232615
-1.384893
-3.558311
-6.163509
-1.314808
-4.653397
-2.202258
-1.462616
-5.177629
-2.866129
-3.012413
-2.663457
1.728758
0.688175
0.991532
-2.296248
