-0.996463
-2.014589
3.659233
-0.573360
2.637593
0.192406
4.994715
1.161185
3.619454
0.388050
4.666139
2.452716
1.334587
4.017553
5.047006
5.612820
4.709245
3.336398
8.287876
7.692865
8.822788
8.750876
7.872994
6.928051
7.974320
10.278402
9.177026
9.313895
5.407631
5.358022
10.478817
10.316635
10.083938
7.315711
10.355166
7.199675
8.919998
9.755841
11.799922
11.620397
10.498819
7.676355
10.554567
10.182546
6.949765
11.533234
11.314694
10.897747
8.763576
10.138402
11.676376
9.580207
12.769544
8.608185
9.826284
11.539254
11.651768
9.503059
11.437363
12.378784
11.426658
6.790394
7.379713
11.236977
9.654361
9.501869
9.078376
8.065325
9.763690
7.127669
6.979586
10.641626
8.303258
5.120151
6.346185
5.772188
3.655052
4.580976
6.764219
5.051122
6.166298
4.788515
6.981016
5.351943
6.446370
6.512872
1.839863
1.453292
3.756053
3.405823
1.518256
1.757383
-0.657282
4.809104
0.981259
-1.731218
-0.899459
1.461041
-2.477606
-1.801804
0.274437
0.234972
-3.515902
1.187046
-1.480751
-2.572026
-2.443817
-4.346625
-4.283419
-4.394057
-5.062066
-3.946106
-2.135699
-6.795016
-3.137208
-7.209199
-2.148523
-3.461086
-4.155734
-4.633787
-4.602937
-4.339635
-4.957545
-7.833143
-8.850326
-7.744603
-9.923382
-7.652988
-7.163360
-10.445757
-10.339440
-7.657697
-6.432244
-8.918540
-7.568889
-9.420960
-9.397568
-7.143473
-6.445997
-11.224469
-7.202856
-8.253540
-11.807788
-10.964682
-9.102432
-7.908094
-8.848576
-9.346712
-8.202532
-7.490962
-10.112785
-7.676999
-9.743935
-11.801201
-12.514522
-12.053233
-10.320580
-11.286718
-12.317278
-7.110342
-10.672084
-12.066682
-8.132969
-9.128928
-10.180891
-10.360448
-6.135675
-9.846312
-6.319350
-7.240569
-10.161465
-6.863909
-4.803865
-9.349116
-4.693802
-4.018085
-7.543037
-8.040060
-4.149919
-4.047857
-4.658249
-4.910529
-5.854856
-7.513269
-6.855085
-4.690685
-2.753874
-1.353087
-5.549193
-4.366376
-2.753616
-5.088179
-0.464117
-0.543964
-0.984851
-1.019743
-2.677950
1.372617
0.821880
2.056391
