3.299452
-0.960728
-0.066297
0.645778
4.392712
3.887441
0.943869
0.230994
2.094377
2.284797
1.179194
0.755546
1.526175
4.551961
1.778464
6.032440
2.237511
3.827397
4.767879
4.380306
4.175349
8.411475
5.845858
4.723964
9.167173
7.474501
5.669640
5.305662
10.656503
9.383480
6.254590
8.808407
9.454623
9.216867
9.354813
9.677173
6.768598
10.143480
8.107350
7.963301
8.200221
10.256356
11.070670
11.370382
9.331171
12.030844
8.902687
8.861196
12.977537
12.821554
10.154608
9.650471
10.130116
7.610084
10.757624
8.086830
9.449220
6.749582
7.258281
9.140474
8.384905
9.612419
10.677071
10.888928
10.012950
5.866084
9.317850
10.749601
5.947093
6.020275
7.128442
7.117004
9.089801
6.300416
8.331654
8.423911
4.286815
4.106832
8.260122
6.320639
8.247798
3.672834
6.630735
5.411272
4.404881
6.996109
6.152441
1.144072
0.709504
1.081837
1.814918
2.050935
1.051668
4.584587
-0.980331
-1.096949
-0.690537
-1.567423
-0.698406
-2.038752
-2.004412
-2.214248
-2.219585
0.048809
-2.335082
0.425062
-1.201381
-2.223670
-4.318584
-0.120527
-4.934786
-3.636026
-5.933734
-4.356241
-5.761741
-2.475360
-4.328655
-3.951066
-4.212779
-6.956390
-9.119144
-6.667311
-7.967441
-9.822051
-4.326528
-8.543213
-5.694968
-5.923358
-7.276635
-5.977677
-9.846344
-9.150287
-9.035627
-6.460832
-9.940336
-11.974013
-9.481522
-7.798314
-6.519802
-9.756407
-11.358263
-8.585281
-12.679043
-9.714913
-8.282237
-9.946085
-10.951551
-12.565833
-8.985003
-10.269077
-7.785910
-9.192817
-9.700038
-7.833186
-11.742286
-10.560842
-8.720235
-8.980835
-10.008171
-11.564056
-7.920739
-6.409794
-8.497844
-7.024039
-10.398538
-9.689007
-9.424661
-6.250963
-8.125264
-5.773542
-7.306577
-6.828889
-6.887419
-9.116856
-7.383884
-4.837108
-9.206749
-7.434993
-8.090213
-8.195096
-6.604468
-7.209437
-6.802420
-2.636833
-4.370835
-6.991049
-5.790274
-0.915698
-5.387331
-4.956063
-0.852512
-1.041814
-5.003918
-3.106400
-2.314348
-0.439437
-2.364124
-0.947386
0.874838
1.437312
