0.954216
0.676412
2.095510
1.439836
0.138285
0.957274
3.353397
4.746721
1.821215
4.628506
5.555510
2.331970
4.806182
7.053474
1.862056
6.791332
4.041986
4.641791
2.676107
4.791610
6.951926
7.784144
7.870645
5.641179
5.217596
5.059553
9.141458
4.889545
10.475774
5.358223
10.560912
7.714568
11.100172
7.152410
6.593432
10.130361
8.209326
11.068997
11.405504
10.129653
10.445815
8.425435
6.860220
11.111530
7.113740
7.434185
10.939370
8.053176
11.739872
9.164557
12.590165
11.179953
9.821599
10.704279
9.267810
12.435360
8.789913
8.481449
8.555643
8.873306
6.438254
8.803117
8.071841
9.975559
9.867261
10.306354
5.680569
7.363520
7.969488
6.630771
9.866934
9.193039
4.904763
7.251574
6.903081
7.933918
4.268875
5.436165
5.942121
7.073980
4.866435
6.011120
2.146459
5.828114
5.656103
6.991942
6.062829
6.315817
4.977311
1.299728
0.812302
-0.109387
4.318676
3.528630
3.985040
2.552965
-1.380787
0.517898
0.147891
-2.747794
-1.214449
-1.165177
-0.102278
0.397919
1.393868
-3.377775
-4.933322
-1.560908
-1.977866
-2.322697
-2.241470
-1.113452
-1.548097
-1.886972
-2.122420
-4.317715
-6.562789
-3.764933
-7.838755
-4.853760
-3.735259
-4.718970
-9.115854
-7.149261
-8.979815
-4.582092
-4.618569
-7.621475
-9.465482
-10.841864
-11.218756
-5.694551
-5.737226
-8.725543
-6.478594
-10.139440
-10.503996
-12.185395
-11.278738
-7.486241
-12.229349
-9.547844
-9.194737
-12.563053
-7.338267
-12.746602
-11.299035
-10.803592
-8.273905
-8.494002
-7.576323
-12.754833
-7.278600
-9.098076
-11.309947
-12.330674
-11.458281
-11.234042
-8.864173
-9.718708
-12.076661
-10.451022
-8.112961
-6.736345
-8.354025
-11.189787
-8.878648
-11.139965
-10.400222
-9.040907
-6.705567
-7.004109
-8.782140
-8.496462
-4.492212
-4.504354
-6.677416
-4.291013
-7.716255
-6.771335
-7.726762
-6.152167
-4.743304
-7.376905
-3.992823
-6.472722
-1.300127
-4.728479
-6.144679
-2.237388
-4.560266
-5.376000
-0.000686
0.719980
1.359732
-2.333136
-0.597720
-1.742407
-2.460821
0.348258
