-0.369778
-1.361830
3.313886
1.743789
-0.963837
2.111789
0.393205
1.012068
1.308979
0.674239
3.306885
1.238804
6.154895
3.884768
2.820149
6.573579
4.406907
3.019098
7.657352
7.031284
7.190661
7.785394
7.357938
8.702312
5.789743
7.594087
10.201990
5.988008
10.333193
6.728073
8.644421
8.019300
10.056967
10.940546
11.798112
11.269876
9.981746
9.912953
11.957524
6.619258
12.067776
8.794288
8.418607
8.315896
8.559050
7.314097
9.891201
10.391792
12.279182
12.713289
12.818530
10.913577
9.446323
12.455009
12.326338
11.531975
7.551100
9.544896
10.563469
7.358842
8.189194
8.651294
9.403094
6.319010
9.443268
9.366120
9.535892
8.382566
8.417382
5.662679
7.840587
9.432467
5.049951
4.441352
8.712474
7.582849
8.370896
6.894985
4.427351
3.131992
4.442472
8.183308
4.129118
5.508426
4.389044
5.319022
4.473630
2.073447
1.150296
4.659386
2.165295
3.304007
5.017606
0.811902
2.658723
3.148803
3.096955
0.369254
0.627197
1.942624
-0.079219
0.920834
-2.355854
-3.116126
-3.354071
-0.358885
-1.432795
-2.283980
-3.014283
-1.339957
-4.303068
-1.891346
-1.152101
-4.686184
-5.545546
-6.281981
-6.152084
-5.223282
-7.212674
-4.469198
-7.982028
-6.971849
-7.062994
-5.712507
-6.377012
-6.817820
-4.769554
-5.210717
-7.796619
-10.472088
-9.718816
-6.302447
-6.201545
-9.072876
-6.040994
-11.567020
-6.757284
-7.022152
-7.530084
-8.850064
-10.960403
-12.099394
-8.385013
-10.968468
-6.886394
-7.444583
-9.074009
-11.601423
-11.030432
-7.279440
-10.411328
-11.948195
-12.874267
-12.375322
-7.431271
-12.324310
-12.492485
-8.574669
-11.572172
-9.397224
-9.730525
-9.277540
-11.685378
-10.308009
-7.781548
-11.284315
-11.379955
-9.540680
-7.548497
-9.921916
-6.423528
-6.801032
-5.213266
-7.512218
-7.600137
-9.761944
-7.957326
-7.829279
-5.455682
-8.800321
-4.468807
-3.040727
-3.681091
-6.776448
-6.467102
-3.505926
-2.532880
-5.309778
-1.659061
-3.246656
-4.709922
-2.092162
0.178649
0.922688
-1.243331
-1.288736
-0.185234
1.031658
-2.898919
1.040618
