3.093866
-0.349421
1.612538
1.081495
0.423420
0.224565
4.848166
3.989951
5.724763
0.747946
1.768640
6.489542
1.318919
6.258993
3.900288
6.196054
4.715150
7.152309
2.714279
8.273410
5.111163
4.734368
5.606429
7.059584
9.050652
8.987758
8.055878
5.720266
5.242061
9.226740
10.313388
6.655005
7.283727
8.110725
10.638366
8.336816
8.374332
7.811812
6.471567
6.715439
7.223396
10.067801
12.069047
11.922178
10.419497
11.470210
11.300176
12.322882
10.224488
10.511489
9.550063
10.145793
11.213391
9.059143
9.228845
12.273358
7.399752
11.859172
6.975032
8.220600
11.921509
10.618178
10.977677
6.473069
8.016126
7.705723
5.747841
5.726830
9.076144
9.440439
7.754284
9.544048
6.994702
7.015407
8.716797
5.358672
7.919516
7.368031
6.071282
7.622470
3.749592
7.645178
7.187778
4.029871
5.554646
2.140162
4.189133
6.228487
1.280303
2.774122
4.494887
3.345639
-0.093227
0.133563
2.199235
2.962416
-1.239342
1.864414
-2.613321
-1.750985
0.023052
-0.839923
-0.771011
1.629505
0.375226
-4.448720
-2.047304
-5.240154
0.128265
-5.792621
-4.915408
-4.505077
-4.461546
-4.869401
-5.567726
-4.590278
-5.205088
-6.786882
-6.950127
-6.453981
-3.599832
-5.193853
-6.549566
-3.866236
-4.152923
-4.929379
-8.980738
-9.250110
-4.987670
-9.342058
-5.573615
-6.917313
-8.604662
-9.260043
-7.185854
-10.021939
-10.764266
-7.884055
-11.139879
-11.448499
-11.774343
-11.477173
-7.990507
-7.414511
-9.531059
-9.582198
-11.167297
-10.970811
-8.718135
-11.875512
-8.697412
-9.872244
-8.344092
-9.298018
-11.804928
-12.690165
-8.537991
-9.381637
-8.544224
-8.250421
-11.865412
-8.100275
-10.520368
-6.051687
-8.263030
-5.880728
-7.525982
-8.025210
-5.865166
-7.892080
-10.636916
-4.861260
-7.566299
-9.414341
-7.462081
-9.596203
-5.506905
-5.550657
-6.692009
-2.942667
-6.981002
-5.215444
-5.505562
-5.224095
-2.188471
-3.182300
-6.696714
-4.338911
-5.619039
-3.531692
-1.960011
-1.845602
-0.347174
-4.280498
0.499799
-3.494277
-2.130149
-2.208462
2.087820
1.717146
