-1.600886
2.419695
1.733442
1.603671
1.682276
1.948158
3.646145
1.131974
4.985372
5.034206
1.530118
3.277932
6.776432
7.217775
4.597116
3.334687
5.758343
6.302729
7.030698
4.596913
7.620040
7.333701
8.025907
4.329592
7.034697
8.301844
10.356468
8.551250
9.423600
8.047334
7.014307
10.131148
10.098002
6.171472
8.804071
11.064287
8.675597
8.480883
11.964045
10.719986
7.895751
7.638692
9.716144
8.690717
12.652242
12.544576
10.968834
9.292590
12.476534
9.614102
9.226968
11.387596
9.636407
11.330501
12.550816
6.875983
8.816787
10.419335
11.266374
12.110786
12.374169
6.832922
11.419178
8.559175
10.921991
11.598989
5.724593
7.457028
5.586385
10.854855
10.436883
7.930968
8.576317
8.858853
8.958644
5.362395
5.343470
7.621775
7.683149
3.765889
3.315807
5.866842
3.445512
5.481624
7.025545
4.138462
1.955348
4.869750
5.383827
3.488660
2.994414
1.209430
0.827639
3.287143
1.501030
2.145634
-0.044115
-0.764466
0.316623
-2.910806
0.808293
1.988606
-1.718204
0.052519
-3.639915
-1.371214
-2.487808
-4.583882
-1.036123
-3.077006
-0.785884
-0.783230
-3.659431
-1.326114
-5.381004
-6.016621
-7.851073
-6.092858
-7.957874
-5.367422
-6.960072
-8.859591
-6.330241
-6.974513
-6.390248
-9.137551
-10.229034
-5.444696
-9.169518
-8.390325
-7.613837
-9.515126
-8.944091
-9.289944
-6.689104
-11.360308
-7.987267
-11.642291
-8.377792
-9.351249
-8.448148
-9.662475
-10.229827
-10.690936
-10.368873
-10.679041
-9.544563
-10.254571
-7.862056
-11.532137
-8.617909
-8.521855
-9.432222
-9.983745
-11.787482
-11.895251
-9.510380
-7.355031
-10.663422
-11.488201
-12.374305
-11.825726
-10.971182
-10.772176
-6.747095
-6.098635
-7.596126
-6.490300
-10.661987
-9.235096
-8.985330
-6.217301
-4.966650
-5.811549
-5.535118
-6.617805
-8.841762
-6.512178
-8.772013
-6.769304
-4.331153
-5.538413
-2.668819
-6.532888
-4.990107
-3.164110
-1.795141
-2.202131
-2.973431
-1.703856
-0.834716
-1.896827
-4.368056
-0.408362
-3.850664
0.274909
-0.162220
0.098958
0.941251
2.330488
