-0.198025
3.150641
1.035279
1.365427
2.794252
0.636445
4.791509
2.400357
4.187620
1.693550
4.773039
1.866704
1.294670
5.278782
3.152672
2.801564
7.184796
4.497936
3.880467
7.122362
7.389971
3.600143
7.113163
4.881831
7.244788
9.418571
10.439253
8.695578
9.376654
8.861645
10.327960
7.113056
9.974691
7.253151
6.691392
11.657439
9.568980
6.913964
9.512669
10.164335
6.759092
10.726591
10.809080
8.710392
12.436297
8.869421
6.996237
8.230494
9.068259
12.087968
8.796308
10.724337
9.278976
7.436799
9.752494
11.608025
9.680953
6.976719
7.946013
7.526629
8.349489
9.954354
11.701373
8.859546
9.209424
7.592090
8.671187
7.659783
10.054788
8.193323
8.853088
5.868592
9.009332
8.308104
8.645174
4.702963
8.916277
7.956793
5.685055
3.476518
3.292119
5.394944
5.676188
4.337721
4.450107
6.756815
4.180363
5.117888
2.405377
1.824456
2.498317
0.272042
0.365628
4.714610
4.278206
-1.657145
-0.472016
-0.269551
-0.842307
-2.874126
0.921096
-1.668973
-3.653427
0.467745
-1.207163
-1.911458
-2.005513
-3.403408
-5.073255
-4.160611
-0.624452
-5.069867
-4.355319
-5.029815
-5.699671
-5.816253
-7.305602
-3.577394
-4.725078
-5.980674
-8.120182
-7.080297
-5.690272
-6.870181
-6.354365
-7.343244
-9.797086
-6.493613
-10.886382
-8.350350
-10.976161
-8.273895
-9.364591
-10.751588
-7.649798
-6.721733
-7.601822
-9.139699
-6.540548
-11.760459
-9.317451
-11.176973
-8.683136
-7.292877
-12.279823
-9.212189
-12.743828
-9.115347
-8.628451
-10.171633
-10.189938
-11.169053
-7.515811
-11.877036
-11.331655
-9.419128
-11.213696
-8.648990
-7.276811
-11.793451
-10.719908
-10.256794
-8.414842
-11.043201
-6.022753
-11.729309
-11.530105
-6.522274
-7.698989
-7.677976
-10.285014
-9.026361
-8.089977
-7.373870
-5.602830
-9.556381
-4.893947
-7.197505
-9.025606
-5.727037
-4.447451
-2.981905
-3.701694
-7.786757
-7.149180
-6.101273
-3.141787
-6.589774
-5.583750
-0.109200
-5.676198
-0.195102
-0.906933
-2.248664
0.051654
-2.573023
-1.265358
1.570144
-3.113773
-0.246956
