1.822576
0.345107
2.411051
0.372805
1.562266
-0.946265
3.374266
1.529659
1.957512
1.682223
4.148572
2.715587
1.615911
2.329232
4.204456
2.308390
3.188323
2.726367
8.203436
4.709128
5.917979
5.277339
8.435610
8.632217
7.208212
8.235226
9.509946
7.257863
6.763841
5.920507
9.071338
9.133553
11.475586
7.170888
8.317083
7.060024
9.121662
8.712657
12.185999
8.819236
11.976960
9.206974
8.151469
10.207825
8.558111
10.703304
10.600294
8.485342
12.751284
8.942301
10.583840
8.035172
9.360967
9.618473
12.571608
11.837700
10.852231
11.354152
11.393966
10.753363
10.068808
7.059986
11.753461
7.852436
10.367891
9.872524
7.890440
10.930369
9.402486
6.932907
7.015108
9.896710
7.323660
6.243492
7.854923
6.877903
9.428251
6.268757
7.226025
8.300144
4.035930
7.813637
2.909967
3.143320
7.455516
5.048403
2.574508
0.903941
4.655817
2.630299
5.445574
2.738790
1.162137
-0.928087
-0.797914
1.898460
2.809999
0.383692
2.126217
0.345459
-2.845940
-1.240735
-2.244536
-0.853970
-0.772800
-2.014735
-0.297493
-2.402045
-1.399371
-4.547741
-5.102787
-4.614692
-2.569937
-5.016925
-5.988232
-3.158933
-7.881258
-3.482344
-8.266153
-6.400189
-7.690459
-6.855018
-9.215979
-6.647845
-6.872811
-5.587013
-8.628229
-7.722539
-6.805536
-6.238663
-9.636793
-9.700237
-5.760757
-9.675756
-8.062549
-9.097943
-7.802541
-6.639859
-12.115057
-8.627199
-6.899589
-6.953627
-7.088394
-10.969016
-7.948510
-10.370263
-8.967866
-8.643956
-11.811130
-9.862287
-10.699045
-11.696329
-10.940809
-7.984036
-8.008243
-11.518354
-7.388162
-7.079837
-11.831225
-9.442416
-11.308385
-11.331246
-8.942495
-10.098421
-6.285301
-10.991665
-8.001063
-7.102741
-6.536545
-6.744121
-7.200104
-7.408183
-9.253964
-5.746561
-8.457680
-5.416744
-8.816662
-8.061470
-8.899798
-6.270522
-3.520828
-3.575223
-4.735711
-4.396523
-5.443993
-6.422454
-4.600401
-3.948215
-4.371114
-4.814403
-1.775700
0.484048
-4.296913
-2.700145
-1.277720
0.590486
-3.901162
-0.686292
-0.175508
-0.551135
