-0.149772
0.546118
-0.685582
1.482080
4.239496
4.141044
1.565055
0.216533
3.702590
4.374726
4.232794
1.506527
4.727363
1.954185
5.848290
7.115470
5.164586
4.281878
8.346713
7.788457
4.945122
3.687388
6.021698
4.466264
4.943244
5.343437
7.569720
9.087027
7.405941
11.063176
9.767249
10.217637
8.636350
11.343339
11.771231
10.418004
10.494004
10.037982
7.545264
12.180165
9.815637
11.045991
8.757628
8.065993
8.886580
11.960900
7.447446
11.582490
11.459633
12.819626
11.067071
10.333282
11.295255
11.653210
12.425345
12.112281
12.405448
12.057388
8.679188
7.352898
10.322915
9.911277
11.773493
11.628811
7.787440
8.019057
9.843226
5.938704
11.020929
10.329941
10.294585
7.502262
6.591735
5.703679
7.080242
6.138574
5.191614
5.311937
7.628713
8.553218
7.742998
6.776287
7.045493
2.920465
2.461878
4.996901
6.176254
6.558829
4.914232
4.315405
4.142495
4.272838
4.243877
-0.707352
2.892749
1.080809
0.825813
-0.580635
1.135812
-0.615896
1.340325
-1.706003
-2.680916
-3.593927
0.033884
0.298350
-2.225883
-3.360792
-3.613215
-1.469509
-3.444771
-4.993195
-3.728828
-4.455298
-2.465176
-6.900012
-3.755663
-6.258876
-7.107886
-8.308311
-5.229861
-8.386329
-9.510636
-5.654083
-7.885177
-8.061071
-7.315936
-10.282708
-6.908386
-5.705201
-7.147126
-10.205221
-11.063789
-6.123559
-10.285954
-10.104799
-7.265258
-11.849691
-10.313012
-10.199870
-11.849100
-12.363641
-7.438402
-9.829478
-10.345461
-9.877286
-12.314264
-9.177498
-7.872766
-7.974587
-10.144361
-11.134918
-11.494263
-9.822383
-8.408311
-12.196256
-10.094130
-11.047295
-9.246313
-7.582932
-12.004586
-12.191461
-7.757951
-8.692986
-6.203407
-8.582249
-6.987465
-8.848849
-10.415350
-7.203075
-9.029120
-7.432411
-5.465080
-9.303150
-9.542071
-8.038341
-8.987872
-4.926585
-7.156945
-3.736255
-8.413731
-7.636066
-5.177610
-2.351872
-7.430649
-3.718458
-5.558039
-1.817143
-0.516220
-6.024166
0.148293
-3.820125
-1.392998
-2.502060
-3.114604
-1.414466
-2.244119
1.813401
-0.620342
2.340540
