-2.514759
-2.117709
-0.757542
2.546771
0.297069
2.480549
-0.284577
-0.303256
-0.095879
5.495016
1.848485
5.439375
2.093936
3.344428
5.690493
6.804717
7.789206
4.896067
3.211733
5.194470
5.874259
5.977959
4.872248
4.741898
7.123228
5.477774
6.269025
8.508655
10.559336
8.275590
10.472108
7.756131
10.828345
8.692053
8.562649
10.780839
10.067281
7.433578
7.982755
11.172641
10.232424
10.971928
12.213099
9.459050
6.956523
9.031357
11.307906
9.803058
12.030843
9.840417
7.249413
7.296665
8.788977
9.063423
11.886917
7.544048
7.422899
11.906650
12.588883
10.487652
11.984356
7.256406
12.036012
7.881150
10.231442
11.177528
6.465467
5.560205
8.811545
6.567239
7.895733
4.968050
9.556178
9.439589
8.246842
4.240997
9.179008
8.231523
7.664766
8.137890
4.269186
3.062634
7.698688
6.344727
4.224848
2.687262
1.771689
2.663202
6.363902
0.853810
3.491783
0.060116
3.003463
1.460634
1.386528
-1.307875
0.880887
-1.070249
-0.759716
1.577441
1.285121
-0.372898
0.695545
-3.612196
-0.865141
-2.157950
-3.923574
-5.082229
-3.888517
-3.937384
-5.461691
-1.279721
-5.643516
-1.352944
-3.768624
-5.856573
-7.506205
-6.442162
-8.554140
-3.740156
-6.275280
-8.172717
-9.130841
-4.560786
-7.544488
-9.985034
-5.025196
-4.743991
-5.666519
-8.775799
-7.345637
-7.568098
-10.092944
-9.157158
-9.519630
-7.861082
-6.729835
-8.352140
-9.020259
-7.426992
-8.805152
-9.288635
-10.648273
-11.138909
-11.062844
-8.252224
-12.379123
-10.426114
-8.785895
-7.855574
-8.541652
-12.781226
-8.674169
-7.926151
-7.534509
-12.750633
-10.835584
-11.231886
-9.868320
-12.158334
-8.693313
-10.797806
-10.110280
-11.960411
-7.309770
-7.999042
-10.377340
-8.740287
-7.243592
-10.638783
-6.595833
-7.421181
-4.615247
-4.393341
-5.327804
-5.153836
-8.842005
-7.522834
-6.983620
-3.815407
-4.234868
-2.377209
-2.133444
-5.996916
-5.948407
-4.864075
-2.928764
-1.129574
-6.030609
-4.511756
-0.633890
0.148128
-0.757629
-1.792128
0.128148
0.421997
-1.053386
0.064170
-0.998892
-2.565016
