-1.709428
3.044389
-0.345554
2.676990
2.477865
0.674052
-0.112751
0.835191
0.643287
0.569480
2.040123
5.671714
5.916395
1.894893
5.095855
2.417604
6.376361
4.920489
5.706360
4.964162
6.140746
4.185529
5.962137
5.514044
6.884009
9.450005
9.333323
6.309305
9.715498
9.171407
10.094373
6.928836
9.772228
9.399540
9.740158
8.764673
7.137207
7.874620
11.619028
9.419443
10.107237
10.696337
12.562461
9.330277
12.782772
9.760926
10.273578
8.547846
12.366836
12.419695
10.858447
9.729762
10.472666
11.361503
9.543572
8.301292
10.068178
7.205995
8.592500
9.107911
9.821227
8.297009
6.686380
7.716163
11.369273
10.962814
9.702618
11.419079
5.615847
9.669214
7.224058
9.201050
5.019291
10.215791
6.858635
9.266423
9.603775
3.834583
8.842034
5.670867
6.584002
7.484943
6.216121
4.597806
6.549726
3.652476
4.164121
5.276956
3.250247
1.359813
-0.177048
4.994806
1.628871
2.072457
0.912022
-0.974797
-1.445565
-1.290703
2.010619
-1.946263
-0.476075
-2.472606
-1.903419
-0.077214
-0.157980
-4.217647
0.713874
-5.262294
-4.745972
-2.563786
-2.491369
-4.030971
-5.032017
-5.159491
-6.779846
-7.694312
-4.385748
-5.942862
-3.263469
-6.376475
-8.981498
-3.939526
-5.788616
-5.102012
-9.176418
-4.347094
-6.328716
-6.572558
-4.932891
-10.767866
-8.824580
-8.304883
-10.125759
-11.567447
-10.399409
-7.345091
-7.989656
-8.104062
-11.778877
-9.097175
-8.292459
-7.482331
-8.797618
-12.740754
-10.897476
-12.027311
-12.533470
-9.219435
-10.452056
-9.662521
-9.064457
-12.838625
-11.370054
-10.905678
-9.410674
-12.818863
-12.487670
-8.902665
-7.677357
-7.753044
-11.180818
-8.432437
-9.371711
-8.597561
-6.185105
-5.777621
-6.482604
-8.844393
-10.178764
-9.212493
-5.413365
-5.098548
-9.645158
-5.579981
-4.413587
-4.407814
-3.841699
-6.328622
-4.674201
-5.269737
-5.087772
-7.710563
-5.399242
-3.784001
-6.804657
-7.252062
-5.400553
-0.889981
-4.841209
-5.173418
-5.493565
-4.949299
-0.748588
-0.479739
-4.225522
-0.937325
-3.731656
1.331302
1.971643
2.252127
