-1.344662
-1.683707
1.646829
3.609858
-0.455004
1.695153
0.009354
2.412404
2.468873
5.927297
4.395690
6.308807
1.276702
1.445311
5.424943
7.217050
5.782296
2.895092
5.281834
8.744487
4.375250
8.400312
7.174073
5.808549
6.862395
8.377969
9.875754
7.047164
6.567451
5.600266
9.559789
7.231108
7.607411
8.369190
9.813127
10.581321
7.933515
8.014868
10.808220
6.809683
10.398176
10.923887
7.680211
9.883834
9.263716
8.827204
12.127708
7.588161
11.157056
11.669281
11.692560
9.045684
11.449007
12.388118
7.168849
10.820394
12.315373
10.015675
10.794158
11.111767
6.933112
6.731995
7.655233
11.823201
9.692377
9.193228
11.361317
10.404140
6.766516
10.387497
6.885989
7.118997
6.193722
8.702413
5.361298
6.321441
6.802051
5.772893
3.876009
5.742535
2.746657
6.495789
6.859835
5.655256
3.944770
2.735994
5.226879
2.219621
1.120672
2.799895
-0.118935
2.997634
3.683126
1.149464
0.554455
0.872063
-1.027323
0.221930
-0.785250
2.599786
0.981637
-2.671867
0.565799
-3.660655
0.478811
-3.341036
-2.538379
-0.177538
-3.508277
-3.325284
-2.445389
-2.945118
-5.839600
-6.933018
-2.090631
-7.351526
-7.822389
-4.381549
-4.505559
-7.255393
-6.255385
-6.248975
-4.993203
-6.972868
-8.307863
-4.479171
-6.678687
-9.144075
-7.610465
-8.590325
-6.467228
-5.474749
-7.302543
-6.575962
-6.563140
-8.436481
-11.115910
-7.635453
-8.522596
-11.789754
-11.751269
-9.601237
-9.345153
-10.780938
-9.279537
-9.480819
-12.894630
-10.162460
-8.148464
-8.516907
-11.234780
-10.811558
-7.617016
-10.638089
-8.145270
-6.978405
-8.928452
-7.329888
-9.769022
-7.967669
-12.247066
-7.697022
-10.100809
-10.179238
-10.146424
-6.979040
-9.324287
-9.493421
-6.844631
-9.816559
-10.044184
-7.909502
-8.011074
-5.178978
-4.100988
-6.024137
-4.832790
-4.721417
-4.315914
-3.846596
-3.119709
-6.196788
-5.473498
-4.915030
-1.760206
-5.789323
-6.274756
-5.985311
-4.536939
-4.623930
-2.610056
-4.288055
-1.414896
-3.194047
-0.826025
-1.365312
-3.779490
-1.331404
1.029714
-1.984207
