-1.880215
1.489884
1.144472
1.679857
3.930638
3.422092
0.974342
1.496617
3.854109
5.559731
3.914107
3.592449
6.552217
2.039343
5.186590
6.062310
4.620698
5.863950
7.183121
5.234290
4.839445
7.536388
7.843443
4.175635
4.668698
9.290567
7.115644
8.787446
6.268955
6.172093
5.526072
6.286871
6.354619
8.301547
6.099007
9.982701
11.009814
8.122247
9.502264
11.096676
7.513226
7.845237
11.028165
7.692481
9.880311
8.941546
11.493367
11.002685
9.225784
7.812704
8.615151
7.670638
12.388397
8.414030
9.995170
7.266103
9.981280
10.951322
7.325461
7.747890
10.454961
8.147391
8.798278
11.703915
10.270504
7.560329
6.976633
7.357360
10.122625
6.115949
9.252903
5.817698
10.471708
4.477141
8.002414
5.800604
6.895875
6.890574
8.196039
8.709385
5.326705
4.152464
5.865129
3.946810
6.599047
3.263640
3.761454
6.282211
5.631704
1.231363
5.421868
3.778089
1.962492
0.068644
3.184625
3.970125
0.544262
2.477695
0.224961
0.849209
-1.630159
2.219944
-3.126932
-0.769313
-4.418319
-2.147692
-3.447353
-5.432706
-0.902588
-4.853174
-3.047545
-5.406823
-2.282214
-4.588180
-7.168336
-4.179970
-3.397639
-4.509671
-6.035857
-7.196358
-4.088381
-9.361405
-3.988502
-6.671855
-8.539287
-9.973131
-6.618804
-6.943793
-6.727330
-7.310718
-5.795235
-10.216058
-9.953233
-9.612608
-8.369163
-7.592886
-7.706903
-7.028019
-11.769123
-11.945142
-11.783586
-10.766669
-9.391742
-9.874724
-11.586404
-7.456184
-8.105481
-12.422922
-10.687841
-9.439607
-8.626848
-9.023279
-8.537205
-10.451194
-7.366095
-10.594509
-9.838848
-11.545976
-11.773251
-7.004641
-7.267374
-10.156856
-8.817983
-9.933802
-9.928661
-11.347077
-5.841759
-6.024341
-9.661175
-8.165097
-10.269774
-8.864612
-6.131439
-6.458761
-9.714958
-9.559214
-8.705336
-5.953524
-6.139443
-5.061393
-4.598235
-6.064356
-3.056803
-5.594315
-3.053822
-4.672268
-5.921738
-0.705783
-5.641632
-4.468079
-1.849328
-5.097856
-1.870862
-3.377303
-1.528497
0.604409
-2.380524
-1.670865
-2.117117
-1.428311
