0.038869
1.393503
1.564070
4.231121
1.711713
0.232299
0.928047
0.154824
5.566492
4.304495
0.701027
5.670007
1.620834
4.222281
1.951468
2.464366
4.584593
3.032311
4.403504
8.873590
5.105993
6.137074
6.826005
8.971673
8.349810
6.258188
9.617489
5.841898
10.262673
7.185553
5.903572
7.695853
7.509101
6.298132
9.392773
11.377575
9.222547
11.593545
10.215430
7.937620
8.391078
7.883142
10.950756
7.379769
9.318995
8.167605
11.328027
12.312519
9.858413
10.996805
11.355961
12.026354
7.337156
10.114120
10.935074
6.925225
6.861525
10.134076
10.993688
11.187780
11.757513
10.304274
9.919311
9.298198
9.324700
6.433957
7.080061
7.726812
10.275027
10.444046
7.781503
7.707541
4.767369
5.378646
4.911839
6.225137
5.000283
7.299632
8.239360
4.701311
4.475733
5.879101
7.649402
6.059399
2.614751
3.880774
6.735857
2.447672
2.211696
2.612980
5.094104
4.882166
0.919054
0.330183
3.886913
4.121204
-1.136452
0.008106
2.112733
-0.850057
-0.102649
-0.204344
-0.701428
-1.473014
-3.773027
-3.058430
-1.036950
-0.529014
-3.695130
-3.218944
-0.391439
-2.166069
-5.475455
-4.488788
-5.638000
-2.241850
-4.546401
-5.362086
-3.757504
-6.231265
-3.449494
-7.120648
-5.524475
-4.018129
-7.895002
-9.749198
-4.973137
-7.036338
-8.458545
-9.938174
-9.392558
-9.709499
-6.961924
-10.964865
-10.991690
-7.720607
-7.335234
-7.468225
-10.417756
-11.933481
-8.268215
-12.166348
-7.292627
-12.024748
-12.162544
-9.762823
-8.840911
-7.321737
-11.377811
-7.398535
-8.321846
-7.500213
-11.472396
-9.177147
-6.923446
-6.949517
-11.754392
-12.379853
-7.798783
-11.858692
-8.068136
-10.693316
-10.488535
-6.646012
-7.715736
-6.620945
-9.934402
-5.450350
-9.361136
-9.022437
-9.311330
-7.796367
-8.441558
-4.903196
-5.831971
-6.483065
-6.951412
-7.010786
-7.381680
-5.306154
-5.337758
-2.464917
-5.410183
-3.695320
-2.845690
-4.145871
-2.140236
-5.797282
-5.771880
-3.358621
-3.049704
-3.354308
-2.311348
-2.038633
-2.603138
-0.537637
1.723783
0.616313
1.817672
-2.626617
