-1.814057
2.266128
0.621539
1.253402
-1.317413
2.749397
3.933606
-0.277767
0.369795
5.900980
5.370484
3.311322
4.193731
5.727375
6.660987
5.084073
5.089596
4.764144
5.273499
3.352616
9.065807
4.429119
6.044235
6.263166
9.474437
9.207246
5.220089
9.306313
4.910192
8.701329
10.422996
5.802853
10.561153
6.485993
8.521261
10.286136
9.620510
8.029559
9.755651
8.296435
6.729716
9.394504
9.678162
8.564741
8.447946
8.929696
12.691817
10.714717
8.156459
11.265285
12.717831
8.670361
7.636268
8.454249
12.431953
7.277768
10.930482
9.921986
12.022346
10.000061
6.559894
10.453945
8.282461
7.175200
7.822631
9.534012
6.839469
8.162757
8.046465
8.896230
9.063684
10.407467
8.102629
9.001086
6.358938
6.661625
5.492166
8.531008
3.166977
7.055279
3.247239
4.207546
2.375766
3.811139
6.186666
6.193860
1.341336
5.144974
3.542285
0.811177
4.403434
-0.120427
2.669272
3.895993
1.325231
2.187763
-1.367067
0.344352
0.992891
-0.864657
0.275423
-2.252835
0.158039
-0.032640
-4.507225
-3.744171
0.281916
-1.531184
-4.370220
-2.748024
-3.489867
-2.453200
-3.447819
-2.569500
-3.700091
-7.431103
-2.784274
-2.453074
-5.341383
-5.057222
-4.730242
-9.319483
-7.745716
-6.860356
-9.445847
-6.822783
-7.249863
-5.544121
-6.956035
-9.692079
-5.898798
-8.705807
-10.994530
-11.349735
-6.445725
-6.834629
-8.562551
-10.899019
-8.462782
-6.723882
-6.858634
-11.440487
-10.362684
-9.610718
-10.007306
-11.845195
-11.820032
-11.259683
-10.790669
-9.977030
-8.863651
-10.931319
-7.747787
-12.050598
-10.683006
-7.570196
-8.037612
-12.061824
-7.341912
-9.343972
-6.666916
-6.930797
-6.879021
-6.284307
-6.191299
-10.188713
-7.225180
-10.482147
-7.132037
-5.347961
-9.496445
-6.951524
-9.043348
-8.322950
-9.356181
-6.243596
-4.312675
-7.504180
-4.100011
-3.252085
-6.635364
-2.446198
-2.488531
-5.216752
-3.819965
-2.921318
-1.263953
-3.115871
-3.170256
-5.010753
-3.431063
-1.067584
-0.977503
1.075937
-1.311881
1.324690
-0.274062
-1.376887
1.918313
-1.905688
