-1.215763
-1.083162
3.641816
-0.151190
3.959245
4.284283
4.002206
1.345342
0.056908
1.827936
2.008143
3.719891
2.726094
1.991152
3.104475
1.922730
2.131806
5.706027
2.928132
8.694459
4.925368
3.752139
6.645470
8.671596
6.507260
8.756075
8.489143
9.284547
6.921020
5.554223
10.996185
8.851770
8.265114
9.210846
7.284731
6.890632
11.808423
8.918408
9.889819
9.010919
8.338860
6.707487
7.943780
8.035362
8.782402
11.865944
7.612987
10.005436
12.032036
9.035247
7.228488
10.365045
8.307599
7.856291
12.218161
11.618753
11.809080
10.111232
11.395438
11.296932
9.663872
7.510698
11.975256
11.640028
11.694320
7.285117
10.485812
11.018186
8.508171
10.065191
5.877107
8.650331
9.014878
7.596018
4.655112
4.782252
4.808365
7.463285
7.913917
8.364161
6.665518
5.005179
3.731894
5.858134
3.093090
5.930422
5.071644
4.599460
4.019282
5.756296
0.990470
2.389072
4.334980
1.295930
2.349364
2.416199
-0.569573
-1.456518
2.390100
1.908682
2.112640
0.961619
1.499720
-4.142659
-1.982427
-0.551234
-3.453228
-4.892225
-5.682995
-5.463093
-1.568793
-0.775513
-5.525548
-6.946936
-6.625510
-6.893804
-3.792320
-2.908282
-5.475025
-8.589038
-4.849037
-5.075138
-8.940915
-4.303291
-4.733928
-6.241721
-4.994694
-7.986956
-4.982689
-9.700715
-10.685723
-8.006358
-9.744577
-10.065268
-11.190379
-10.697386
-6.257633
-11.631437
-10.037669
-8.566037
-10.654133
-9.464754
-7.508142
-9.812797
-9.004802
-11.167237
-9.042969
-8.728472
-7.899622
-9.561444
-12.088941
-11.756999
-7.231308
-10.475453
-8.761272
-7.696566
-10.742286
-11.593144
-11.407537
-9.490423
-7.079870
-11.631614
-11.996136
-7.673307
-7.225600
-10.042436
-8.966370
-8.722985
-7.751840
-10.728715
-10.645581
-9.671666
-9.170893
-8.051944
-7.422413
-6.510783
-7.991152
-5.385670
-7.644940
-7.803574
-2.993577
-4.836441
-2.910855
-5.170981
-3.598124
-5.688508
-3.873505
-3.564242
-2.479733
-4.578582
-4.062940
-0.545131
0.070574
-2.330182
-2.154607
-0.149248
-3.192142
-0.826436
-2.527659
-0.747423
