2.680233
2.156355
-0.821276
2.569647
2.678045
1.379139
2.256244
0.485812
2.133104
0.329738
3.541138
0.740898
1.599968
3.168609
6.718991
2.775687
6.741308
4.781790
7.305975
4.568792
5.123914
4.628357
9.112772
6.933332
6.622829
8.147547
7.606118
5.597214
5.499915
9.370495
9.287464
9.992986
6.049880
10.943814
10.352674
11.492675
9.840552
10.494316
12.352578
9.727034
7.003023
11.298752
7.795832
10.774891
12.717819
9.448907
11.566904
12.098041
9.918453
10.976740
11.476751
9.878847
11.434552
11.171181
8.495206
11.221063
9.669184
8.075109
7.025733
10.516576
11.555292
7.139053
7.550587
6.219227
8.098914
11.247853
9.343818
6.078692
9.522069
8.320960
6.598185
9.044352
7.550377
6.782530
7.841166
8.405893
6.998544
5.532321
8.747023
7.191075
3.699664
3.203907
4.915382
4.830621
6.403887
1.661311
3.541556
6.615459
1.157850
0.452684
4.287294
3.371518
-0.242394
-0.899782
-1.097928
3.829169
3.331976
1.205987
0.966032
-0.934460
2.625486
2.115125
0.876830
-3.198153
-3.990317
-3.163742
-2.847714
-3.592486
-4.933518
-3.078582
-0.962024
-5.919122
-4.248496
-1.791782
-6.528211
-3.095940
-5.494503
-5.327236
-3.947447
-8.662607
-8.117247
-4.707692
-8.207650
-5.539215
-9.210203
-7.160236
-4.925833
-7.336030
-5.106312
-6.001979
-5.366123
-6.296779
-10.003786
-6.094120
-10.010890
-10.228421
-7.599090
-7.135553
-6.918964
-6.789761
-10.307821
-10.440146
-9.942176
-7.807252
-9.805955
-10.494081
-10.780366
-11.208983
-10.210346
-10.809076
-7.682526
-12.378046
-9.633350
-8.865738
-12.451855
-7.484289
-10.788028
-7.767662
-8.685584
-7.408044
-8.372889
-10.549584
-6.961836
-10.468520
-11.802588
-7.365407
-7.048178
-10.167656
-6.986134
-8.271114
-9.353144
-6.933773
-9.788129
-7.073547
-8.755500
-6.844228
-6.043538
-6.486427
-3.772939
-3.247204
-6.790084
-3.143267
-4.837931
-7.404017
-3.109306
-6.433746
-3.409031
-3.042489
-1.448377
-5.818805
-4.388533
-1.180664
-3.828944
-4.190814
-3.726781
-3.595264
-3.060393
2.348636
-2.568672
1.534856
