-2.433197
-1.450487
-1.141015
1.656919
2.635955
2.207649
0.473660
1.597560
1.469610
2.460331
1.340896
6.230362
4.907841
4.001701
6.333702
4.760131
4.833205
5.200031
7.506544
7.147886
9.000060
7.598046
4.744840
6.269373
7.337121
9.228250
10.337170
7.456028
7.674074
7.192422
6.862872
10.775627
5.918650
7.862679
9.124001
11.351626
9.188590
11.850562
11.458414
7.469455
7.106726
10.966352
12.327876
8.114999
8.108693
10.770994
7.360698
10.123531
9.547948
10.460547
9.057170
7.945200
12.422674
8.165647
8.446095
11.586334
11.949365
10.466998
12.573003
11.254081
7.673330
10.607523
9.002547
7.984360
8.673135
10.756366
9.662554
9.714729
8.391365
10.151923
5.607177
10.298204
6.907099
9.860811
4.531958
8.647033
7.434283
7.250904
4.398843
3.053272
7.106982
6.199268
7.710294
2.028692
3.440125
4.574382
2.865895
0.873858
2.046459
5.657132
1.649434
1.941929
3.469610
1.960414
2.409544
-1.388593
3.230875
0.007722
-1.300900
-0.851623
0.683077
-1.972230
-1.414524
-1.592231
-0.713448
-0.130658
-3.174359
-3.677956
-4.992572
-1.581233
-2.262500
-3.320567
-1.350031
-3.088185
-2.845650
-2.865670
-7.940910
-7.830692
-6.849072
-8.410699
-5.413988
-5.250370
-5.085549
-6.158087
-7.378413
-8.117861
-6.120086
-10.594831
-8.259509
-5.323539
-6.710523
-10.866986
-7.509890
-10.395269
-9.813263
-11.760491
-7.357930
-8.906491
-10.754016
-7.633078
-7.891886
-12.005645
-10.872064
-9.389746
-12.597305
-7.472644
-12.788635
-10.394293
-9.447234
-7.169527
-8.227546
-10.989606
-11.604945
-11.616425
-12.199641
-10.939979
-9.770173
-9.017080
-11.352651
-8.080237
-7.030767
-11.586242
-7.594087
-7.193558
-11.811648
-7.113856
-7.116357
-9.496100
-8.702700
-10.288906
-10.767072
-7.182496
-6.121616
-5.248142
-7.994917
-9.702203
-6.568233
-4.149951
-9.126690
-5.334875
-8.440794
-4.055999
-5.337211
-6.670357
-5.975565
-5.867772
-2.307682
-5.398710
-4.028308
-0.728563
-2.546447
-1.332338
-3.089625
-0.173453
-1.937154
-3.229025
-2.422003
-3.517139
-2.978382
-0.452357
