2.157645
3.094695
-1.670292
1.916397
-1.349758
2.074227
0.581572
3.300979
1.368909
3.074874
4.077076
5.189606
5.172648
2.789300
3.452298
6.708444
6.145703
3.309706
4.659830
5.793343
6.515960
7.068687
3.628430
5.501618
5.644839
4.358368
6.024303
8.875672
9.246213
8.150419
8.187110
6.831881
7.260653
6.369299
10.746199
6.779601
10.051177
6.871902
11.005937
9.224319
9.107374
8.255041
12.340677
11.191338
6.969966
11.468733
11.284288
10.749665
7.400222
10.160464
10.060910
12.154131
8.045308
9.059330
9.497796
9.729340
8.594356
7.402970
10.019447
11.363436
8.367663
6.432074
7.769164
7.434721
8.247601
6.914944
6.943942
5.855959
9.449598
7.501420
7.534077
7.425316
6.178542
6.407686
7.864134
8.603400
7.816100
4.225379
7.589309
4.276541
6.640245
4.975656
7.214087
7.654765
3.076991
3.937321
4.143182
0.982109
3.153723
5.171079
0.971490
3.902375
2.282617
3.114119
0.344819
-0.417125
3.313189
-0.896188
2.155810
1.474733
-0.019680
-0.882415
0.574515
0.447500
0.233508
-2.659299
0.626205
-1.928311
-5.143659
-3.366816
-4.153287
-5.094792
-6.286500
-2.837429
-5.336750
-2.167644
-7.334016
-3.093348
-3.074391
-4.318570
-3.508631
-3.731965
-6.888298
-4.081967
-8.913860
-9.731002
-5.406277
-5.656884
-6.689583
-10.744821
-8.571041
-8.797099
-5.839118
-9.404793
-9.260641
-7.304670
-6.325811
-8.955590
-10.962816
-8.348983
-7.257572
-9.585681
-9.286805
-10.196653
-9.899193
-9.930479
-10.255145
-7.837207
-7.250776
-12.637716
-7.115070
-10.898149
-11.742515
-8.375328
-7.325031
-7.597304
-10.074850
-12.202929
-10.730226
-10.909413
-7.353895
-10.128813
-7.660856
-6.915655
-7.572570
-8.128902
-6.770159
-7.260440
-10.507940
-9.157453
-7.104773
-8.172507
-6.384514
-4.369167
-6.985723
-6.131161
-5.368388
-9.360313
-8.518392
-8.134593
-5.343401
-4.722900
-2.993150
-3.608532
-6.483529
-7.158055
-6.836641
-3.804236
-2.119770
-2.721216
-4.105288
-3.375960
-1.409611
0.526973
-1.194307
1.168191
-3.391393
1.914039
0.713392
-1.965221
