0.416047
-1.067690
1.355464
3.242017
1.685920
-1.119160
2.499230
3.020557
2.722897
4.280241
4.452766
2.499426
5.860171
1.557695
4.114883
3.865875
7.998619
4.721378
6.673281
5.684287
6.594834
6.612172
5.858930
8.116334
8.179164
4.834910
4.589646
9.123373
7.995134
5.933813
9.745741
9.747122
6.230929
7.493715
10.826265
10.952378
11.447725
10.763901
7.041015
10.616723
9.240272
12.417113
8.682068
9.777662
8.525964
11.753652
12.773825
10.008717
11.399355
9.192689
12.374306
11.130919
7.367902
10.036240
7.903453
10.129981
10.349922
12.514905
12.208229
9.521403
12.085964
10.450300
10.026222
7.823620
6.414387
8.455845
10.614932
5.474347
10.011091
9.325960
10.490298
7.756858
4.966545
8.772687
8.548465
6.446509
7.392111
7.798501
7.494712
4.800582
8.573181
5.292392
2.797355
3.061209
5.749932
3.361173
2.047799
5.239050
5.868231
3.742600
4.254019
3.254066
4.386511
4.765251
3.076633
3.168176
3.067274
1.312593
-0.771682
-1.838019
-2.790048
-1.197887
-0.401768
-4.068665
-3.559892
-0.128696
-4.015027
-5.419400
-0.391895
-2.177233
-6.356806
-6.357581
-6.496092
-2.137233
-4.268185
-5.965802
-2.669895
-5.671970
-5.071842
-4.877068
-8.468527
-4.059350
-4.150248
-7.610223
-5.935845
-5.678511
-9.076269
-7.358975
-6.145730
-10.592484
-5.512939
-8.261567
-7.889266
-5.793097
-11.577731
-7.346768
-9.192486
-7.087470
-6.947526
-10.633621
-9.302190
-11.819311
-7.201450
-9.407260
-8.686583
-9.354102
-12.302813
-12.348221
-12.156172
-9.903577
-7.314302
-12.042403
-8.030949
-11.904186
-12.836435
-9.579605
-11.699036
-11.634699
-11.207373
-11.912461
-8.595453
-8.193560
-6.565918
-8.775036
-10.685711
-11.545402
-8.796653
-7.787306
-7.929711
-8.172333
-8.218322
-5.689636
-8.247687
-9.970141
-4.346444
-5.091537
-6.480643
-7.103812
-5.143649
-6.999161
-7.121457
-3.307053
-7.122303
-4.140344
-1.856799
-4.473187
-0.981939
-6.058915
-0.492014
-3.130001
-1.235043
-1.008568
-1.535824
-4.112382
-3.601956
0.716667
-2.804288
-2.874744
-3.213496
1.122584
