-1.925048
1.294467
2.257502
3.650544
2.527695
-0.900730
-0.753488
2.459911
3.540673
3.789107
1.688195
4.363111
5.069975
3.620632
5.948867
5.504092
6.284008
5.127125
2.825341
7.024458
7.128216
6.585814
9.142569
9.219331
7.696294
4.306244
9.619920
4.759627
9.425211
7.512667
10.954919
7.421982
10.414514
7.969092
11.876389
11.530704
11.923662
6.674836
8.905706
7.892612
7.988729
6.728036
12.107358
10.248372
9.954781
9.711815
12.897170
7.125874
7.097652
10.378663
10.036540
8.686845
9.804924
12.075335
11.747102
7.324660
7.748893
9.537814
9.614773
11.562279
6.509378
6.466143
8.622464
6.506681
6.908625
6.830882
9.090964
10.337856
9.545775
6.580919
8.779810
10.658628
8.375419
9.734879
6.771282
5.018036
5.736333
9.338547
8.418407
8.198979
6.415988
6.031657
3.941805
6.030335
4.664860
1.519365
6.890869
6.583002
3.353505
4.713912
0.558391
0.511226
1.193701
1.783806
4.258153
3.926761
-1.105679
-0.875952
2.858037
-0.270932
-1.667627
1.437393
-0.150989
-1.157163
0.718109
-0.009793
-0.333950
-4.083398
-0.402192
-4.708845
-5.511280
-3.627697
-2.230239
-5.459158
-4.773874
-7.789287
-3.629475
-8.141977
-5.248151
-8.565851
-9.004779
-7.951158
-5.402535
-8.122892
-7.901171
-8.066530
-7.670651
-4.887144
-6.429222
-7.818778
-9.363219
-6.892247
-10.900159
-8.741569
-10.675269
-10.976143
-9.352112
-7.624373
-10.905919
-8.611654
-12.300450
-11.471387
-8.247709
-12.441659
-10.469310
-11.092609
-7.328090
-12.295050
-9.991349
-8.653023
-9.908946
-11.599132
-8.992689
-11.787640
-9.138970
-11.895223
-8.323430
-11.129663
-11.509183
-9.445995
-7.876386
-10.270079
-11.144305
-7.823261
-8.252085
-6.727046
-8.128740
-8.508834
-6.244732
-9.736537
-6.343346
-6.305432
-7.265940
-9.154086
-7.772503
-6.823393
-5.723671
-5.192715
-7.333910
-6.007584
-3.263441
-6.163012
-5.021062
-6.267201
-4.546490
-6.142008
-5.236244
-4.310634
-0.442832
-5.927762
-3.915507
-3.355623
-4.540021
-3.511787
-0.407819
-3.450866
-2.205745
-0.603675
-1.004833
1.552396
