0.402808
2.418905
0.089487
-0.950816
0.085757
-1.009485
-0.328173
4.424455
-0.043516
4.551482
0.788900
3.341743
4.420227
3.906695
1.682680
6.049270
5.176896
3.108900
2.892170
5.806680
8.412408
7.190129
3.688662
9.549031
7.047178
9.794710
6.842945
5.011020
10.538986
7.385375
6.752091
9.891668
6.820212
10.732670
6.335073
6.231568
11.869803
7.338745
12.176580
10.945422
11.456239
7.605390
7.395210
9.761163
11.763721
9.974845
12.769388
7.416624
9.904972
11.856882
11.981455
7.848647
11.415269
10.145834
8.452859
7.021697
8.748102
7.054033
11.557522
9.240698
10.262838
10.347585
11.543379
8.816378
10.492365
11.668810
6.732592
8.331711
7.092892
6.548493
6.801076
7.329239
6.588065
4.532123
5.090056
7.834754
9.429078
4.005839
8.830386
5.859335
7.643901
5.642671
6.744010
3.747500
1.898838
5.729989
5.781125
2.789843
1.296258
5.144286
1.621849
4.243867
0.141670
-0.479817
0.678770
0.690369
0.216017
2.372736
0.558176
-0.709032
1.334679
-0.604173
0.779239
-2.055659
1.133095
-4.109282
0.757160
-4.235035
-0.647962
-3.530162
-2.493750
-4.707679
-4.620310
-3.332676
-6.263858
-4.005954
-7.790343
-7.092132
-4.995154
-6.856850
-6.194105
-7.020489
-4.589453
-9.540394
-8.231378
-8.173674
-9.847847
-9.586362
-7.201550
-7.086969
-7.852683
-11.031975
-5.746505
-6.858692
-7.607818
-11.646968
-6.882854
-9.207136
-6.805096
-11.863190
-9.667282
-10.027821
-9.208650
-8.081559
-12.627836
-11.064174
-12.065343
-12.958646
-8.846079
-8.486846
-9.131052
-9.311139
-12.755847
-7.936683
-9.785660
-7.066244
-12.738192
-6.997893
-8.880481
-10.713547
-9.055825
-7.228344
-11.940015
-7.583103
-9.446834
-8.207576
-9.729163
-8.625565
-8.704574
-10.631150
-10.083068
-10.687094
-9.289163
-6.773130
-6.629388
-6.170163
-9.591010
-5.827354
-5.584419
-3.990788
-6.646660
-5.492021
-2.754625
-2.420782
-6.156064
-6.446526
-1.003629
-2.676666
-1.331068
-3.899173
-0.202758
-1.506982
-4.881890
-2.076459
1.146332
-2.701478
1.171852
-0.279523
-1.857761
-2.904996
