-1.728422
3.121227
3.007404
1.261931
1.019119
1.800268
1.287388
1.703749
1.676256
0.536436
5.460687
1.740932
5.608852
6.032547
3.396953
2.715770
4.170986
8.345569
4.996421
7.151163
3.815620
4.002242
3.664204
7.851655
8.588299
8.608488
6.706788
8.298780
9.781631
6.553643
6.880400
9.317103
8.617920
10.082411
10.124179
10.131511
10.904919
10.856458
6.956047
10.591182
10.431925
7.345411
8.686153
9.855679
10.755909
8.961807
8.273909
8.304695
8.197935
12.773136
12.305737
12.024590
8.328417
7.514060
12.243035
11.508901
7.232414
10.159768
9.039749
8.192881
6.720288
9.150093
6.706060
9.312220
9.448654
7.431573
10.888515
5.505906
6.882417
5.783114
7.408351
9.892698
8.486972
4.401259
5.512136
7.140019
5.071980
8.966854
8.355541
4.972450
2.682600
3.381923
3.526808
3.327305
1.651522
6.326303
6.288529
4.671968
2.014812
0.154980
1.488869
1.232507
1.013385
3.124220
2.114322
3.505444
1.072109
-1.084009
-0.924217
1.596794
-2.842637
1.860574
0.723849
-0.752134
-3.277850
-1.101428
-1.821059
0.345973
0.192785
-2.987946
-1.860675
-4.594288
-1.183873
-2.509979
-1.996608
-2.293710
-5.312346
-5.500750
-5.258019
-4.570833
-6.806469
-6.631240
-5.856829
-8.538406
-5.337775
-4.685213
-10.408431
-5.958443
-10.010772
-10.593583
-7.581638
-8.523364
-7.930087
-11.173480
-6.495751
-11.689013
-9.142162
-7.825523
-8.436610
-10.408122
-11.393207
-9.182594
-10.368356
-10.611048
-11.350811
-12.205169
-8.838020
-7.317591
-9.642172
-9.122076
-12.185264
-11.227076
-10.826007
-7.835499
-12.154410
-10.198289
-8.999714
-10.399779
-6.792160
-12.040735
-11.622204
-6.774833
-10.297735
-11.779989
-7.890676
-8.752989
-10.969364
-9.224400
-5.582430
-10.430072
-6.288211
-5.983204
-7.105917
-6.220263
-9.286696
-4.903029
-9.242451
-4.108825
-4.121924
-3.942440
-5.485454
-7.793698
-3.624323
-3.071261
-3.752341
-4.524493
-3.965709
-6.450244
-3.666487
-4.055705
-0.414766
-2.882709
-1.385991
0.376917
-0.450064
-2.625180
0.271539
-1.111895
-3.069689
-2.848840
