-0.732884
-2.077870
2.593562
2.551107
3.302505
3.952734
5.010889
1.068049
-0.102723
0.672702
2.687910
0.794693
5.470047
3.571060
4.542998
7.242128
4.779538
4.281310
3.046761
8.411506
7.834988
4.645706
7.837931
5.128080
8.244558
4.374519
9.490967
9.608440
9.911470
9.615634
10.064446
7.792558
10.912990
10.884946
9.411310
7.886837
9.562003
10.565130
8.815125
7.634907
9.876153
12.232692
10.136576
12.617245
8.272775
8.844923
7.191833
7.422508
7.914286
10.902153
8.975649
7.398630
12.587340
8.785634
12.153009
8.727210
11.477253
7.085544
8.971155
11.067867
8.652088
8.896313
7.146765
11.885684
8.315754
7.294490
10.654972
11.404023
7.781276
7.918932
10.245087
9.678872
7.824882
8.697786
8.880459
5.795087
8.956842
8.674260
6.168098
4.070515
6.272568
4.711425
6.823821
4.659531
4.272792
1.649716
2.844647
0.793739
2.898313
4.016882
1.024102
0.463111
3.353824
4.764605
2.452079
2.090895
2.979145
2.163243
-0.674391
1.744679
-0.961697
1.915717
1.161615
-1.841559
-2.126060
-3.999604
-4.861277
-2.332966
-5.263118
-1.074849
-5.474715
-4.509856
-5.348768
-5.307499
-3.987052
-5.785247
-6.889165
-5.367494
-6.614632
-3.718793
-5.418340
-3.535789
-7.363265
-4.953190
-9.281263
-9.360698
-5.955121
-7.020672
-6.174406
-6.242492
-10.173285
-10.423420
-10.151890
-9.158869
-6.639983
-7.511031
-9.864226
-7.970261
-10.362342
-11.795885
-10.863818
-10.876558
-7.806755
-9.829647
-9.649566
-9.826317
-11.876742
-8.937200
-9.716095
-12.006792
-12.631244
-12.136501
-7.150175
-9.604744
-9.281405
-9.821746
-10.769497
-6.850792
-8.561531
-11.847597
-8.115361
-6.922207
-6.263107
-7.050773
-7.312939
-10.860625
-11.286008
-8.224027
-6.727516
-10.388962
-8.808464
-6.258248
-7.102013
-8.982924
-6.615072
-7.654592
-4.347726
-8.627859
-8.651812
-3.178247
-5.044606
-5.890175
-2.125633
-2.736274
-3.577944
-2.282042
-5.302344
-5.949022
-4.501903
-3.936278
-4.722689
0.179741
-2.433495
0.877570
0.858564
1.300238
0.044807
1.611125
0.978400
-0.602329
