0.701300
2.200281
1.663673
-0.454426
-1.278176
-0.604277
2.031328
0.414338
2.243965
1.776090
2.712561
3.571816
6.072614
6.640600
3.859430
4.514660
5.950837
4.552485
5.463763
3.418519
7.097367
7.583617
4.466332
5.319447
4.997405
4.613113
6.617456
7.285456
6.051550
9.074404
7.823116
10.412846
8.826372
10.634891
9.971209
10.080658
6.615497
10.843016
11.262248
8.732628
9.241687
8.930147
11.300580
7.818853
7.348139
12.378265
11.696591
9.680346
10.771871
8.738290
7.863947
8.764915
11.242373
10.827996
11.351533
10.476853
12.293690
11.811341
11.488701
9.412671
8.317139
7.020727
11.690506
6.062021
6.089399
9.845672
7.417498
5.780478
9.033755
8.490030
7.988810
4.935697
6.998937
6.412252
4.300311
5.838828
4.436355
7.990572
4.678339
4.222603
7.266393
2.775429
7.960029
5.457152
3.014535
4.803054
4.741027
5.080330
0.882692
4.716799
5.359889
-0.028313
1.639021
-0.273193
3.091854
3.702180
1.494228
1.305219
2.336273
-2.812137
-0.727868
-0.330244
-0.801020
-3.649762
-3.785889
0.391949
-0.801652
-0.208479
-0.064265
-1.087696
-5.218039
-2.403296
-3.896969
-3.885478
-4.601344
-4.109537
-3.262597
-6.152560
-3.740417
-8.712662
-6.037931
-7.632101
-9.599057
-8.511452
-8.122383
-4.391172
-9.711951
-7.907124
-8.843998
-10.908810
-9.133241
-10.608884
-10.959810
-9.257842
-7.323097
-9.656020
-10.962156
-10.361636
-9.982125
-7.815392
-7.490057
-12.533005
-11.498849
-12.288804
-10.015078
-7.187637
-7.578952
-12.979444
-9.317771
-7.608889
-8.791798
-11.060398
-8.103878
-12.148803
-10.933904
-7.429387
-10.481421
-10.531958
-12.408630
-11.814632
-9.533103
-12.007345
-11.403612
-10.685594
-8.550038
-11.550858
-8.476475
-8.237992
-7.835894
-10.694638
-6.029701
-8.543311
-5.595258
-5.672805
-9.627898
-7.457780
-9.443027
-6.432843
-7.356301
-5.220304
-4.599021
-3.497350
-4.449757
-7.155883
-1.724555
-4.854803
-3.220172
-5.571085
-2.446580
-4.035565
-4.122939
-1.845644
-4.387159
-1.083458
-0.090367
-1.509878
-1.327577
1.076813
-1.538707
1.894814
