0.451880
2.481348
-0.997159
-0.800110
4.254020
1.020801
1.429805
2.444324
0.490903
5.229630
0.978271
1.408508
1.344696
5.164903
3.788233
7.210171
6.248551
5.056418
3.821603
8.166829
6.318174
3.972249
6.376999
8.657257
4.188396
4.775002
5.720567
6.521132
10.031122
5.465796
11.129600
6.170199
7.618770
10.146138
7.368230
10.845693
8.773941
8.616516
10.356265
10.813303
6.646081
8.044428
7.416193
7.909741
8.932330
7.951112
7.168657
10.051068
7.597394
10.312646
7.969679
8.203524
11.468269
7.800066
10.237110
12.060081
7.752330
11.292086
9.635913
7.838466
7.692341
9.747174
12.115959
10.208292
9.186173
9.937811
10.947963
5.984259
7.723164
6.809862
7.376159
5.840791
10.050490
4.637555
6.089750
6.339927
9.169510
8.297018
4.043561
4.810400
8.043400
7.624226
3.246378
5.498880
2.063669
4.755299
6.124293
3.610181
0.410055
5.404313
4.439139
2.308089
0.534516
1.048056
2.218157
1.598447
3.452059
2.914689
2.474083
-2.062188
-1.120650
-1.830815
-3.025076
-0.285404
-0.811344
-1.844502
-1.023731
-1.694275
-1.757923
-4.195743
-3.313419
-5.015046
-1.933295
-3.825678
-2.898420
-3.128067
-2.957044
-5.192573
-4.898612
-4.080131
-7.442372
-9.192942
-7.191880
-6.769269
-8.321232
-6.629141
-7.943076
-6.104887
-10.686734
-10.428227
-11.169675
-7.095918
-11.162700
-5.911949
-11.798606
-8.269816
-10.914978
-12.044387
-11.928827
-6.924367
-9.385463
-6.862589
-7.315552
-12.651559
-10.936531
-6.952914
-7.377710
-11.446428
-12.260223
-8.180512
-12.920797
-8.080477
-6.999393
-9.950153
-9.069526
-10.587672
-7.124124
-12.192084
-7.535324
-11.025547
-8.967231
-10.127672
-8.405052
-8.755381
-6.185071
-10.035634
-7.951555
-6.949078
-6.188770
-8.011521
-8.308459
-9.186799
-5.856920
-7.880529
-6.185901
-5.997351
-9.400774
-6.191538
-6.363399
-7.914952
-5.918263
-2.468870
-6.864620
-7.104564
-2.896703
-6.505718
-2.080027
-1.971645
-4.420174
-2.192651
0.142732
-0.542275
-3.262362
0.691420
1.333688
-0.519039
0.590489
0.695590
-2.589256
-0.183361
