0.926709
-1.696171
2.064124
0.826545
-1.187232
4.539021
3.091998
0.653750
5.783440
1.155738
3.648786
2.238587
5.967373
3.786262
4.999159
5.686043
3.379300
5.703810
7.775844
7.896642
7.401272
4.484298
6.230377
8.389370
5.399262
6.459966
5.449154
7.805353
9.472185
5.305461
6.436237
6.013439
8.112048
6.272522
7.791084
11.057985
9.423531
10.198452
12.296648
10.356731
11.782589
11.891133
12.542621
7.246218
7.414866
7.963677
9.191907
11.577284
9.789684
10.283449
7.654677
9.763736
11.120889
11.764148
10.091462
10.869226
11.607328
8.772047
7.217593
10.867649
8.210827
11.454268
7.455357
6.748442
8.058857
10.965347
9.689714
9.403770
8.997302
6.992770
6.682473
8.734771
10.359171
6.010059
9.876055
6.780474
7.604124
8.221180
3.153631
7.652222
8.395123
5.398449
5.977357
5.050529
6.535974
4.742368
3.041636
0.990231
1.060950
3.267499
0.232750
5.328205
0.534206
3.137093
1.770552
-0.349432
2.530123
2.823213
1.549606
-1.487647
2.358303
-0.192150
-2.225046
-3.563208
0.268641
-4.643600
-3.843632
-2.022177
0.003963
-2.996212
-6.112209
-1.576227
-5.107398
-3.350212
-7.165435
-4.917187
-4.643438
-5.666426
-7.378164
-4.321288
-6.098859
-7.019498
-3.707948
-6.261611
-7.134817
-4.349554
-4.511187
-7.720336
-10.789700
-9.703951
-6.094665
-6.412766
-8.724937
-8.355985
-9.844556
-7.558965
-10.096144
-6.309389
-9.942238
-9.099478
-8.006507
-7.953600
-12.311495
-8.791504
-12.418765
-8.779895
-7.804790
-11.716347
-12.806260
-7.303956
-7.448475
-11.743888
-10.065154
-10.211718
-11.987733
-10.118387
-7.239926
-11.577212
-11.562413
-10.490667
-11.159497
-7.142877
-9.857494
-9.909668
-11.250050
-8.750219
-8.237163
-6.333788
-9.549543
-9.759249
-6.434389
-8.098744
-10.316150
-8.997971
-4.683546
-8.562355
-9.240587
-4.471375
-7.518205
-5.792522
-5.553943
-4.801226
-6.068425
-4.765970
-6.589734
-6.553224
-6.939069
-4.829345
-3.709386
-3.917563
-0.469102
-1.575357
-2.626140
-0.838221
-4.365125
-3.887181
-3.827143
1.371797
-0.116671
-0.176983
