-1.658666
-2.325911
0.530890
1.936589
2.917078
0.430746
4.334580
5.471510
5.414090
5.664920
5.651809
4.725628
3.863520
2.797548
2.151364
3.404871
2.110361
4.430556
5.524861
3.335535
3.305923
8.832139
9.361577
7.863877
7.186939
6.142335
9.473740
9.710298
9.156804
9.249210
9.742312
8.114497
10.669475
7.617888
8.340883
11.737893
6.997500
7.111496
7.742760
10.029998
9.829597
11.224911
9.432739
11.632972
10.265407
10.959516
9.801579
11.382681
10.806343
8.142164
12.180842
8.684051
10.941900
8.408867
9.949558
10.785237
12.094243
9.284566
10.440806
12.187392
9.127419
7.307468
11.727560
10.566659
9.258349
9.486883
6.720702
10.371734
10.754099
10.625256
7.089314
9.595752
10.476496
6.131823
7.134720
6.880893
4.791810
4.455220
3.610762
3.826452
5.226126
7.485910
2.910873
3.536628
6.431038
2.079591
3.308736
3.218910
5.098032
4.151878
0.550223
3.755373
1.375580
3.630483
1.552432
-0.262827
3.911271
2.486300
2.647051
0.156114
2.351713
-0.283445
0.403537
-2.694772
-0.616818
-4.378794
-0.616540
-3.032652
-0.152059
-1.503064
-2.870463
-3.807386
-3.049448
-2.756319
-7.052414
-6.726937
-2.401308
-6.057317
-3.028115
-5.884130
-4.259495
-4.009202
-9.436272
-8.235478
-5.216839
-4.970967
-5.396866
-8.977079
-8.846363
-8.356197
-10.838319
-5.876113
-5.874788
-10.594403
-6.720251
-8.962010
-9.310371
-8.463642
-8.108223
-9.137623
-8.619812
-11.322307
-8.795971
-11.877199
-9.208092
-10.892541
-12.865688
-8.763685
-8.345924
-8.183353
-9.505613
-12.437976
-7.452288
-9.411175
-12.789368
-12.567233
-11.355178
-10.193022
-11.799311
-8.342179
-10.137867
-8.927617
-6.337742
-11.880950
-6.774427
-7.126491
-10.061662
-9.058227
-5.337260
-8.191733
-5.544861
-6.746619
-9.836533
-8.838097
-8.208860
-9.279877
-5.193073
-6.692852
-8.991047
-4.796103
-3.387425
-6.491367
-5.382460
-6.413987
-5.587461
-3.597092
-3.085981
-4.141186
-2.664944
-5.025405
-1.070263
-3.274990
-1.964564
0.482925
-1.842395
0.113487
-2.282760
0.723304
2.531120
-2.604272
