0.984009
0.343905
2.104664
-0.102464
4.431509
1.421082
5.088880
2.952231
1.076324
1.455430
4.497656
3.608511
2.089555
2.936839
6.924303
4.219126
5.460706
6.329370
5.861319
4.375618
3.895498
7.802276
7.035206
5.008648
5.575925
4.511293
6.153005
4.762088
8.563348
9.167495
7.735930
6.645831
7.358533
8.925940
10.120115
8.594290
11.906582
9.231785
10.090924
12.308874
12.399398
10.661951
10.231521
12.169300
8.209891
7.047099
10.386301
9.509997
10.901077
12.222663
7.853534
7.957342
11.259527
9.496189
10.009469
8.347878
7.916801
9.628424
12.265624
10.082100
11.897801
11.156707
10.878349
6.231454
10.322262
11.720918
7.992512
10.433019
7.071619
7.582714
10.190502
10.419718
8.156287
6.645548
9.700964
8.675016
7.255318
5.046253
3.576472
6.864714
7.191930
4.554110
6.079671
2.003668
6.879916
4.408947
1.871688
4.494999
6.357411
0.776371
0.950633
0.687499
4.497196
0.526137
-1.349982
2.206129
0.255460
1.164852
-2.618199
-0.881726
-3.049288
2.020316
-1.066092
-1.430342
-2.845739
-2.403007
0.436547
-3.159093
-2.680068
-2.089899
-1.360096
-0.760845
-6.472226
-4.868085
-6.542165
-5.985819
-6.258054
-6.509921
-3.164494
-3.075716
-8.867755
-5.594368
-7.981261
-8.894244
-4.826028
-8.487431
-4.817538
-10.457727
-10.458317
-10.443089
-7.363465
-9.413329
-7.463122
-8.947063
-7.543138
-7.771503
-7.244478
-7.815629
-11.330699
-11.372363
-8.363268
-9.557519
-6.801343
-10.174869
-8.646771
-10.759117
-9.738666
-7.416197
-7.902252
-10.688899
-9.164894
-10.605316
-10.168718
-8.444564
-11.969702
-8.649491
-10.519782
-6.815187
-6.681009
-9.859063
-11.406791
-8.288276
-7.243359
-10.008582
-6.913287
-10.554646
-8.115784
-9.545621
-7.143551
-7.398268
-7.176187
-4.777477
-5.635291
-6.336283
-5.178202
-8.287516
-4.000875
-6.064894
-7.150593
-4.228828
-7.400053
-4.669037
-3.211438
-3.684639
-2.739533
-4.355215
-6.689909
-1.235611
-1.876829
-1.221345
-1.600584
-1.777151
-3.938483
1.115658
-3.903529
-1.835036
-2.704791
0.389524
-2.577149
0.589030
