-1.728904
-1.594630
3.601676
0.759314
0.161773
3.980607
1.235274
3.522113
0.645857
1.182388
0.733348
3.955177
6.596978
7.158653
2.280106
5.398263
6.287268
5.920988
8.329855
5.573770
7.291466
5.426319
6.061300
8.605834
4.310745
8.998949
9.536799
9.427025
6.586562
10.169071
9.317517
8.999070
10.627098
7.068856
6.476554
11.386464
8.148907
11.057542
10.660106
11.538737
9.100746
11.459522
8.230453
10.094114
12.409291
7.285385
10.359770
11.941470
10.670345
8.003664
12.415489
12.847165
7.805907
8.869728
10.125329
10.439015
8.250818
6.811810
12.290529
6.876889
6.976174
7.600139
8.912927
8.451777
6.770511
9.823314
6.239142
8.980534
7.380813
8.452347
5.418711
7.614892
10.150760
4.842262
6.663854
6.775544
4.575484
6.694120
5.867728
6.391316
5.587083
6.201523
6.205314
5.858826
3.023867
5.387608
3.933061
1.845202
3.497956
3.872579
2.121068
4.751656
3.197485
1.786570
-0.270477
0.685889
-0.464124
-1.232488
-1.535168
2.694715
-1.898802
-1.238838
-0.356196
-0.476613
-1.478090
0.566253
-3.628449
-0.286881
-0.236650
-5.051609
-2.491782
-4.117205
-4.745609
-4.047648
-6.149914
-2.967767
-6.183309
-4.078892
-3.063305
-3.842920
-6.344805
-3.459156
-4.070384
-7.020966
-9.968460
-9.713382
-7.681740
-8.480645
-9.842424
-8.186554
-8.325466
-6.949511
-7.220898
-9.622155
-9.595039
-9.101800
-6.744724
-11.544058
-11.324649
-7.004432
-9.346160
-9.392276
-10.920629
-10.245402
-8.896589
-11.152551
-7.027943
-8.615929
-11.311296
-11.101363
-8.984353
-10.609466
-10.208743
-10.956435
-8.997151
-8.732280
-12.018517
-9.270428
-8.077185
-7.377651
-7.688780
-8.925024
-9.232510
-7.436801
-7.011969
-11.254120
-10.077884
-8.345292
-7.311547
-7.039567
-7.661004
-10.344116
-6.344969
-9.526882
-8.919950
-5.550697
-5.571946
-3.956786
-4.323577
-3.544604
-7.293201
-3.293618
-4.786282
-7.243653
-3.759146
-6.435835
-2.605630
-2.963645
-6.330229
-5.661024
-4.157060
-2.968227
-4.611757
1.080203
-2.812435
1.497258
-1.373706
1.747841
2.513533
-0.952637
