3.220445
-0.968521
2.053159
3.475166
3.608040
-0.038976
-0.613480
0.242070
2.988730
3.372350
4.210768
4.179875
3.710502
6.143771
5.882865
4.792829
2.325533
7.703129
4.416107
3.935625
8.168486
4.321550
7.588204
4.453341
8.703362
6.218766
8.579243
8.393971
8.085656
6.350241
8.202688
7.498059
6.283299
6.054639
11.516175
11.194639
10.674669
7.897461
12.201245
6.744110
12.347923
8.078852
12.106264
12.400967
11.017454
12.213377
10.766878
9.313266
11.447883
12.850964
7.735326
7.542323
8.387862
12.194950
11.574258
7.743083
7.589807
7.896417
9.344992
12.498464
9.624413
9.508454
8.140047
6.516205
6.694831
11.540001
8.456859
9.504674
6.125734
9.686896
10.862552
10.661882
9.024419
5.821597
6.867751
8.954327
4.681561
6.387448
4.656073
3.388125
6.879414
5.303308
5.060414
4.111756
2.527040
5.357949
3.093490
1.472400
1.734341
1.492511
5.564645
0.905930
0.178264
3.288245
-1.101597
1.852206
-1.168120
-0.584497
-2.065274
1.428548
1.599867
-1.873843
-3.665757
-1.500710
-2.920530
0.208965
-3.453819
-2.309556
-3.159992
-0.371711
-6.082417
-4.156419
-4.402757
-2.847495
-2.544476
-4.909450
-3.081165
-4.666670
-7.627288
-3.725869
-3.154495
-3.379488
-7.761370
-9.505497
-4.384703
-5.003385
-4.634886
-8.392044
-6.416319
-5.245387
-10.109328
-7.735281
-11.593841
-9.687433
-8.707988
-10.541304
-7.729739
-6.760049
-7.143965
-11.628476
-12.087954
-12.665513
-7.319422
-11.589320
-9.607012
-8.967154
-7.843700
-12.662803
-12.214059
-8.148432
-10.286943
-10.540059
-12.890779
-10.257805
-11.774640
-7.286657
-11.668373
-7.013430
-10.607432
-9.576639
-11.702401
-7.495804
-10.896383
-11.841702
-6.815073
-9.851923
-6.918339
-8.588109
-6.047171
-8.301175
-10.027571
-6.841713
-9.214703
-4.383277
-10.033681
-6.636625
-8.756245
-4.682785
-3.906976
-6.339170
-3.210231
-6.887046
-3.980024
-6.523087
-4.510308
-6.397184
-3.275062
-5.310211
-5.652889
-1.734615
-1.329766
-1.002354
-3.668137
-0.303354
-4.329893
-4.232247
-2.643458
-2.950706
2.448625
1.493526
