-0.425004
1.528211
0.186623
1.339776
0.550328
2.857514
3.672709
0.011973
5.190286
0.273208
2.515153
1.775029
3.479885
1.578707
2.672985
6.590199
2.104597
2.452565
7.426734
7.874725
5.189806
8.206306
7.525363
7.369239
8.825717
8.507530
9.910969
9.165528
7.695969
8.304981
9.178999
6.999725
8.839623
9.492430
11.440760
6.554021
7.645220
10.089190
8.552927
7.720244
12.323162
6.988454
11.968865
9.900514
9.953001
10.288626
11.433183
12.677678
12.791765
12.285412
8.476693
12.277516
8.695027
7.902689
9.834739
12.078411
7.449971
8.627542
7.290517
10.723029
7.051054
8.503221
9.687510
7.176737
11.106654
7.136210
6.010569
10.687562
6.722041
6.729986
7.696527
5.901967
7.256221
8.296936
8.832193
9.810739
7.099959
6.619858
5.424432
8.018366
5.308586
6.377430
3.267198
2.752940
7.522415
4.594055
2.198078
4.323189
2.759032
4.292010
3.547786
-0.440284
2.941582
0.141541
0.261424
0.628042
3.404265
2.272620
-1.843452
2.776009
1.297915
-3.543384
1.431620
1.202920
1.126681
-1.179661
-1.204855
-0.469248
-2.059284
-1.798448
-5.092712
-1.579303
-5.170988
-4.457576
-3.553490
-4.798500
-7.768703
-6.646533
-3.759043
-4.170081
-4.356092
-7.337137
-5.751391
-6.490674
-6.122290
-4.437868
-6.527046
-8.705752
-5.878360
-10.687862
-7.208569
-7.581390
-6.222360
-6.907958
-8.835083
-6.636625
-6.685221
-9.384826
-10.390188
-8.022584
-8.514270
-7.922310
-8.852076
-11.587001
-9.995904
-11.716106
-8.012142
-9.267502
-8.778060
-8.374620
-9.054253
-11.623526
-11.750582
-10.223468
-11.914888
-11.346206
-10.195969
-7.335532
-10.693534
-8.058858
-10.006059
-10.347621
-9.802720
-10.061779
-6.618573
-8.557687
-8.522630
-5.941791
-6.908963
-5.114789
-7.416426
-9.805848
-5.632431
-6.346000
-8.422006
-9.625270
-4.907220
-3.432662
-7.783503
-6.657434
-8.189557
-6.271299
-8.081916
-5.849955
-3.892707
-7.056698
-6.590456
-5.890015
-3.878374
-5.439534
-3.160238
-5.301225
-2.709922
-0.603782
-1.138530
-0.603887
0.304084
-0.331088
0.215732
-2.477289
