2.665389
2.547983
2.333424
-0.533145
1.923268
0.126605
-0.504782
1.328350
2.297638
2.391569
5.656052
6.377353
3.858956
4.114224
4.322273
6.614055
4.268821
6.773475
8.254639
7.877178
8.642376
8.224820
6.259476
5.846446
4.785222
6.965583
5.969505
5.440092
9.482110
8.221057
6.674076
8.339982
10.642654
10.523883
9.053622
8.440534
6.221373
10.349134
6.527778
7.117344
11.895270
10.316482
9.953708
9.940966
11.430020
11.265824
12.207008
8.521784
12.873758
11.045529
7.201248
11.485509
11.861061
12.197518
7.301869
10.941599
9.429158
7.794664
10.507367
8.393565
7.682359
10.097979
6.429573
11.126235
9.577917
8.797043
10.606286
9.932721
11.216885
5.496052
5.214471
9.571586
9.226146
8.902110
5.763555
7.421922
4.280277
7.471025
7.398657
8.191787
5.518206
7.696197
6.411758
3.153839
5.410075
2.876532
5.012876
6.390810
3.946926
1.881563
2.014685
5.238266
2.527019
1.757836
3.427220
3.281199
-1.852786
-0.106187
1.853616
0.365271
-1.421707
0.816252
-1.109460
-0.675149
-0.802425
-2.052449
-2.486627
-0.990769
-1.330774
-5.509084
-3.476282
-1.185075
-3.419543
-3.553721
-4.423629
-5.493300
-7.777400
-6.582446
-4.966115
-3.048273
-7.544365
-6.902314
-6.316407
-5.217943
-7.292405
-8.184657
-5.567111
-5.790216
-9.043070
-5.787585
-10.965494
-6.998317
-8.895390
-7.138541
-7.657549
-7.625038
-7.133043
-7.283947
-12.163105
-7.483459
-12.204288
-6.977995
-10.409777
-8.625423
-10.649540
-10.675452
-9.765913
-7.038524
-11.341917
-7.907926
-12.737881
-9.973269
-7.937673
-9.752333
-7.451098
-11.103145
-11.363647
-6.987912
-8.690339
-8.018735
-11.806477
-12.281700
-7.569082
-10.598778
-10.890735
-11.129816
-6.803317
-5.590514
-9.846584
-6.977259
-9.487986
-9.189212
-7.256055
-8.956524
-7.716515
-6.874006
-9.570152
-4.952474
-5.464476
-6.858487
-6.260804
-4.937849
-4.053670
-4.171363
-4.674802
-2.254716
-4.502705
-4.347446
-0.753382
-0.728641
-2.488590
-1.981103
0.336110
-2.608872
-1.011026
-0.911851
1.733057
1.877786
0.571065
-1.192984
