-1.796776
2.256024
-2.048439
0.064250
-0.766558
-0.566782
1.618654
0.088396
4.050924
0.307703
3.903191
4.421582
1.174244
4.033551
5.257912
6.286840
2.640214
6.399534
6.399200
5.902569
5.235398
8.536487
3.682071
5.068222
9.349525
6.365902
9.082070
6.550619
8.277074
8.942153
10.205288
10.821592
10.151850
9.428590
10.170033
7.787691
10.556728
12.284286
8.460631
9.507112
9.487852
9.657885
8.157756
11.353549
10.667149
10.452682
10.669357
10.468451
12.676024
9.595989
9.232426
12.129642
12.000557
7.728991
7.012181
8.299281
12.645137
9.645168
10.894512
8.540922
10.971873
11.535133
11.094923
10.688044
6.287625
10.402767
8.495629
9.216901
9.872628
8.917563
6.598703
8.181009
8.930014
9.115522
6.172450
4.651293
6.691244
8.352786
6.437884
3.883229
4.231175
5.735692
2.345525
6.074949
1.617421
4.750189
4.454221
5.218081
4.142974
4.895506
1.225409
0.994181
1.434449
4.653388
2.835175
2.708411
-1.229287
1.325463
-0.986968
0.227468
1.792868
-1.403357
1.523982
-3.543010
0.736423
0.794117
-0.646904
-1.458380
-1.081827
-0.274097
-2.166896
-6.462469
-5.937855
-3.383909
-6.201973
-3.630336
-5.255379
-6.827828
-4.492211
-4.745529
-7.692187
-5.894047
-8.531600
-8.940137
-5.586157
-7.971769
-9.902324
-5.267722
-6.684364
-7.123000
-5.451387
-11.171506
-10.738753
-10.552583
-10.204703
-9.607614
-11.846868
-7.944505
-7.121570
-8.845155
-9.504372
-8.508013
-9.135146
-9.699254
-8.940372
-7.270084
-11.013953
-9.057062
-7.961270
-11.289800
-12.958212
-11.187821
-11.883814
-12.587687
-7.105588
-11.677589
-8.327190
-11.416478
-7.296876
-8.989905
-10.712319
-7.729657
-7.562076
-9.483914
-8.788234
-10.758757
-8.021018
-9.913462
-10.947230
-10.683697
-8.926266
-9.751759
-9.354231
-8.091584
-4.462966
-3.920257
-6.050139
-6.493581
-7.729826
-6.284834
-8.046888
-4.655374
-5.033897
-4.579380
-2.369102
-1.790090
-2.836828
-1.968570
-4.641534
-3.298120
-2.406592
-2.666308
-1.758656
-1.036373
1.247627
-2.226237
-0.572175
-0.822534
2.470765
2.842515
