-2.507448
1.359034
0.261305
-0.495710
0.298975
1.658362
1.931603
2.930905
-0.192834
5.275096
1.626802
4.513613
6.607708
7.110515
7.317879
3.426551
5.198815
7.326587
8.290921
3.170712
3.552186
3.621870
8.607504
6.107774
6.761010
6.072877
7.686820
6.940567
5.867347
6.189521
8.956273
8.902181
8.877917
6.381277
8.916349
10.693367
8.904788
9.045142
6.647548
11.684348
10.602881
9.780585
9.487423
9.898584
11.764324
10.721073
9.629625
12.363378
8.909045
12.310613
7.199269
9.148991
7.783770
10.172495
7.264026
9.680717
6.975030
8.974027
7.441701
7.229638
9.432633
6.678508
7.749851
9.028878
10.703382
11.228282
11.140168
9.132536
6.305288
10.217690
6.357064
8.101353
7.325241
5.023357
9.885837
3.946263
5.803966
6.774380
4.158449
3.675442
8.127507
3.157414
5.332676
3.553525
3.949378
4.915856
3.830299
1.436188
2.929571
4.061747
4.364085
-0.238939
2.540064
0.812413
4.529812
-0.574632
0.743151
-1.189151
-0.026051
-2.090362
1.351093
1.718494
0.743262
-2.096540
-3.725635
-3.310562
-3.524337
-2.518810
-1.953104
-2.881234
-1.188383
-2.696270
-2.910183
-2.634162
-5.580312
-2.052882
-3.344623
-2.437563
-6.057367
-4.282307
-5.895203
-9.236097
-5.897330
-7.834210
-5.081855
-5.896983
-5.888833
-5.190820
-6.400162
-8.609857
-5.980114
-7.741664
-6.695396
-9.590464
-9.284336
-7.935087
-8.083731
-6.526356
-7.278569
-10.204257
-12.316796
-9.469689
-7.607937
-9.789444
-11.975604
-9.577333
-11.259726
-8.918560
-12.308641
-11.897441
-8.010623
-10.652444
-12.382644
-7.837723
-12.440576
-11.339847
-9.806453
-7.451309
-11.264667
-7.742641
-8.298146
-12.011962
-6.834043
-9.056967
-9.402180
-10.415906
-8.311751
-8.015458
-8.992383
-11.040088
-6.579058
-10.624575
-5.808242
-9.153279
-5.180294
-5.102539
-8.396728
-6.234666
-5.547305
-8.018731
-5.097950
-3.176435
-2.892125
-3.219712
-4.836865
-6.960767
-3.460714
-6.387070
-2.517232
-3.375272
-1.337986
0.395979
-3.951071
-1.668856
1.000207
-1.834829
-3.223170
-1.902227
1.184119
0.554378
