2.955872
-1.689932
1.296230
-1.681530
-0.027707
4.158062
3.715745
0.867481
1.535841
2.285976
2.546373
4.951013
2.616691
6.082229
4.241497
4.261529
5.794040
3.821648
5.565071
5.380307
4.270041
9.345093
6.782852
6.584992
6.614040
6.009817
8.753212
8.708121
9.756128
9.301416
7.690927
5.660739
5.812804
8.814663
6.833084
8.040225
10.809898
8.447719
8.694921
11.793809
9.843872
7.744950
10.637966
7.842415
8.939990
10.594564
7.748478
8.509027
10.361679
12.599140
12.739353
11.200405
7.307846
7.114155
12.106403
12.168201
11.933739
11.659278
11.986358
10.079219
7.481981
10.180710
10.656705
7.081644
6.414148
6.821091
6.271754
8.669820
10.839403
6.399464
8.523955
8.281013
5.994322
7.726516
6.017054
4.376124
6.536178
3.977261
7.232194
3.870935
7.402043
4.688227
5.987762
3.248008
4.019575
1.668603
3.612182
3.058872
5.710854
4.700116
5.633670
0.762793
2.990004
2.170355
3.251207
0.318866
-0.495995
1.119041
-0.383065
2.414125
-2.679448
0.416132
0.218400
-0.654679
-1.699298
-0.173061
-0.891005
-0.393232
-5.186983
-0.837943
-2.319325
-4.285969
-2.044935
-4.554587
-4.564362
-3.840832
-6.681036
-4.621335
-5.997611
-6.614294
-5.613041
-9.219472
-6.289865
-6.465775
-6.555392
-9.926683
-6.267746
-9.585535
-10.729579
-9.179946
-8.475233
-9.097733
-7.675072
-11.114239
-11.706258
-9.365594
-7.724604
-8.280632
-11.070412
-11.784272
-6.901140
-9.019986
-11.993989
-8.348640
-10.926015
-9.691575
-10.600997
-11.042231
-12.026978
-12.915892
-12.103745
-11.314890
-11.908003
-12.562129
-10.626602
-10.933615
-10.048541
-10.805459
-7.600759
-11.653470
-11.631276
-8.169226
-11.201518
-7.191775
-11.719468
-8.013154
-11.356013
-7.542561
-8.403739
-6.069797
-5.687309
-7.592254
-8.975102
-6.013337
-7.488667
-6.996876
-6.803110
-4.518753
-7.650017
-4.217266
-8.541715
-7.217481
-6.021842
-5.789995
-7.136414
-5.753418
-1.679387
-1.840737
-4.941339
-4.508925
-4.047494
-4.826492
-0.512314
-2.171011
-1.301806
0.191876
-1.007062
1.744795
-3.301823
-1.438157
