3.303766
0.038348
-0.277792
0.665418
4.282558
0.039235
0.245724
1.026934
3.828119
4.163604
1.709748
0.941041
6.970235
1.930531
2.712317
2.491440
5.057259
7.855637
4.783790
6.116696
7.307873
7.105414
4.793945
8.401934
5.551996
8.069933
10.306610
8.196283
6.756695
6.156770
6.376370
7.710473
10.752946
8.771506
11.753072
9.985853
9.867481
11.696282
10.961171
7.091996
12.306157
10.507272
11.967493
10.829640
8.733339
7.761504
10.607234
7.195821
8.269371
10.461882
9.519608
9.216764
9.929552
12.433506
8.519564
11.260467
8.901834
8.657389
9.578155
9.916898
9.551077
7.656027
7.937041
11.606400
11.127993
7.426602
6.793676
8.537169
6.023019
10.259511
7.846729
6.426620
5.861747
8.013945
9.660734
9.657646
8.036458
7.137110
8.242743
6.175261
4.135870
5.461204
5.100495
4.405912
2.648010
6.027459
1.288809
5.267947
1.048210
0.282684
3.003098
-0.508595
4.642597
4.789665
2.043867
-1.407108
1.640809
3.563886
0.281555
-1.489393
2.003805
-0.478563
-2.367082
1.652705
1.369004
-4.188121
-2.903340
-2.133233
-5.753369
-0.763645
-0.964556
-4.835751
-1.699102
-2.261808
-7.485277
-5.076715
-2.782014
-7.410876
-6.873414
-4.982412
-3.562930
-5.570698
-6.055110
-8.060377
-9.376919
-8.863691
-5.374298
-5.021648
-8.699809
-9.170321
-9.710129
-10.813702
-9.403511
-10.490563
-10.655175
-8.749886
-9.402114
-8.335205
-9.586873
-7.280507
-10.417108
-12.358101
-10.574334
-6.932156
-7.911100
-9.902512
-8.080218
-10.369045
-10.957093
-8.172398
-11.043993
-11.329380
-7.061324
-7.072249
-12.793262
-11.430759
-11.309629
-10.422949
-9.951680
-7.238256
-11.930349
-11.436137
-10.090415
-7.729774
-9.813420
-11.113095
-11.517683
-10.373461
-8.482853
-9.276119
-6.104968
-6.428259
-10.051582
-9.380958
-9.057022
-6.058662
-3.941375
-8.171206
-5.058977
-5.275085
-4.210203
-6.977012
-6.877185
-7.459914
-3.720476
-3.378244
-2.491018
-3.321092
-3.632160
-3.278300
-1.070672
-2.179589
0.615624
-2.435388
-1.392696
-2.128558
1.337258
0.956286
-1.022485
2.049142
