2.530118
1.660663
-1.909791
3.322214
-0.493531
1.423533
3.164092
3.372318
2.934924
5.262722
6.112484
6.065805
1.319469
7.190652
4.505468
3.492600
4.522010
5.375967
4.879296
6.993668
5.317518
7.745375
4.691555
6.268996
8.188679
6.520408
4.678090
9.738339
8.640749
7.069939
6.056954
7.288197
8.385008
8.151757
9.696235
10.392029
7.574803
6.809772
11.459013
12.223238
9.915600
12.074295
8.458971
10.408186
7.980786
11.567376
7.292294
8.919201
8.025838
8.593114
9.382184
11.236258
12.274044
10.773220
11.509927
12.036965
11.816987
11.516564
8.042182
10.863878
7.055212
8.603076
10.129867
7.881486
7.806938
11.366484
9.414305
5.552565
6.014106
9.169907
5.349978
9.198385
7.777181
9.314109
6.058170
9.471025
6.389867
5.102993
8.304274
4.867043
3.046103
6.732411
2.147406
4.555027
1.927406
2.185401
1.819637
5.157793
4.477065
0.140221
4.698537
0.304379
1.202350
2.925009
4.327833
1.032963
-0.851962
2.515420
-0.342454
-0.434862
0.900805
-1.566894
0.261230
-1.520893
1.289661
0.694187
0.037513
-1.932688
-3.310549
-5.171806
-2.678138
-5.033334
-2.018205
-3.752973
-4.067842
-2.510689
-5.208202
-2.611909
-7.484946
-7.178398
-8.489811
-7.182582
-5.699001
-6.797344
-5.596181
-5.569760
-5.612953
-4.898154
-10.768120
-7.024470
-8.086074
-7.074161
-11.026506
-8.775311
-9.443947
-10.449074
-7.214143
-9.781377
-7.230294
-12.335963
-9.011520
-10.999916
-11.803064
-7.235163
-12.420058
-7.580330
-10.352339
-11.521985
-8.896433
-9.237140
-11.213935
-8.775130
-9.217960
-7.841041
-8.711758
-7.215002
-8.163366
-8.156664
-11.633451
-11.330252
-10.334072
-7.233568
-8.336895
-8.076189
-11.391163
-6.324957
-11.312909
-9.643324
-7.641224
-9.823660
-6.190665
-7.634761
-6.385344
-9.316346
-8.366346
-7.328780
-5.774964
-7.910945
-5.366259
-5.364778
-3.839728
-3.008746
-3.589806
-3.127225
-3.279800
-5.748485
-4.786165
-1.142479
-1.879100
-4.592044
-1.937228
-2.544735
-1.526197
-2.988549
-0.195485
-2.451531
-1.487444
-0.310022
-2.589654
-2.129051
