0.131169
0.701816
3.791083
-1.327308
3.748631
2.321595
3.177347
3.251429
0.926646
0.137375
6.309070
1.809996
2.088670
6.403160
6.930277
4.107330
6.776084
7.308829
3.002082
5.788707
7.037124
4.098842
5.664857
8.470573
4.727562
7.262924
5.805802
7.041407
9.714242
6.084990
7.975400
8.124347
7.108119
7.963050
10.113365
7.508085
7.577977
11.705822
9.593423
8.094699
6.682237
9.708534
10.533483
11.450760
7.979923
11.320669
12.446300
8.709258
7.814751
11.313608
12.620316
8.415172
9.253692
9.491141
9.713488
10.324686
8.789957
11.412387
11.544884
9.005463
10.256916
7.449529
6.322235
11.346327
9.832546
7.811453
8.870334
5.715755
10.220168
6.590000
6.790656
10.633573
7.744967
7.984372
6.454321
7.566604
5.220403
9.214560
6.297241
5.765183
6.880983
3.017421
2.994868
5.844521
7.196906
7.119344
6.960084
3.968968
1.867813
1.398746
4.018209
0.390904
1.352413
2.991712
2.324641
-0.254826
3.687731
-1.559870
2.240515
1.464426
0.573782
0.958289
-3.288203
-1.875842
-3.583029
-3.827257
-3.974431
-2.743232
-1.705321
-0.253406
-4.336099
-6.352852
-4.585882
-1.344176
-6.379388
-4.254065
-2.847380
-4.218693
-8.049633
-7.272475
-7.329986
-5.163443
-8.854187
-7.279456
-8.022483
-8.741480
-7.613054
-6.192831
-5.675426
-5.151309
-8.800821
-8.366476
-11.035755
-6.043186
-9.387192
-10.695947
-10.249822
-6.357861
-9.421596
-8.042626
-10.916804
-12.465803
-8.498661
-9.809944
-12.154116
-9.909124
-10.402152
-12.042240
-11.696250
-12.224510
-11.799880
-8.547814
-10.344510
-9.724942
-8.952632
-11.531725
-6.912572
-11.790276
-10.452663
-10.640627
-7.382030
-9.315556
-10.303607
-6.863296
-9.063994
-5.917242
-11.398883
-6.933670
-10.774673
-6.317973
-6.307573
-5.436146
-9.725674
-8.928689
-7.584506
-9.608057
-7.924227
-9.288042
-5.883256
-5.672209
-4.692625
-5.789781
-6.107665
-2.412276
-6.349057
-5.069726
-6.901195
-3.341904
-3.816880
-5.948870
-4.277173
-3.622869
-4.539518
-0.477938
-3.446090
0.549179
-2.454237
-2.758100
0.599423
0.984912
