-0.200163
0.493792
0.869890
3.865646
2.275747
-0.588254
0.067234
4.519182
5.028435
5.262876
5.935390
6.382724
1.982028
4.232551
3.631318
1.914257
7.626442
7.201541
4.881198
8.137392
8.419927
8.301653
4.928990
4.678039
9.836576
7.164941
4.601033
7.802622
8.322405
5.904947
5.375076
7.977463
7.420021
8.507016
6.748695
7.092429
9.831190
6.509391
8.683717
12.145080
7.391253
11.348643
7.233493
12.203078
10.516343
8.366910
7.451103
10.860980
9.412770
12.205399
12.820094
8.682727
12.108386
7.369890
11.481944
7.082788
7.506438
7.085292
6.990746
11.522592
10.847776
9.139954
9.764767
11.785027
8.160976
7.259713
9.143273
9.786118
7.843424
7.361126
9.143572
10.541240
10.425742
9.683889
9.181256
6.123511
8.212487
8.509644
7.398869
7.827006
2.687520
5.260392
4.114802
6.821567
2.268973
2.737563
5.276620
5.513066
5.706296
4.080490
5.478363
1.239678
0.936008
0.881817
-1.013298
0.998516
3.323977
-0.320896
3.054455
2.518891
-0.159132
2.047202
-0.776172
-0.658575
1.217600
-3.773816
-2.824362
-2.062101
-3.860903
-3.382531
-3.410217
-5.030477
-4.923470
-1.597602
-4.228488
-4.894249
-7.183417
-7.756604
-7.796308
-4.254472
-7.713101
-7.647074
-5.653063
-5.195011
-8.303313
-7.139484
-5.328214
-8.423471
-9.283158
-7.945600
-10.345594
-9.494431
-7.862220
-9.844243
-10.086873
-8.819018
-7.042702
-10.954588
-9.100517
-9.166454
-11.267718
-9.202373
-9.729952
-10.934695
-10.879954
-11.607703
-11.623175
-9.565399
-7.773588
-11.428014
-11.058348
-10.919730
-7.042842
-12.705114
-10.731623
-12.010894
-12.007600
-8.445024
-9.994903
-8.609566
-6.895570
-9.549125
-9.232951
-8.139189
-6.738547
-10.851838
-7.718656
-8.047303
-8.740055
-10.247563
-6.618181
-10.258008
-9.766372
-6.482877
-8.215469
-9.139514
-6.923429
-6.766453
-4.496874
-5.726539
-3.660352
-4.315935
-2.913837
-4.717572
-5.183473
-5.771896
-3.638167
-4.618193
-3.352144
-1.499039
-2.395728
-5.159168
-0.647891
-0.094526
-0.384955
-1.227733
1.800187
-2.287579
0.260855
0.065163
