2.726579
1.470276
-1.561801
1.112866
-1.007935
4.785049
-0.181676
3.049418
5.376297
4.742040
1.695572
4.099000
3.381969
6.730205
2.053087
4.041573
2.914532
5.259886
4.716533
8.594978
6.124492
5.726236
7.928112
6.325612
6.951261
9.704121
5.900769
10.600826
8.887161
8.934758
7.390551
7.324211
8.367628
8.065158
9.976480
7.959604
10.125194
9.692819
11.785469
9.740266
9.903326
9.953874
9.542438
12.391063
12.325373
12.705962
7.436191
10.139367
8.491555
10.174061
11.424604
10.868713
7.706643
11.632273
11.599838
9.719044
10.396883
6.814057
11.979188
11.091852
11.077263
9.741644
7.301350
8.762978
9.439053
5.781857
8.273799
8.302595
8.482520
9.205184
4.980153
8.958020
9.646650
8.032984
8.003781
4.006478
7.575264
3.720741
5.862770
5.130331
8.124723
6.213626
5.233062
1.850349
2.846610
5.992760
3.876859
5.558998
3.462612
0.806262
3.522282
5.450220
-0.760027
2.096652
1.423284
0.066373
3.200639
-1.226175
1.428517
0.026006
-1.008114
0.006922
1.955223
-3.300063
0.073857
-1.843442
-0.407636
-0.181178
-0.494146
-4.314461
-0.486300
-4.897501
-6.193600
-3.919737
-7.200008
-1.871111
-7.296260
-6.576006
-7.207942
-6.670269
-8.699570
-7.179021
-3.734713
-7.505199
-4.448199
-9.770699
-9.574713
-6.647236
-6.590240
-9.435690
-8.198398
-8.474632
-7.218136
-8.084277
-6.150319
-6.120294
-11.071012
-12.285550
-11.786362
-8.451552
-8.294681
-8.492223
-12.241465
-8.496343
-6.881159
-7.234510
-10.397229
-11.967720
-12.968519
-11.486215
-11.390140
-11.014162
-12.052203
-10.832376
-11.900465
-12.570539
-11.290389
-12.028168
-8.085572
-6.698939
-9.016653
-7.656190
-7.639820
-7.474866
-9.267436
-9.789614
-10.039988
-7.695183
-7.061876
-8.577174
-9.897752
-8.842180
-9.315056
-5.945693
-6.976741
-5.204439
-9.403792
-6.714213
-7.502198
-3.218853
-7.681464
-6.013528
-5.370256
-7.166297
-6.902130
-5.757199
-1.358026
-1.878216
-1.614429
-2.810681
-4.022210
-2.756702
-3.986512
1.077180
-4.330989
0.355767
1.747465
1.631411
2.334750
1.235241
