-1.767496
0.016812
3.135785
-0.401531
4.530879
-0.710352
4.284802
1.719130
5.337154
4.644746
4.296256
1.788257
5.441798
4.768755
6.380814
7.281573
6.272495
6.953303
5.320381
7.756151
5.329726
7.560696
8.219929
7.487037
5.370400
5.706253
8.654529
5.371642
9.511691
5.526996
6.758715
9.804312
11.221355
7.578334
7.160820
7.951453
6.984836
7.219130
11.473463
10.187077
10.363456
8.206395
10.868539
12.453823
12.690589
8.766951
10.834446
12.093791
11.760353
7.278831
10.820138
12.707752
11.268397
11.470737
9.689210
10.346764
9.342640
9.735679
11.350268
7.691551
12.137173
7.948238
6.321511
10.030639
10.522299
6.379905
10.329538
7.833647
7.851638
7.397194
10.137140
6.233711
8.710220
5.985035
5.877709
8.186203
6.663817
6.956656
8.116737
5.206166
5.699843
5.586091
3.674761
2.154312
6.775517
1.422925
2.162046
3.440817
3.794824
5.515335
2.793955
1.630414
0.182120
3.663299
2.511767
4.146873
3.581256
3.339890
1.869192
0.625197
-0.581154
-1.810974
-3.426549
-2.586932
-2.646154
-2.413506
-1.497228
-4.412675
-3.517949
-1.750022
-3.536377
-3.217033
-2.562560
-3.364176
-7.290991
-1.825191
-6.317481
-2.361481
-7.003008
-5.574574
-4.398619
-6.357969
-4.378713
-6.508134
-5.126249
-9.728517
-6.246799
-9.959186
-5.588105
-7.232967
-8.027236
-6.233135
-10.705997
-6.002355
-6.942313
-11.190224
-11.420771
-11.806912
-11.114787
-11.567362
-9.860148
-7.892396
-11.058044
-9.747941
-9.330260
-11.582216
-8.000983
-6.990381
-11.947382
-10.158612
-7.534022
-12.412056
-10.435451
-7.737441
-6.966444
-9.314560
-12.218775
-8.182828
-8.919964
-10.357238
-11.339295
-7.060854
-11.198444
-7.381389
-9.887021
-8.762706
-8.281510
-10.586892
-8.434879
-7.181075
-6.334338
-9.364068
-4.517083
-6.219110
-5.616878
-4.294774
-5.223001
-6.915213
-4.211952
-6.996521
-3.731447
-3.298178
-7.100265
-3.671721
-7.080704
-2.175092
-5.792385
-4.096892
-5.944919
-0.598019
-3.198359
-5.200028
-4.407270
-0.659772
1.132860
-2.354638
1.885886
-1.112972
-2.921148
-0.728783
