0.448552
1.951263
-1.920158
3.859932
-1.402208
-0.886015
2.230082
1.829199
5.652995
1.893308
1.812335
4.771300
6.006965
2.439167
2.461014
4.267970
6.124117
6.771253
5.310376
5.801689
7.055982
4.358742
4.834385
6.117041
7.658272
5.257524
5.192540
9.876047
6.906260
9.660094
6.256105
11.196209
6.475993
6.175794
6.460253
9.176301
9.238903
10.579772
7.080886
10.836903
12.299144
10.765528
12.541504
8.771625
6.888352
9.242498
6.967622
7.100409
11.597091
11.113377
9.789239
11.815701
11.715093
8.421459
7.488785
8.713088
7.408932
7.629631
8.915828
10.850380
7.285084
8.134265
11.252169
8.109966
9.281085
8.901058
11.416314
9.464299
6.584188
5.941873
5.240102
4.816014
5.079848
9.428056
8.210228
8.634558
8.276280
3.723619
3.539169
4.979022
7.618035
7.462408
2.825529
6.509192
4.987340
5.215892
4.068449
1.986203
5.620638
2.015824
1.901835
1.067338
3.077573
1.650186
0.931715
-0.188375
-1.700130
-0.564536
3.126331
2.465863
-1.540940
-0.735531
1.587245
-3.886585
0.017225
-4.307139
-2.114795
-1.069917
-1.970914
-1.329669
-5.158884
-4.675375
-6.358418
-4.852527
-3.659385
-6.944191
-5.118549
-8.132237
-7.765167
-4.811386
-3.191113
-6.842201
-4.118632
-7.569810
-6.673885
-6.252801
-4.770637
-7.462083
-6.883069
-8.038900
-10.770219
-11.060470
-10.480547
-5.830339
-7.947869
-9.732013
-11.112426
-6.928246
-9.316190
-11.110505
-11.227772
-11.969248
-11.706932
-7.327075
-11.608665
-7.432897
-9.362398
-8.876012
-10.050294
-7.919992
-7.407036
-12.768060
-7.083692
-9.818292
-11.976564
-11.857383
-11.124914
-9.864337
-8.252668
-7.525087
-7.610175
-9.457168
-10.919612
-10.660130
-5.980996
-5.766880
-7.204855
-10.644633
-8.001986
-8.800824
-9.563447
-6.076999
-8.241669
-7.726420
-8.643192
-6.846859
-7.839683
-5.258901
-6.752632
-5.640855
-7.743387
-7.702395
-4.109606
-7.508119
-7.399851
-4.689579
-5.870306
-1.332362
-2.875330
-3.457076
-4.130995
-3.328470
0.488391
-3.448403
-1.958185
-3.374554
-1.232019
-1.756847
-0.630644
-1.712459
