2.076474
-1.218020
1.700782
-0.534392
-1.245184
3.405488
0.028550
4.674432
3.662681
5.255913
5.164489
2.414788
3.219639
2.796838
7.067590
2.572343
4.768387
3.472563
7.315218
4.776715
6.140420
4.339811
5.544240
8.400747
7.351361
5.701066
7.786481
5.503798
5.319353
6.941255
5.688497
8.649760
7.598348
5.790515
6.523275
8.865159
10.654831
6.941606
8.810688
6.672437
10.004850
11.856059
8.511488
7.533994
11.880254
9.051410
9.035002
8.936112
10.194880
9.075542
11.117553
7.378077
8.511925
7.706499
9.705678
9.488936
9.341333
8.397887
7.724076
7.852285
11.170674
7.779323
6.874784
11.727860
11.054187
10.774609
7.797808
11.153643
7.863874
5.991788
6.871583
5.690419
9.026661
7.178211
7.930498
6.843534
5.796321
5.969528
9.001306
7.324286
8.357528
3.992584
5.140728
2.181132
3.244414
1.956235
1.746364
6.446079
2.006665
0.316669
3.124897
0.376434
3.148769
4.237688
3.919751
-1.198199
2.983221
1.358054
2.546246
-1.051048
0.715727
-0.215655
0.875141
-2.659422
1.312097
-2.496944
0.078427
-3.046941
-4.151087
-2.557637
-1.858535
-6.501728
-6.163111
-1.590214
-4.112551
-3.504307
-4.313669
-6.378605
-8.266694
-7.589528
-4.430555
-4.880540
-6.256512
-9.819474
-5.045863
-4.570022
-5.300066
-4.978786
-5.440517
-10.921874
-9.342681
-5.938341
-7.475471
-7.343578
-6.276967
-10.290728
-7.481283
-11.622794
-8.723283
-11.539326
-11.087984
-11.348010
-11.903317
-7.374505
-7.276191
-12.256439
-9.878772
-10.162774
-10.465782
-7.387195
-12.884828
-12.369086
-9.819071
-7.241468
-8.521274
-7.886834
-11.611060
-12.605487
-9.266965
-7.862965
-10.700261
-7.310166
-11.154840
-10.309494
-6.769490
-9.804616
-10.231873
-6.929150
-7.921513
-6.441814
-5.729467
-5.399526
-4.944187
-7.570263
-8.367544
-4.288989
-4.223301
-7.118312
-6.890735
-5.337150
-6.332629
-4.006388
-6.578717
-7.575618
-7.296141
-4.502856
-6.416948
-1.432410
-4.131335
-4.077581
0.043083
-1.850702
-0.618355
-1.642140
0.276687
-1.250376
-3.418768
-1.660061
0.610780
0.528000
