-2.294082
-2.152593
2.275497
3.088559
-0.133141
2.608783
3.514670
2.531267
1.367897
2.478531
5.222794
1.349377
2.674656
4.745549
6.827323
4.573013
3.336218
4.783019
3.230531
6.577991
5.452480
5.190938
5.037447
6.491367
5.620866
7.164418
7.151753
5.789681
10.146463
11.065319
5.478990
11.223944
8.703705
9.365995
9.352373
7.992343
7.432646
10.323074
6.511729
9.756302
8.902960
12.246299
7.045550
7.237820
11.603436
8.076839
11.291056
9.620592
9.595263
8.567592
12.048255
11.088233
11.542426
9.360765
8.705061
8.121611
9.408738
12.489412
7.399937
10.416464
11.380536
12.154679
10.079394
7.843523
11.453444
10.395715
6.323278
8.039320
11.181914
10.143161
7.355447
7.381719
8.085019
6.607415
5.605775
5.776310
7.529432
5.968106
5.268307
3.110191
5.425809
3.453468
5.340585
5.514320
6.754209
6.203074
4.779368
2.960034
0.406293
3.572326
3.338122
0.763072
3.129432
4.719810
-0.888099
1.878199
2.381994
1.835676
1.426754
-0.409912
0.170674
-0.338809
1.148253
0.631727
-2.934833
-1.805257
-3.972456
-5.278928
-1.646281
-5.533042
-2.651180
-6.263827
-6.537592
-2.189837
-4.994944
-5.049871
-4.090470
-7.102344
-3.357970
-5.200911
-4.877677
-5.846188
-6.769759
-6.727434
-7.298518
-4.724111
-9.441169
-7.549308
-9.108197
-7.209835
-6.803716
-9.678384
-7.389755
-9.319434
-6.570810
-6.920516
-9.294633
-9.223005
-10.226433
-7.334495
-9.575242
-12.066035
-11.155363
-8.065540
-7.964577
-12.481114
-12.837335
-8.348834
-12.914994
-9.674853
-10.810191
-8.810844
-7.164510
-7.492977
-12.840366
-6.993183
-11.997111
-7.142163
-8.757715
-7.522411
-6.901789
-8.173344
-12.081203
-10.271065
-8.056638
-8.169408
-5.867441
-5.677149
-8.486562
-6.834113
-7.936178
-4.949633
-8.017080
-9.236281
-9.141534
-4.894557
-7.139436
-6.807969
-6.932706
-5.293720
-4.805440
-7.978940
-3.737242
-6.206572
-5.361769
-2.197541
-5.521547
-2.417622
-5.672871
-0.336618
-3.890481
-4.660161
-1.957805
-1.374444
0.180407
0.548529
-0.644395
1.589936
1.580459
1.601194
