3.201679
-1.146974
-1.288508
2.346325
2.862530
0.970707
2.873934
5.425884
2.051272
2.737175
2.495545
2.184447
5.770492
1.336236
2.520509
6.666814
7.575762
6.899327
5.953152
7.211856
4.994354
8.678783
9.137955
4.025024
7.946204
6.377573
4.906974
10.481955
10.349402
10.378336
11.026708
11.215942
10.973403
9.457949
10.378493
10.214001
7.096840
9.580039
10.459069
9.995984
11.906297
9.730515
10.986403
8.766336
8.422020
11.132535
12.305698
11.440470
10.781007
9.856558
12.369669
8.267133
7.078111
9.452665
9.474235
11.937479
11.237635
7.146758
7.071998
7.025851
7.697697
11.209361
10.880361
7.198449
10.573319
7.501820
11.052030
10.602104
10.489348
5.498682
7.789545
10.146158
9.378544
9.110934
5.018554
4.081516
4.006800
4.010681
7.700505
4.383089
5.856590
3.841196
6.714495
7.055849
6.903205
2.999435
3.063714
2.598297
4.329053
3.133863
1.584110
4.895339
3.528388
0.280325
1.714508
2.490698
3.385036
0.341965
0.802512
2.933294
-1.295665
-2.643509
-3.616982
-1.946821
-4.002414
-3.172012
-0.921583
-1.041282
-1.194857
-1.654831
-4.527372
-3.990901
-6.629094
-5.697823
-2.013717
-4.852475
-2.272467
-4.738199
-3.004501
-4.585951
-4.721642
-4.422881
-5.631664
-5.520698
-6.950996
-6.287550
-5.972956
-7.076887
-5.454794
-5.875439
-8.064712
-9.870844
-9.054069
-11.626535
-7.718437
-7.915980
-7.780744
-8.921915
-6.753726
-10.317763
-11.549166
-8.919908
-8.827606
-12.734873
-7.461985
-8.184686
-11.140814
-10.814081
-11.994176
-9.124360
-7.372047
-7.396483
-8.184573
-11.521784
-10.743983
-10.955632
-7.121496
-8.351700
-8.923543
-7.001048
-7.279681
-9.240114
-8.355599
-7.552485
-7.530656
-9.507086
-11.168542
-7.679948
-10.343339
-10.083054
-9.845813
-8.155642
-7.875073
-7.070851
-6.671181
-7.735611
-4.155310
-7.913217
-5.121266
-7.885830
-2.655890
-4.686647
-3.486350
-6.946451
-2.670132
-6.906383
-5.285046
-2.143079
-2.756716
-5.344941
-5.245699
-2.992336
-4.429429
-2.639258
-4.487117
-2.541612
-3.092957
-1.865520
1.486488
1.220300
