0.232206
1.010285
-0.401584
3.437010
2.186094
2.658959
0.119397
1.132359
5.409341
3.378521
6.217348
2.638247
1.144103
2.245606
4.053423
3.681847
3.976462
2.840060
8.447310
5.956685
4.309663
4.770126
7.622212
7.722906
10.064950
8.017359
6.931772
10.219403
10.601123
9.011724
9.579082
10.153485
7.196048
8.867326
10.425454
11.093195
6.385160
11.126002
6.590330
9.704762
8.518822
8.439096
10.245929
8.280223
11.784590
12.125949
12.743813
11.328201
11.275594
9.519607
12.020773
7.037633
10.127757
12.022731
10.476631
10.610194
8.857017
8.141651
11.785662
7.841646
10.599771
9.065481
7.562838
11.080217
7.579330
9.059746
9.488111
5.708234
10.874745
6.090355
7.073725
6.360192
8.535812
4.390882
4.521965
4.425302
8.908505
3.872535
3.261430
6.524776
6.539598
2.633409
3.189875
6.217421
3.700935
2.877141
5.435583
4.705167
2.120932
1.687281
4.005186
0.593676
2.220319
3.046989
3.912818
-1.692542
0.223962
-0.507409
2.084473
-2.264861
-2.456609
1.762880
0.122837
-2.082895
0.176731
-3.468770
-2.921157
-0.679102
-5.760213
-4.441049
-0.966797
-1.304743
-6.393264
-6.718447
-6.889614
-1.989530
-5.073231
-2.822744
-6.447443
-8.742240
-4.100138
-4.304016
-5.691734
-6.327386
-5.471184
-5.594741
-4.640290
-8.435423
-10.114568
-10.417096
-5.386791
-10.863463
-7.993761
-6.794216
-11.573924
-10.845428
-8.581645
-8.211195
-8.052757
-10.243122
-7.295540
-11.816128
-8.338581
-9.531470
-10.724046
-11.319946
-7.710205
-8.691725
-11.486241
-10.294644
-12.778996
-11.769410
-9.649706
-12.690646
-7.640098
-9.638527
-6.827248
-9.681481
-12.294168
-7.900659
-10.858989
-10.902286
-11.538276
-9.489090
-9.680933
-8.442691
-10.808404
-10.144527
-5.799421
-6.466564
-8.247452
-6.042055
-5.335476
-8.025990
-8.966512
-6.150922
-4.710995
-6.791552
-6.069701
-4.526958
-7.759821
-5.361715
-6.707396
-6.648234
-4.979831
-4.838826
-2.488703
-3.202267
-0.775231
-4.251996
-1.677511
-2.597245
-1.089786
-3.283915
-1.233917
-0.717857
1.786313
1.531933
-0.658761
1.612392
