-0.247987
-1.270847
1.783238
-1.209530
2.386255
2.791328
0.922670
2.956004
2.020487
1.204860
4.769961
3.759890
2.171561
4.413739
3.059399
4.322491
4.832460
5.964233
2.800510
3.049089
4.287297
6.863785
6.846052
5.913879
8.621089
4.852390
7.877059
9.291142
7.395136
10.182354
8.336901
10.623900
6.930694
7.868103
7.068316
6.590807
8.424361
7.660282
8.952156
12.407703
8.924837
11.527189
8.431804
9.945216
8.780486
11.099739
10.700424
11.237953
12.614262
12.751018
7.335132
11.096521
9.272507
11.419393
10.368607
10.013443
9.353976
8.735746
8.213695
10.060534
10.080077
6.795533
6.649119
10.144127
10.380132
9.684803
7.119098
10.571855
7.830721
10.132256
8.058599
8.143413
9.407369
4.291608
4.799979
5.496311
4.454475
5.632520
4.473780
8.341858
7.444938
5.761814
7.804001
3.940956
6.605390
6.880753
3.613772
4.748352
1.157205
0.854659
4.668256
3.613152
3.358926
1.501196
2.165828
-0.628105
-1.140205
2.541327
1.618777
-0.809000
0.306032
-2.500827
-3.682972
1.217354
1.172750
-4.697053
-1.217901
-4.579796
-3.716085
-3.505944
-3.870581
-5.035345
-2.954302
-3.012448
-1.675541
-7.304379
-5.843239
-3.867216
-6.559010
-5.617301
-6.421024
-8.930514
-7.251346
-3.982684
-5.843346
-8.319271
-5.213768
-5.572684
-7.937493
-5.361592
-6.806136
-8.673446
-10.582921
-11.563535
-11.845735
-10.275052
-11.349799
-11.171195
-11.864896
-10.500902
-9.421228
-6.981364
-9.851240
-10.655235
-10.267270
-10.786042
-9.882920
-10.460965
-11.286536
-7.659404
-11.389782
-7.295987
-7.842988
-9.593099
-11.826655
-9.265692
-8.005346
-8.023539
-8.789667
-7.621482
-6.791364
-9.739863
-10.328870
-10.743287
-11.023994
-7.595710
-6.361850
-7.932848
-6.887192
-8.449293
-8.157355
-5.161434
-6.869992
-6.740502
-5.496078
-5.931410
-6.594990
-7.472330
-7.257068
-6.253933
-3.465773
-2.623452
-2.665136
-6.272653
-2.036202
-6.113412
-6.269829
-1.827027
-3.246544
-5.150492
-0.317247
-3.885911
-1.421143
-4.404194
-4.273904
-1.564485
1.096530
0.730759
1.370038
0.081647
