-1.815886
-0.075025
-0.735009
-0.563020
0.343513
0.578724
3.060432
3.686038
0.776187
4.578400
1.412945
4.924907
2.634817
1.588458
5.556081
1.930240
4.117542
6.559727
6.911208
7.718474
7.062793
3.859275
8.310317
6.026737
5.712852
8.444907
10.010941
5.263434
5.009096
10.945405
8.539615
7.764143
10.572130
7.957697
6.361573
7.395667
6.935313
9.336352
10.695508
10.457091
11.700612
10.155968
9.929093
7.653996
12.065781
8.342620
10.821841
12.467327
12.818934
11.412025
11.001349
7.294309
11.409707
7.643332
7.154808
10.204355
11.628591
11.204932
12.208105
7.672550
8.035565
7.827131
11.537399
8.357460
8.115119
8.821716
8.273850
8.829867
10.762309
5.688161
5.118876
8.167701
7.029736
4.974689
8.639729
5.446025
9.340929
3.380489
7.987585
3.734980
3.130689
3.997284
6.468423
4.222226
6.729804
3.883159
5.779286
4.346914
3.016801
4.074314
1.496211
-0.056926
1.547420
0.198137
0.767287
2.754733
-1.469323
0.527116
0.776743
-1.095275
1.476774
-2.911387
-0.503032
-2.354247
-1.614544
-3.532920
0.580508
-3.172723
-2.133971
-0.195671
-6.330548
-6.312050
-3.139341
-4.269345
-5.835919
-7.306440
-6.801382
-3.001209
-6.999418
-4.310578
-4.221650
-8.811933
-8.415334
-4.241112
-6.067765
-4.312958
-4.936037
-9.756713
-5.673618
-7.417785
-5.824183
-10.063835
-8.391715
-6.959994
-8.035046
-9.384482
-11.176059
-8.896174
-10.367703
-8.032800
-7.152463
-7.137156
-8.381691
-12.794299
-9.572286
-10.233977
-7.054715
-9.933759
-11.757723
-10.108707
-9.647549
-12.864941
-9.104381
-9.626157
-11.690013
-10.175340
-12.061134
-7.248551
-11.567730
-8.500411
-9.332844
-10.349806
-8.525743
-11.572050
-9.345011
-6.552769
-11.079113
-11.397922
-7.959886
-9.516127
-7.351444
-8.814126
-5.133691
-6.095561
-4.806865
-9.122266
-7.657698
-8.086163
-8.551956
-4.479016
-7.789213
-6.330816
-2.618733
-3.071364
-7.431000
-4.869759
-1.090623
-5.575554
-4.521420
-3.119573
-4.273713
-2.058797
-4.766802
0.588029
-4.409547
0.106438
0.521418
-3.537071
-2.673672
-0.008535
