-2.562659
0.560442
0.319789
3.496882
0.689150
3.577187
0.150576
2.844300
4.024632
3.710092
1.768191
4.084582
2.250650
6.493509
7.455054
6.596322
6.919719
6.357851
6.602995
6.183495
4.727849
3.578104
5.527881
5.058063
4.325062
7.263910
7.612231
7.876495
5.738642
11.035398
9.588088
7.338355
5.742843
7.854085
7.501607
10.698781
6.241874
6.773936
7.225680
12.361742
8.913239
11.142430
8.363908
10.526214
8.396208
11.500381
9.504878
10.509221
11.189345
10.114784
11.001336
12.223635
10.058862
8.234831
12.321663
10.473386
7.921060
9.754670
8.012021
7.927962
11.446727
9.267856
8.049481
6.616121
8.591774
7.576622
7.760015
8.843399
8.553873
5.380776
5.144633
6.279596
6.776777
5.286720
6.066296
5.988335
5.298203
3.456570
4.401206
8.302416
4.702670
2.795082
4.868843
4.627255
1.560342
1.341944
3.667261
4.957129
6.311727
4.238405
3.959239
1.368506
4.392210
1.378867
0.523233
-0.518275
0.950196
0.320708
0.578619
-1.587959
-0.434374
-3.508283
0.440251
-3.802882
-2.763091
0.995964
-4.411311
-2.123334
-3.330551
-0.593599
-5.181119
-5.260833
-6.728587
-1.724353
-7.444018
-2.321675
-7.525461
-7.834711
-7.027963
-6.724621
-7.811143
-6.465838
-4.492658
-4.720285
-8.178036
-5.360384
-8.837824
-10.333414
-10.361035
-7.861434
-10.400162
-9.708323
-9.794418
-6.899751
-11.518663
-8.220611
-6.201702
-11.969309
-10.088054
-8.803846
-8.473544
-12.550293
-6.992983
-11.206741
-12.435897
-12.377369
-12.319488
-8.528483
-10.738656
-11.043157
-10.545127
-8.510607
-7.236884
-9.301846
-12.134651
-10.024534
-9.643296
-9.567496
-10.237942
-9.497154
-6.687385
-6.637369
-8.995768
-6.923616
-7.855017
-7.710408
-9.600157
-10.282882
-8.092337
-8.879945
-8.371307
-5.049058
-9.970659
-9.219733
-7.491729
-7.665261
-8.682714
-6.990494
-3.525867
-4.100200
-6.887368
-6.513352
-6.997930
-7.345361
-6.947173
-6.029371
-5.337277
-1.323972
-4.204581
-0.595188
-3.764401
-4.119841
-0.851359
-0.483968
-2.499635
-2.374409
-2.025954
-1.772144
-2.509306
0.811602
