-0.691255
1.893773
-0.507827
-0.436024
3.387856
1.658432
0.414655
0.452423
3.794356
4.523809
1.294955
1.857887
6.147667
5.963260
5.901681
2.973963
6.403892
3.616757
3.209208
8.607611
5.156148
6.675337
5.482919
4.655432
7.993233
8.526799
8.847568
5.422583
6.526557
10.057786
6.680663
7.866140
8.074305
10.686518
7.834376
9.643399
8.418704
10.420752
9.218025
11.122279
7.190357
10.714491
8.869933
11.171749
8.409577
7.922325
10.872743
9.231435
12.771570
9.047262
9.528886
10.173822
12.642784
7.751403
9.853002
11.032841
8.822845
11.186174
8.308645
8.195564
8.396274
10.297311
9.260418
11.808744
11.032928
7.282832
5.737980
10.479362
9.862776
9.809491
8.705841
6.035553
5.793929
9.638267
4.347748
4.834933
4.808755
7.740907
9.113077
3.997835
7.421256
5.642130
2.810101
6.125244
4.699273
1.311934
4.647466
6.536342
6.236281
1.358148
5.053760
4.659984
2.090435
2.770268
2.927688
-0.702352
0.500197
-2.313736
-0.453730
0.160423
-2.436131
-1.000923
-1.004193
-1.957534
-1.923616
-3.104121
-2.805966
-1.768116
-2.880151
-2.276067
-6.378780
-2.596575
-4.651120
-4.856080
-6.095557
-3.416377
-3.526065
-5.089125
-5.293563
-4.186304
-5.584434
-5.001553
-9.413172
-5.870552
-6.376954
-8.716162
-6.688017
-8.416426
-9.136653
-8.730326
-11.159426
-7.410300
-9.197640
-11.452771
-7.336633
-9.855691
-10.386126
-10.118599
-9.603657
-9.933868
-12.138810
-9.382932
-8.053386
-9.768659
-8.150334
-12.613548
-10.414993
-12.219903
-7.412021
-9.177224
-9.442652
-7.603891
-9.519343
-12.775179
-7.549430
-11.202504
-12.224402
-11.371421
-9.016704
-8.490737
-6.784419
-6.723472
-8.682794
-8.173082
-7.979156
-8.914692
-6.086453
-8.859407
-7.064778
-10.280821
-5.018217
-10.300910
-5.572784
-6.044397
-5.175797
-5.841429
-5.456042
-8.059703
-5.767443
-7.099981
-6.510680
-5.947967
-3.658509
-4.140123
-7.335121
-3.637277
-6.768293
-5.761698
-1.961620
-4.719891
-3.135312
-3.065381
-0.257779
-3.899829
-1.534223
1.480559
-0.278558
-2.389117
1.471529
-0.301549
