1.493486
0.487366
-1.558378
1.051660
2.848983
1.791664
3.872549
1.174561
5.077882
3.482149
5.332377
5.019467
5.752546
6.707070
5.843095
6.449243
6.054997
4.469475
3.303495
8.670983
3.978082
6.036256
7.557653
6.842434
8.490102
6.707182
9.912207
8.469160
9.026393
9.424504
10.413743
7.107670
10.073928
8.913765
7.942025
9.915816
10.072276
8.811100
12.228574
11.660631
8.034363
10.702193
11.798271
11.005362
8.688622
11.955315
11.072807
7.905538
7.496943
11.822374
11.520190
10.513880
8.838379
10.797899
11.073730
12.521204
11.525574
12.113202
10.986388
12.070346
7.540141
11.900857
7.286695
8.031566
8.447626
7.854041
10.887938
5.893173
9.912975
7.824314
8.411685
7.662583
7.070730
4.876278
9.206442
4.314287
9.584317
7.423245
4.683761
2.993336
5.904016
6.627320
4.623613
5.193438
1.565793
5.212762
2.923996
0.713688
6.245331
3.632055
4.568506
3.281666
-0.529615
-0.634200
0.638889
3.638257
1.842057
-1.936575
2.029388
-1.225569
-1.697364
0.166176
1.341888
-0.265958
0.476916
-2.010723
-3.709228
-5.301884
-4.969987
-0.294030
-1.829258
-1.274877
-6.876897
-4.408936
-5.885590
-4.603337
-3.464090
-3.655526
-7.034901
-8.540609
-8.502540
-7.606618
-4.066563
-7.878386
-7.424888
-5.478702
-9.697475
-6.588184
-4.934458
-9.225724
-9.440909
-9.755849
-10.828544
-7.091587
-10.217901
-9.958876
-8.350433
-8.026631
-10.641793
-7.738671
-10.945400
-7.263471
-9.817552
-7.367287
-12.311025
-7.781779
-7.576721
-12.820960
-11.629736
-7.037380
-9.714813
-11.402455
-9.343274
-10.773395
-10.702172
-12.596262
-7.870472
-11.409229
-6.771471
-8.124069
-11.634418
-9.840168
-7.967142
-11.927386
-9.497201
-9.797192
-7.337422
-7.615294
-7.484045
-7.326047
-8.690499
-4.878167
-9.783463
-9.959090
-6.811516
-5.285098
-6.537178
-6.908760
-6.347117
-5.779262
-5.210993
-3.764256
-2.302689
-6.361868
-3.332653
-1.283552
-3.499473
-3.626618
-2.565832
-1.971650
-3.334095
0.031340
-0.238528
0.369295
-4.489194
-4.064821
-2.838465
2.152265
0.702244
-2.240418
