1.773559
3.570697
1.543258
-0.762472
-0.025794
1.030909
0.696693
3.494932
3.933149
5.193434
0.698380
1.718666
1.359477
5.573061
5.201489
3.113843
3.554951
5.084940
3.642366
8.266191
5.034952
5.169095
9.511310
9.083668
8.851112
5.529371
10.086545
5.632643
8.426951
9.518260
9.310095
10.698661
9.676158
10.830652
9.194099
7.580256
8.500616
6.926155
8.078809
8.278454
9.100354
10.904194
11.198231
8.371131
10.052937
12.892411
7.872487
10.745351
12.193883
8.588232
12.639993
12.782316
7.256462
8.846717
11.929021
11.765176
11.829903
11.738660
7.196788
7.811072
8.959628
9.107595
9.729416
9.646233
9.268563
6.533569
6.929629
10.883896
5.731153
10.965359
5.204888
9.135568
5.653559
6.673673
4.589401
9.357322
7.338169
4.724692
3.393561
5.266961
7.196483
5.981955
4.534063
6.128053
5.639013
6.670328
4.346396
5.854767
2.920545
4.609044
5.759231
2.578776
1.339745
3.148483
4.246320
-0.210095
-0.697997
0.034297
1.108229
2.197020
0.791312
-2.046390
-3.684836
-0.654719
-2.605127
-0.604459
-4.132425
-0.256872
-3.657319
-3.544634
-5.770960
-2.868756
-3.702925
-6.040839
-6.131288
-6.107584
-4.874158
-6.521407
-2.973583
-7.945183
-3.590781
-6.992932
-8.331214
-4.158418
-7.124083
-7.364028
-5.286239
-7.690743
-6.154564
-9.339006
-9.958821
-6.287855
-6.240846
-10.996446
-11.043487
-11.579875
-6.239244
-10.667923
-7.055031
-8.770834
-9.811247
-7.332905
-8.647198
-7.013668
-8.581713
-8.326568
-12.027652
-10.851557
-10.135996
-8.563190
-12.100238
-11.526576
-7.364863
-7.524593
-8.052810
-9.811843
-11.949137
-11.701178
-9.809179
-11.240556
-11.529252
-11.564866
-10.523470
-7.762275
-8.196718
-7.182971
-6.438546
-9.416231
-6.730938
-10.330516
-5.886456
-7.433917
-8.530027
-8.189500
-7.740100
-8.463050
-8.727595
-7.067970
-5.328960
-5.926090
-4.957496
-7.800660
-6.064530
-4.000345
-1.745603
-7.182625
-5.020594
-4.515926
-1.526828
-3.269370
-5.387012
-1.167678
-4.067914
-3.957488
-4.117645
1.118665
-1.082212
-3.467635
1.020551
2.046721
