1.115409
1.055995
-1.388021
0.784946
-0.837459
2.597984
5.028693
0.797095
3.966325
4.597907
0.862007
4.688383
6.707428
5.689451
6.939079
4.290532
2.446008
3.682966
6.606891
8.267094
6.703765
7.026035
4.110708
8.982521
8.904221
7.541702
8.998827
6.786378
9.310956
9.227791
5.821672
11.218032
9.769927
5.862306
7.943652
8.166586
6.232414
10.305427
9.074413
9.812513
11.559553
12.590956
10.295370
12.117426
12.290684
11.669569
9.380436
10.354243
11.287742
9.266138
9.250023
7.525526
8.645055
10.015397
9.715162
10.249552
9.041078
11.275113
11.644026
7.648600
12.165764
8.550897
11.908698
8.924146
11.846909
9.866530
8.575158
8.777433
9.508726
7.822714
8.027988
7.406195
6.768914
6.502901
4.846842
8.211961
9.348578
5.558570
7.715551
5.600575
2.962459
4.793968
3.737539
5.918360
5.630945
6.360945
1.779544
3.856226
5.599734
3.335611
3.162183
2.843864
3.711124
2.829147
-0.629378
-0.016518
1.852438
2.143370
-1.845726
2.364355
-1.772680
1.006206
1.320434
0.729525
-3.090122
-0.057641
-3.870962
-3.126151
-3.817987
-0.940395
-5.403762
-2.510968
-5.285213
-6.056739
-4.378240
-2.666305
-5.608453
-6.148539
-6.060717
-8.563872
-4.122697
-5.556967
-7.455260
-8.282737
-7.053579
-4.362218
-4.658648
-9.571137
-8.684827
-7.274951
-10.404937
-11.421847
-8.053052
-10.989579
-6.363310
-10.329075
-9.084076
-10.286982
-7.865090
-10.337858
-7.789088
-11.623802
-11.001183
-10.313161
-9.341417
-12.366961
-9.710672
-12.057144
-9.833094
-12.864947
-9.369109
-7.532270
-11.915728
-11.771658
-10.725154
-7.163993
-10.614540
-12.620296
-11.346863
-10.689652
-7.311796
-6.622585
-7.389092
-7.642103
-8.817987
-9.238266
-7.931982
-10.376776
-9.349765
-10.862414
-8.819406
-5.217067
-5.338956
-8.825566
-4.535105
-6.959326
-3.918984
-5.835035
-3.675796
-3.422477
-3.625416
-3.645522
-6.032748
-6.755226
-2.765384
-6.084446
-6.354005
-4.670954
-4.818143
-1.893592
-0.368823
0.270072
-5.133241
-0.519423
-0.845309
-2.106402
-0.114432
-1.403084
-0.554853
-1.088077
