2.058999
1.050334
-0.035677
3.255799
0.391239
1.818064
1.492577
3.100050
1.682993
2.683461
1.653868
2.421946
5.145539
5.515250
5.871825
3.180093
7.121329
7.944219
5.083115
7.002857
4.634609
8.142788
9.364705
6.997846
9.752569
4.333989
5.240323
7.088259
6.498682
9.879245
8.050719
7.702646
11.604010
10.534169
6.232706
11.470638
11.762503
8.998951
10.783117
9.934432
10.998510
8.457088
7.750193
7.552207
11.944737
9.425926
10.559115
10.128256
12.733023
9.974672
8.985856
12.481447
9.858456
8.418001
8.114179
8.214216
9.412033
8.216472
12.585499
12.278402
7.012725
7.320154
9.131139
6.298761
7.568115
6.202815
7.730202
9.040110
9.019407
10.738534
6.820452
9.191137
8.055951
5.740966
5.953495
9.401990
8.556001
4.203549
3.201128
4.422897
5.079648
4.959939
3.985129
3.557400
2.884088
6.383388
2.070755
6.431947
3.753177
2.425121
5.561814
3.646975
0.900691
2.512127
-0.311370
1.020940
-1.467749
-2.294825
1.680114
-2.864307
-1.905209
2.371393
-1.962409
-3.880628
-4.545162
-3.068428
-5.002553
-2.198844
-2.944776
-1.134742
-3.444936
-3.908191
-5.304724
-2.286995
-5.967301
-4.019687
-4.540165
-2.399700
-4.397600
-8.838571
-4.156638
-3.553757
-6.695879
-6.932296
-4.404641
-7.929572
-8.045793
-6.449030
-6.200260
-5.550436
-5.584529
-10.254402
-7.408246
-8.830315
-8.655544
-6.196595
-6.802627
-10.683032
-11.625002
-10.431634
-7.692608
-9.954619
-10.398942
-12.147070
-11.891531
-9.691420
-8.114015
-8.113897
-10.748957
-7.332327
-9.549032
-9.539536
-7.235760
-7.636691
-8.190055
-6.889663
-7.532151
-8.672996
-11.197294
-9.413343
-6.470308
-6.734923
-11.178264
-8.807269
-11.532831
-8.446947
-9.897573
-9.759167
-9.565787
-6.220241
-9.060217
-6.128092
-6.477852
-5.201693
-6.220365
-6.941727
-6.165568
-9.153770
-4.129239
-6.176076
-4.497322
-7.007245
-5.601956
-4.191858
-2.810167
-4.286961
-5.928831
-2.550378
-0.407667
-1.709633
-5.563045
-1.972169
-2.013596
-0.673725
-3.663981
-2.683476
-3.856225
0.735238
2.214156
-0.729421
