2.869230
2.326858
0.702208
3.124186
-0.079049
0.439712
1.385537
0.973767
2.723444
4.263621
2.705717
3.722262
2.158406
2.856859
2.580524
2.826587
4.719310
8.342747
3.672576
6.203354
8.701335
7.352110
8.715470
6.134223
7.540976
5.924585
5.865157
10.307588
10.024365
8.650110
8.304893
5.611799
7.857404
8.784026
8.909075
10.052442
10.350671
10.160462
12.122081
10.451649
11.481503
11.906089
9.267243
11.628209
8.734689
11.549835
11.262489
11.848697
10.828172
9.866108
9.579340
10.012106
9.184031
11.306332
10.424862
10.483663
7.969791
10.872654
7.390928
8.711032
6.624968
11.919853
9.633686
11.134436
11.601096
6.238608
6.464660
11.279095
8.221770
9.116206
7.555138
10.299180
8.741323
8.398105
8.055125
7.098112
4.653647
9.227217
7.650375
4.462119
6.357012
7.697646
7.059279
5.769601
6.169168
6.169203
2.448938
5.184138
3.593209
5.549753
2.730977
3.369856
0.471339
-0.485965
-0.250603
-1.703389
-0.086338
3.231566
1.888626
2.699909
1.100600
0.580479
-1.011832
1.563438
1.129861
-4.413723
-1.836620
-0.824515
-1.302132
-4.466947
-4.273296
-5.063242
-4.059577
-5.019182
-2.897122
-5.474857
-2.169227
-3.914906
-6.546811
-8.026652
-9.021169
-9.177035
-9.351452
-5.701825
-5.420902
-6.938616
-9.554777
-6.423123
-7.395152
-5.854712
-6.102864
-6.391321
-6.899022
-9.816333
-6.757451
-7.816828
-8.421962
-9.742295
-10.084783
-10.049620
-10.402164
-11.591829
-7.106271
-8.483986
-11.382001
-11.397491
-7.317365
-12.477280
-11.167849
-10.493571
-10.825504
-11.424724
-8.789086
-7.226189
-7.376755
-8.504590
-7.339029
-10.807686
-6.901160
-10.405359
-9.742805
-6.673038
-7.391262
-7.961901
-10.608860
-10.588360
-10.017265
-8.274200
-6.004319
-5.198116
-9.985313
-5.535043
-8.450676
-8.967690
-8.089470
-5.420322
-3.985762
-5.940717
-8.730039
-7.842952
-8.311919
-4.430850
-2.299386
-7.144292
-3.479252
-7.143817
-1.258691
-2.449020
-2.469336
-3.048024
-5.419468
-2.595412
0.318896
-4.088514
-4.334308
-3.414941
-3.429271
-1.984150
-1.289234
0.181931
