-0.764241
3.550878
0.440059
2.791536
1.703222
4.823385
0.378505
3.486451
0.064092
2.969538
1.597590
3.059488
3.969392
1.290346
6.460563
5.741735
2.233327
2.675582
6.780762
8.490942
7.169992
3.603969
7.717666
9.047151
7.566693
9.543572
7.340061
9.929606
10.877343
6.865427
8.950043
7.503141
10.809633
10.960363
9.309876
6.791480
6.208370
11.249231
9.524147
8.755441
12.046699
12.683509
9.516679
10.274844
11.702606
7.655860
12.897832
10.394042
8.255015
12.364880
10.557260
10.542182
8.494391
10.883092
10.314392
9.452744
12.275573
11.710391
6.954199
10.618206
7.262904
8.157526
11.631666
7.760644
11.163266
10.946375
11.388584
6.412427
7.011119
6.411495
10.239296
7.934293
6.403308
9.785216
7.651438
5.761837
6.285224
8.618506
7.409559
7.029339
8.293775
6.973074
5.093820
4.524354
3.381688
3.529801
4.180486
5.428144
3.081824
0.590247
1.626823
1.251525
0.428677
4.656320
3.804438
4.216056
2.731931
0.754756
-2.574973
0.775364
2.264912
1.506588
-2.355622
-3.951286
-2.690791
-2.646883
-2.376046
-3.825896
-1.031116
-4.603126
-4.603371
-2.998024
-3.669340
-6.195198
-2.337037
-4.373138
-8.059803
-7.616805
-4.594582
-3.088790
-6.239986
-5.911790
-7.811218
-7.691352
-7.491160
-5.973558
-5.139345
-8.266314
-7.539101
-8.011236
-9.134693
-9.361648
-8.077904
-6.394327
-10.332375
-8.208311
-11.476292
-9.279794
-9.657481
-7.719663
-10.606667
-9.687847
-7.954349
-8.734866
-10.707937
-11.895266
-7.361912
-7.766348
-7.309035
-9.033230
-9.098087
-9.145602
-12.931887
-9.275168
-10.533467
-12.104255
-7.465636
-7.695603
-7.118748
-8.650464
-8.304989
-8.116230
-8.367360
-8.111297
-10.389191
-8.533751
-9.841985
-10.224083
-9.350217
-5.376251
-6.619918
-6.814973
-4.927653
-8.035162
-8.769792
-5.294203
-9.221311
-6.717323
-5.174021
-3.449161
-7.861188
-2.397053
-7.209913
-4.487602
-2.196425
-5.232278
-3.988737
-6.078302
-4.348001
-0.879801
-2.239477
-2.158790
0.688609
-0.576830
-4.009939
-2.041612
-0.676533
-0.407768
-0.601172
0.393024
