0.409063
3.557787
0.464622
0.561594
-1.232315
3.203917
3.737650
1.252648
5.036724
4.715804
1.122751
3.775606
2.792750
2.466978
2.740691
6.237798
6.565591
3.858245
2.992737
6.077376
5.430372
7.128955
7.722765
9.315547
6.153006
7.000135
4.991375
7.313149
9.698318
7.019926
9.085585
10.544771
11.346611
10.333582
10.428927
9.470857
11.355536
6.893581
10.538191
12.286440
7.044040
9.626788
8.380376
11.551519
7.841003
11.188646
12.764126
11.919728
7.811910
9.005332
11.908850
10.537388
9.725870
12.553837
10.183629
7.652801
10.685079
6.836985
7.190737
10.487442
7.658371
7.657743
7.375580
10.545098
9.605001
6.444932
8.761212
9.880881
10.909832
6.219048
7.189331
7.950013
5.141883
4.885544
7.730547
4.585329
5.533938
4.430663
6.420463
7.769587
5.507070
4.105307
4.822106
6.420753
4.546953
5.033006
1.942053
6.274514
2.697724
0.860352
0.667248
5.206677
4.606860
0.206312
2.779236
1.459507
3.577271
-1.407863
1.358145
-1.139289
-2.528483
0.073736
1.210292
-1.204262
-0.518956
1.030129
-4.577966
-1.916776
-5.379009
-0.705571
-3.743353
-2.539549
-1.385334
-1.979014
-1.617699
-7.689851
-5.975865
-6.700096
-2.689399
-4.620012
-4.926623
-7.657655
-4.620446
-4.936732
-5.629007
-7.318143
-9.920319
-4.983793
-6.631062
-9.743171
-8.638458
-7.217456
-7.815174
-9.187697
-7.913249
-11.232839
-7.944324
-11.507194
-6.755460
-9.870392
-10.837745
-11.338111
-8.405467
-10.490728
-12.693824
-8.566977
-12.939365
-8.859649
-8.998403
-12.944102
-8.580872
-12.089583
-10.375622
-12.026300
-11.026596
-12.392851
-9.745997
-10.781410
-11.271346
-12.373760
-7.646755
-12.042023
-7.074647
-7.025752
-11.437223
-10.364558
-8.923111
-6.138402
-7.266772
-5.490481
-5.288958
-5.778915
-9.728997
-6.947180
-9.359578
-5.515861
-4.848598
-7.033434
-5.403657
-6.651999
-5.542308
-2.882769
-4.050833
-6.651935
-5.012674
-1.366119
-4.634931
-4.796241
-2.142438
-4.658501
-2.202476
-3.747467
-4.642190
-0.809401
0.824630
0.828812
-0.664268
2.278178
-1.167524
1.924176
