-0.693886
-2.002110
3.154438
-0.473491
-0.009765
3.410928
-0.466096
2.429332
2.540056
2.487779
3.382368
2.085787
2.291439
2.116101
6.154428
5.495341
7.884716
6.877346
7.069853
8.414659
4.542642
7.738381
4.958321
6.914249
7.448824
5.487567
6.959785
8.731287
5.358355
8.080435
6.522955
9.619861
8.649165
10.146889
8.787782
10.665946
9.212225
12.242156
9.703840
10.546749
9.630158
8.467401
9.854962
12.518157
9.936968
8.699748
9.633453
12.864355
11.708561
8.361074
9.680060
7.512323
11.660963
10.942031
10.675723
12.386723
9.567095
9.073239
11.561868
9.043864
10.696112
10.027622
10.967352
11.181814
6.478418
11.073141
10.153459
5.470425
9.427569
9.600056
8.701778
7.779567
5.802046
4.467546
8.695235
6.351444
3.695455
7.153865
3.180667
8.103847
4.732141
2.719130
7.465319
2.514391
3.685455
3.944317
4.172088
4.511823
1.400418
1.851144
0.574878
0.816744
1.668698
3.640786
4.448466
2.215789
3.224992
-1.777600
0.286403
2.022215
-3.280124
-2.643337
0.352001
-0.449745
-1.736813
-1.471207
-1.786001
-2.219124
-4.090172
-1.422642
-3.514421
-0.761334
-3.082614
-5.929052
-7.083636
-3.195819
-4.874901
-7.621316
-4.910484
-8.068815
-5.106720
-3.873562
-4.803069
-7.220148
-4.215427
-8.055420
-7.712780
-8.540575
-9.480206
-8.346994
-10.857398
-10.613496
-9.992145
-9.066027
-9.094720
-7.083310
-11.652792
-11.999180
-12.132584
-7.680190
-8.606469
-8.244997
-8.240904
-7.726267
-8.980543
-7.779178
-10.922024
-11.150977
-7.553357
-12.673616
-8.719219
-11.249053
-9.271854
-12.132949
-12.557512
-7.455771
-8.796408
-9.156188
-10.715531
-7.527012
-6.447492
-9.714547
-11.114500
-10.705431
-6.769766
-6.613779
-8.681820
-10.229575
-10.313964
-10.727904
-6.756801
-7.050663
-5.196041
-5.144514
-4.805346
-6.962778
-5.186917
-7.759155
-3.348475
-7.541704
-8.240764
-4.334261
-2.149061
-4.588538
-2.201235
-6.772850
-1.567987
-6.428532
-2.667852
-5.532642
-4.104683
0.426394
-2.276876
-2.773330
-2.235346
-2.306755
-2.969644
-0.858833
-1.286533
0.943618
