-0.811575
-0.540793
3.030678
-0.942797
-0.548079
0.386304
3.871404
5.057133
5.530106
3.224078
3.570137
1.174510
4.667646
2.347893
7.445202
1.836815
4.356531
2.483973
7.700956
3.902046
9.062906
7.362297
4.186949
7.928150
8.462457
7.290095
10.291688
10.631771
7.649544
6.828260
8.928269
10.683297
6.505935
10.987208
9.953476
6.869962
11.696001
10.465975
7.067056
7.623267
11.867817
9.037490
7.485404
7.232023
11.318687
9.466046
11.614538
7.346719
9.397966
8.781237
12.638772
11.188373
10.488271
12.622536
10.945261
12.259590
11.692618
11.572548
11.993951
6.948076
11.725231
11.537790
6.471339
10.602436
7.973251
8.420832
7.216351
6.091844
10.445211
8.993786
5.188816
7.839763
7.474205
7.696029
5.717859
4.950610
9.012282
7.400080
4.441358
4.726250
8.507901
6.001987
5.601395
4.547561
2.973402
2.532184
1.460150
4.137612
5.217449
0.569428
0.732747
1.956017
-0.671729
3.623812
-0.703103
0.881505
0.945629
3.625070
3.116662
0.881201
-0.533220
-2.132538
0.465275
0.514978
1.064171
-3.376817
-1.038173
-2.922609
-4.191333
-4.385438
-1.881748
-0.966085
-3.044983
-1.469954
-4.542597
-6.604041
-7.580615
-6.618072
-8.442204
-8.577344
-6.964346
-7.347072
-9.548966
-8.909572
-4.894055
-8.769509
-8.813115
-8.626944
-7.353017
-6.167750
-10.468250
-7.940609
-10.042562
-9.276152
-8.449635
-8.176987
-6.726392
-12.048737
-8.154348
-11.412848
-10.989782
-11.778288
-8.373532
-8.212032
-10.557248
-12.603758
-9.541443
-8.923994
-7.839491
-11.844446
-11.835367
-12.046871
-8.208862
-12.689646
-9.586646
-7.773614
-8.488236
-7.548677
-7.182556
-7.024034
-10.806125
-9.744235
-7.600261
-7.578904
-6.571437
-10.017540
-11.459929
-10.116636
-9.563974
-9.780885
-10.417208
-10.101091
-6.770650
-6.555547
-6.810702
-7.794539
-8.141105
-8.119961
-7.852410
-7.679709
-3.057564
-2.381610
-7.502047
-2.929885
-6.462252
-5.287596
-6.780123
-4.472164
-1.436564
-1.440191
-3.487028
-5.137850
-4.751990
-4.250093
-1.808100
-1.817644
-1.160367
-1.337879
-0.514265
2.771404
