-2.468592
3.460530
0.725059
1.799583
2.888181
-1.055917
4.163073
3.251459
5.770971
0.423702
2.320958
6.591725
5.645653
5.582692
5.956056
2.461692
7.342469
7.563897
2.988821
7.529574
3.734325
8.001411
8.298660
4.044968
6.491547
5.465001
8.081177
8.642182
7.905180
6.622731
6.654808
6.937696
8.165895
7.555963
6.383376
7.240511
7.236535
6.788516
10.251725
7.874182
12.296365
7.575887
9.163072
9.280253
10.444661
9.460668
12.375678
7.033989
11.049628
12.631988
10.809295
10.424076
10.013591
9.221533
12.088369
10.508744
10.965569
12.415862
7.973032
10.876384
7.603076
8.946762
8.211487
10.062243
11.804368
9.781504
6.449098
8.207998
5.407229
7.279312
6.899970
10.267995
6.410336
8.097093
8.450904
5.106116
5.917957
4.077962
3.903312
6.981012
6.888411
4.785676
2.129138
3.901035
4.983570
4.452502
2.340719
6.562456
1.826592
2.889397
3.591480
5.454732
4.214105
1.871492
-0.249013
-1.508735
1.398256
-0.971822
-0.093627
-2.524653
1.987493
-0.809481
-0.696746
-3.557738
0.311608
-2.037667
-1.422325
-2.046894
-2.559673
-2.420659
-5.437935
-1.938167
-6.096078
-3.542108
-5.600437
-3.646371
-4.420664
-6.206562
-7.683507
-7.331825
-6.317236
-7.980362
-9.278408
-6.701957
-4.552274
-7.555809
-7.685131
-8.366666
-4.994872
-10.731385
-6.548499
-9.150820
-7.964722
-8.464403
-8.693726
-10.186250
-6.834201
-11.138291
-11.191256
-8.105953
-11.661105
-8.011964
-12.568014
-10.290170
-11.951713
-9.875103
-11.904023
-10.570741
-7.377815
-11.251773
-12.131434
-7.500428
-7.408628
-11.860986
-12.649293
-10.517747
-8.193008
-9.631330
-9.611313
-8.552870
-11.469295
-8.051609
-8.780300
-7.041605
-7.146717
-11.612231
-8.922793
-9.665432
-11.016472
-6.248395
-6.830177
-7.873331
-9.169265
-8.492051
-6.849255
-8.320829
-8.095160
-4.861615
-7.574663
-8.807367
-5.870256
-7.014015
-2.948327
-3.960314
-6.712269
-2.517802
-3.554733
-5.947992
-2.898979
-4.386382
-0.212142
-3.260093
-4.994837
0.584805
-3.566351
-1.731490
-1.833111
-0.571541
-3.142464
-1.672664
