3.161435
-1.884963
0.509100
-1.257310
3.681232
4.177226
0.538952
2.360063
3.621672
2.527339
0.933080
4.889616
5.674199
5.368188
5.736951
3.802133
6.130235
7.283541
7.926160
7.573856
5.926534
8.102530
5.257736
4.249733
9.977208
7.084423
5.397078
6.941351
7.322749
8.442143
10.039619
7.041018
7.786361
6.486397
9.013014
10.819541
11.597504
7.141023
7.768252
8.350431
9.624858
8.009153
9.000500
9.114369
11.293596
11.783795
11.462670
8.195836
7.307076
12.827351
7.059879
10.048451
7.828329
10.146089
12.249888
9.546390
7.771254
8.940968
8.208742
12.426957
11.802562
10.081718
8.039514
9.401869
10.555307
6.256074
9.974303
8.159239
6.139590
5.617338
10.283266
7.429325
9.833400
6.721506
7.379021
4.364100
8.275669
4.144055
3.815816
6.268400
8.429858
4.900240
5.083819
6.536154
5.044023
4.077358
3.809983
2.717940
4.154253
0.842377
3.136128
4.994124
1.205359
0.839995
2.023913
2.382444
1.697547
3.206489
-0.697610
-0.498761
-1.299230
-2.201222
-1.539745
1.470106
-3.404973
-1.224609
-4.254052
-3.946531
-0.992358
-4.687655
-4.167694
-4.776642
-1.657226
-7.090195
-3.758795
-6.423507
-3.812624
-7.902938
-2.798864
-6.453146
-4.144956
-7.659172
-9.523121
-6.389118
-9.725690
-6.662829
-6.798036
-6.008710
-7.631411
-8.246109
-9.280426
-9.760463
-6.505308
-10.495067
-11.098926
-8.671571
-8.055864
-10.121931
-8.287188
-10.443054
-7.628045
-8.720346
-10.627232
-12.333175
-9.272891
-7.537951
-7.237864
-10.394629
-7.464750
-9.638629
-7.382499
-12.977218
-10.361335
-9.289878
-8.135869
-6.982878
-7.677874
-6.699488
-8.719130
-11.571777
-12.242343
-6.613370
-11.552409
-8.681456
-7.318187
-8.524942
-8.775732
-7.197827
-9.619163
-8.271118
-5.714455
-7.175114
-4.580831
-4.645856
-4.387672
-6.443367
-9.539753
-7.501550
-3.892459
-7.874950
-3.434574
-4.393682
-7.435057
-1.974806
-6.313730
-4.001158
-6.857020
-3.208931
-3.772613
-4.939465
-0.206855
-0.640898
-1.176757
-3.067890
-4.222794
-3.832284
0.090683
-0.356711
-0.404080
0.385710
