-0.697618
-0.115559
-0.050029
1.685573
-0.874217
-0.276154
0.621270
2.407721
1.082078
5.678813
5.677212
2.343561
4.439804
7.148785
6.147483
1.985461
7.667031
5.102660
2.917340
4.787574
6.320180
7.733648
3.788722
6.193788
7.931181
4.571963
9.464241
6.332455
7.639567
10.955952
9.271832
7.338299
11.568403
7.432326
9.482056
11.705831
10.814159
11.171564
10.744432
7.709614
9.531557
12.663034
7.742874
12.203986
11.806278
7.149297
10.539271
11.879181
9.719268
10.919658
11.390069
12.820774
9.988630
10.039792
7.102635
8.506513
6.827938
6.965415
12.185688
10.346388
9.926564
12.177685
6.415425
10.590923
10.861197
8.582690
8.608250
7.746120
10.746814
11.084474
9.544691
5.527911
9.554096
5.299461
8.620826
8.872935
5.939558
8.096121
8.080616
7.269705
3.442624
2.711887
4.083743
6.456346
3.582240
4.540129
3.081689
4.357815
6.122429
0.609197
-0.205265
4.597547
0.864457
-0.819831
4.398014
1.912576
-0.736160
-0.503518
0.846748
0.898564
1.613267
-2.839084
-2.216408
-1.208192
0.888446
-1.385116
-2.161556
-0.063767
-5.223428
-0.774893
-6.335761
-5.741053
-4.648076
-3.250723
-2.236794
-2.080702
-4.825426
-4.896285
-5.952770
-5.883231
-8.477103
-7.146589
-8.096118
-6.794054
-8.878509
-5.093364
-10.076622
-5.163110
-9.169941
-10.853069
-8.960034
-5.844414
-7.083486
-7.197801
-11.132489
-8.293980
-7.834888
-11.033901
-9.531472
-7.943571
-7.053491
-10.362521
-8.966328
-7.966330
-11.990681
-12.566999
-7.071898
-9.366267
-9.164970
-10.357911
-9.561686
-8.064866
-8.790148
-10.968901
-10.061366
-12.621903
-7.525932
-8.703523
-7.490566
-7.710674
-6.655665
-10.654188
-8.972918
-11.012739
-6.367237
-10.050932
-9.008562
-8.830661
-8.632404
-10.645738
-5.101339
-8.577553
-4.614401
-5.559383
-6.419970
-4.282862
-8.553249
-6.589047
-6.449516
-4.544916
-7.212900
-5.000858
-5.757615
-5.937477
-1.823811
-1.330390
-4.463967
-6.366296
-1.024205
-1.090674
-2.750981
-2.208102
-1.425375
-2.951640
-3.502361
-3.530612
-1.349835
1.422532
2.522141
-1.281502
