-0.208174
-2.137145
3.121387
3.457350
2.217230
1.630842
4.349078
4.636732
2.859682
3.165658
0.870802
1.930532
6.519123
2.706556
3.644577
1.973501
7.576057
5.905780
2.945145
6.668203
6.114662
5.200899
4.958878
4.536504
4.740447
8.376409
10.153110
10.214479
10.112489
9.178834
10.085685
11.032557
8.285393
10.262738
9.313545
11.557396
9.391418
7.309214
8.719408
8.341020
11.349688
6.709288
11.972905
10.845703
10.097674
10.248613
11.509899
9.685725
12.181342
8.813049
12.323435
10.638265
10.275216
12.152931
11.891171
12.676231
9.525242
11.993132
8.338821
11.580868
8.054395
7.663412
8.907373
11.618994
7.524537
9.895514
9.240206
9.068978
8.106820
8.857234
5.712434
6.366934
8.616008
6.194349
6.625522
7.272531
7.772568
8.653446
5.116819
5.575499
4.299841
3.159105
5.150682
6.835702
3.388073
3.794314
3.329941
0.844063
4.729441
3.341151
3.779209
1.565507
3.969459
3.263671
0.650625
2.078200
0.926672
-0.290514
-1.954690
-0.700394
-1.270282
-3.252457
1.671140
-0.831174
0.111253
-0.572277
-4.920652
-0.686919
-3.709579
-2.391830
-1.686512
-6.673713
-5.435285
-4.639272
-2.317650
-7.676833
-2.725559
-7.388095
-6.663948
-4.637081
-4.689037
-8.259275
-6.367845
-8.894524
-5.794304
-6.608997
-6.352978
-8.704656
-8.175433
-7.013906
-11.137713
-8.595107
-6.900524
-11.648859
-10.715769
-7.204958
-7.786085
-8.845663
-8.154766
-6.706928
-10.302191
-10.106835
-10.872694
-9.146025
-8.604870
-12.137950
-7.660062
-10.895609
-7.988449
-12.997514
-10.902463
-12.834151
-9.948987
-7.462618
-9.062330
-9.891589
-7.560089
-10.944132
-12.297604
-10.306550
-10.796680
-10.548068
-11.654117
-7.315992
-9.790004
-10.968594
-6.509463
-6.958719
-8.768027
-9.969482
-7.956892
-7.546123
-8.654963
-4.353065
-4.779275
-7.604837
-8.121354
-7.928249
-3.168266
-7.457335
-6.435374
-7.441970
-5.354756
-3.368029
-4.709819
-4.106218
-0.993797
-6.214659
-4.613193
-0.988220
-3.042484
-1.976595
-2.394596
-1.672401
-3.053087
0.558886
-2.560408
0.253941
2.039050
0.071384
