1.559073
0.453413
-1.185243
0.088355
-0.886178
1.262504
2.375956
1.547746
0.745037
4.373196
5.354670
4.811802
1.366897
3.691569
6.329954
6.710833
4.746371
5.481583
7.298167
8.029108
8.424122
8.730663
5.565523
4.590990
4.109504
7.910089
5.293120
5.437856
6.226967
7.375831
7.700104
10.651829
10.944885
6.602317
7.533862
6.605330
11.084218
9.829606
9.899522
12.361289
7.209070
9.698222
10.480018
8.697438
8.280937
9.305308
9.222850
9.098876
9.859974
10.862833
11.803176
11.820887
9.739530
9.618903
7.400158
9.410512
8.643431
11.772372
11.954771
6.563265
7.699085
11.535649
8.708523
10.591985
7.551157
8.198212
10.810479
10.179138
7.330045
8.320505
5.332712
8.918658
8.575768
9.694666
5.082745
8.934070
9.255905
6.742603
6.230819
5.038101
2.661016
5.925305
3.277867
6.711874
3.247366
3.484532
4.727097
5.953650
3.913267
2.679833
3.747008
0.324245
4.044831
1.903006
1.163012
0.915870
-0.451997
3.247378
1.631399
2.287148
-0.281859
-0.991979
1.391119
-2.877992
0.252132
-2.221361
-2.192469
-0.525059
-2.591930
-3.516655
-3.135734
-1.136029
-4.871882
-4.444481
-4.152756
-6.784037
-2.184139
-5.743773
-8.354258
-4.156507
-6.451564
-3.419925
-9.428475
-7.753200
-9.001321
-9.863784
-5.194015
-9.093652
-6.511647
-9.954092
-10.690686
-9.856107
-7.023740
-6.076377
-11.864601
-11.685120
-7.954817
-11.755495
-9.202599
-10.278615
-10.378406
-8.114738
-11.987673
-7.836029
-10.323005
-12.381551
-9.396630
-11.476297
-10.080145
-8.360363
-10.886155
-12.218776
-11.649606
-9.942058
-7.710515
-8.554119
-12.342592
-7.782822
-7.461786
-6.525968
-12.307493
-11.789839
-11.789989
-10.892486
-7.891922
-7.390625
-5.924373
-10.466994
-6.871402
-7.957711
-6.765693
-6.734334
-8.527624
-8.759419
-8.889539
-6.172980
-9.529341
-8.253846
-4.826914
-6.012866
-8.539791
-4.679065
-5.487886
-2.593619
-5.071637
-5.200663
-6.531515
-2.110967
-4.785712
-1.862010
-1.755109
-3.750928
-0.105753
-2.713140
-3.613779
-2.335261
-1.208056
0.654525
-0.527695
0.274712
