1.762940
0.888142
0.082502
2.455984
1.574311
2.312877
1.301979
2.572586
0.815776
0.172114
1.463832
5.950246
4.863338
5.272686
2.072709
2.174926
5.422168
4.656022
8.617415
4.912580
4.776550
6.726327
7.476856
8.348402
4.756590
5.899264
5.681984
9.778886
8.920833
8.885496
8.747985
6.294546
8.970209
11.545463
11.274540
8.864393
10.468819
7.380827
10.012279
6.606870
6.780909
8.376606
8.016918
8.065935
7.214502
9.432683
9.503268
10.361007
12.335199
8.232513
7.543987
8.755121
7.589156
12.149133
12.678789
10.296896
9.332701
9.886905
9.760278
8.064492
6.926032
7.661401
9.234370
8.434897
7.329230
10.462398
6.083663
7.091169
9.447218
8.214390
7.620391
9.975694
5.269696
9.124563
9.952086
4.501873
6.272285
5.522064
8.544380
8.251186
5.157064
6.779841
3.421268
4.656062
2.716236
7.220220
3.493412
6.468332
2.940003
5.581651
4.059227
4.218822
4.338614
1.696919
0.770556
0.727421
2.370212
2.325686
-1.363429
-0.407270
2.309739
0.395903
-0.725677
-1.564077
-4.229969
0.093215
-5.135853
-0.247355
-3.386861
-3.291627
-5.434790
-1.263594
-1.742273
-5.034396
-5.742477
-6.895848
-5.992479
-5.019937
-3.705798
-7.687285
-6.401775
-6.157990
-8.408493
-7.908690
-7.795320
-9.605262
-4.640642
-4.905327
-6.033584
-5.559202
-8.931292
-8.893948
-6.641593
-9.138779
-7.070249
-6.441277
-9.552457
-10.709797
-12.069513
-7.025698
-11.414273
-9.062051
-7.569320
-10.166976
-8.292691
-9.397969
-10.772582
-10.315804
-11.037205
-9.488810
-8.327403
-11.845626
-10.444653
-10.409034
-11.047165
-10.136286
-8.767723
-9.942869
-8.142288
-8.835416
-9.946086
-9.233148
-10.536250
-11.662023
-7.166619
-6.127990
-11.145912
-8.979674
-7.727582
-5.633099
-8.319330
-6.968749
-9.813406
-5.454586
-4.144825
-4.364476
-9.143802
-5.515192
-5.710451
-4.845421
-5.350230
-4.903375
-7.617115
-7.040214
-7.243835
-6.155121
-1.516246
-1.476321
-2.218551
-1.048790
-1.675708
-1.719590
-0.332184
-2.839080
-0.403088
-0.331131
-3.408538
2.126246
-0.786451
0.631771
