-1.060191
-1.437934
-0.274846
3.157359
3.653670
1.601956
4.916075
1.109887
0.000650
5.899502
3.483256
5.524779
1.154276
6.708711
3.134606
6.002926
6.130752
3.374344
5.505640
6.165461
6.403862
5.907405
9.541196
7.548300
4.741234
9.798208
6.622915
10.002580
9.140523
7.278596
11.250213
10.088476
5.952363
9.154471
11.739966
7.915541
9.377386
10.684533
8.888045
12.488671
7.426506
7.501321
7.729348
11.757385
8.939929
9.963855
12.355890
10.345934
12.927266
10.137236
9.346604
8.424389
12.585078
7.823013
12.322987
10.412037
10.778565
12.664668
7.321800
11.402577
10.976121
11.907205
11.424453
9.079764
7.594755
6.604937
9.127461
9.371130
10.646390
8.557655
6.767700
5.110339
8.154890
6.796715
9.969600
4.650604
5.771125
8.269794
8.043686
5.313642
7.482753
4.192261
4.745430
6.379162
5.367313
2.232216
6.132513
6.098765
6.012385
1.235296
1.161880
1.542629
3.730128
3.314266
4.412913
-0.765280
3.751301
-1.648303
-2.133036
-0.463461
-2.090998
-1.736707
-1.257830
-1.011885
0.568924
-1.837301
-1.741194
-4.200751
-3.030585
-1.798956
-5.251087
-4.223102
-2.559835
-4.891823
-3.051104
-2.432216
-6.907841
-6.604706
-4.960050
-8.783869
-3.514930
-9.074617
-6.388593
-9.727218
-6.363788
-7.028627
-4.809595
-8.217571
-5.349563
-10.967585
-7.367710
-7.420372
-9.071172
-9.087360
-6.066213
-9.878713
-9.399767
-8.746115
-7.824669
-8.462768
-10.008001
-8.508262
-8.657338
-10.281804
-7.586561
-8.936411
-12.721157
-12.571831
-7.648012
-8.401781
-9.148335
-11.811298
-7.580603
-10.806951
-7.517932
-10.278589
-11.926121
-10.216886
-12.430211
-12.485314
-10.940759
-10.271829
-9.754466
-8.731388
-10.067415
-8.255216
-10.673076
-9.958851
-8.971863
-6.654622
-8.602641
-4.996624
-8.618364
-4.899949
-9.135157
-4.244129
-5.277789
-8.431147
-4.866216
-6.869560
-8.213491
-5.639666
-4.455788
-4.310311
-5.719323
-6.508339
-1.723021
-3.456418
-2.516204
-4.868923
-5.218041
-2.133711
-0.282474
-1.521406
-2.183573
0.907567
1.186782
-0.703724
2.661854
1.141512
