-2.195401
0.609587
-0.929980
-0.733332
3.182450
-0.192794
0.385977
3.720635
5.683239
3.043965
0.425558
3.446444
4.028970
7.177375
3.381462
7.436685
7.122112
6.021989
5.077933
7.182833
6.256231
6.670276
3.749923
4.188305
8.844416
7.072612
8.065241
7.120404
8.404481
6.701207
8.508542
10.356771
9.503025
9.209717
8.941241
11.030804
6.463066
9.641092
12.219202
6.835567
8.751133
10.517081
11.862094
7.590101
12.214170
11.582486
8.419648
11.666724
10.030642
12.652135
7.629855
9.444178
7.383145
10.772006
12.137917
9.854145
7.876491
7.532879
11.174186
11.056344
11.406400
9.560890
8.792740
10.623199
7.174488
9.904897
7.295071
9.954665
11.145367
8.668021
6.041622
5.160311
7.458751
8.815196
8.161127
8.679732
7.404160
4.205531
8.423303
7.303828
5.492385
7.445710
7.262329
5.375813
2.776574
3.081697
2.914150
6.086662
4.333566
3.769662
5.193456
5.009546
1.086350
1.135311
0.704484
0.545553
1.306790
-2.261090
1.468212
-2.149646
0.416496
0.215159
-1.660700
-0.708323
-2.467498
-4.002024
-1.883966
-0.099745
-2.223352
-5.454624
-0.483726
-0.747804
-2.618584
-5.036422
-6.409904
-4.195584
-7.205060
-4.715991
-7.853110
-8.521144
-8.540438
-8.478644
-4.815814
-8.664919
-8.030034
-9.111239
-9.490958
-8.689057
-6.649198
-8.661786
-10.614475
-6.746854
-7.553271
-11.097154
-8.358165
-6.394195
-8.449071
-9.976877
-7.249642
-7.295177
-7.890336
-12.042321
-8.788653
-7.274962
-10.907370
-7.826464
-12.461038
-7.666099
-11.616764
-11.669842
-10.897215
-12.402212
-11.116739
-9.534211
-10.249720
-9.437965
-10.687288
-8.075413
-8.505142
-10.244024
-8.386961
-11.714635
-6.999318
-8.369916
-6.185562
-9.581725
-6.844612
-7.731860
-9.538933
-8.508611
-4.917303
-8.006737
-10.453095
-10.052623
-9.134736
-7.696734
-8.052592
-6.039002
-8.289679
-8.128959
-6.591203
-5.515529
-2.765373
-6.887613
-2.247245
-4.036810
-6.790792
-6.062642
-3.083102
-2.499814
-3.390368
-3.795460
-0.349838
-2.222788
-3.091352
-0.540383
-3.102692
1.344837
0.050879
0.910489
