-2.173419
-0.314601
0.782949
-1.338740
0.503555
-0.426044
3.522060
5.110907
1.103804
4.815843
1.564957
2.629967
3.104399
3.336904
3.359096
2.539960
3.756103
7.508653
4.983462
8.128238
6.861588
6.851411
6.678090
8.912793
4.595085
8.892304
7.761102
5.920294
10.517597
7.361727
7.788448
6.491077
10.717820
10.393505
6.749876
10.999927
10.137311
7.845086
8.730376
9.926626
8.088219
7.502341
7.291153
8.818915
9.971966
8.141480
9.987685
8.887296
7.012603
12.206807
12.786696
8.262492
8.310153
7.623467
7.669922
11.730056
8.888513
7.039713
8.640426
7.423523
6.670764
7.143861
9.912293
9.951227
6.518438
8.854623
9.643881
6.360472
10.339313
5.159798
5.097140
7.671373
5.469755
5.019008
6.592577
9.372180
4.727893
6.862829
8.966136
5.620691
7.872113
7.089177
7.557472
2.923359
5.757816
6.418813
3.598570
4.679232
5.712032
4.985996
4.953008
0.718857
3.936602
3.528785
3.732840
3.711015
-2.006945
2.493490
1.337711
-2.477979
0.229020
-2.734715
1.529402
-1.290293
-3.929091
-1.581341
-3.181440
-3.908597
-2.865482
-4.449501
-5.319139
-2.531072
-5.458983
-2.685598
-2.706160
-6.857141
-5.535615
-7.834144
-6.565903
-8.532360
-8.586403
-5.147484
-7.402706
-9.170070
-9.682055
-5.504655
-7.509249
-10.286294
-7.622938
-5.674032
-8.896506
-10.991535
-10.649527
-10.393360
-9.827090
-9.375604
-8.118759
-7.884220
-6.958803
-9.732846
-7.504751
-9.610551
-8.402596
-6.925567
-11.283163
-7.968650
-8.850615
-10.152872
-11.065415
-8.890945
-8.381759
-7.200676
-11.313115
-9.840726
-9.733884
-12.148631
-11.816965
-6.689099
-7.826415
-9.219375
-6.947611
-6.622150
-7.172123
-8.936011
-11.721570
-8.723434
-7.701461
-7.108746
-10.736678
-8.492578
-8.666027
-5.777216
-6.920852
-4.865494
-9.009158
-8.178894
-8.102386
-4.954205
-7.328094
-6.160933
-7.448514
-5.716672
-5.355546
-4.212865
-6.846586
-3.479108
-5.180319
-1.659172
-5.400042
-5.437916
-4.316282
-2.743667
-1.671770
-1.066675
-2.187702
-3.810717
1.230818
1.247475
-2.912340
0.360887
