-1.382742
-2.009003
3.760775
4.132537
2.004351
3.868203
-0.661940
2.667074
0.139805
4.751101
3.915804
0.988101
3.207003
3.992467
1.702171
7.096884
5.565479
6.831601
8.188989
8.266435
6.976587
6.539876
5.232417
8.397246
4.562814
6.337676
8.654758
7.288094
6.620593
9.678678
7.750537
5.611432
9.462402
6.843934
8.350265
7.752699
6.929339
7.029333
11.509528
10.361741
8.880415
10.422173
12.277008
7.508439
12.216197
8.967641
10.379732
12.024781
9.937774
12.303566
8.985918
7.767118
12.592858
8.301416
8.843419
7.362394
8.013740
9.109657
9.324616
11.204449
7.511702
11.427256
7.538427
7.780778
9.842390
6.169776
8.672778
10.026153
6.768138
8.643995
5.197785
6.238592
4.647865
10.065015
6.879936
4.308212
6.822213
8.277945
6.796961
7.510191
5.881671
6.817005
7.951907
4.462757
6.193101
6.730399
6.372206
3.746918
2.094914
2.991454
1.484707
0.551240
4.802471
2.716998
1.125509
2.895924
1.113314
-1.227204
1.179010
-1.436027
0.823530
-2.315647
-3.583119
-3.890045
0.808814
-1.697716
-4.544811
-0.136496
-1.943220
-5.425596
-0.693976
-5.886663
-3.312143
-6.556932
-2.501125
-6.092067
-7.404902
-3.754451
-5.686965
-8.439901
-5.294284
-5.181094
-6.722034
-5.337188
-4.857740
-4.877901
-4.644949
-5.728280
-5.627716
-9.580054
-9.751343
-10.959896
-8.844370
-10.926204
-10.456297
-9.839036
-7.617476
-8.988918
-7.957560
-6.735432
-9.076513
-9.153391
-9.801045
-9.578451
-6.928982
-11.093242
-12.041678
-9.724447
-12.036573
-12.424028
-9.217617
-7.731159
-12.229241
-12.773399
-12.848761
-9.374670
-10.459675
-9.968505
-11.966542
-9.001839
-7.480707
-10.863064
-11.178000
-7.901672
-10.203649
-11.316150
-8.934277
-5.612670
-8.490372
-6.837597
-6.198724
-5.656892
-8.092059
-4.820990
-8.540262
-8.357314
-5.062791
-6.447962
-3.843386
-8.413430
-6.846162
-4.072749
-7.456257
-7.606379
-4.681193
-1.932389
-2.097905
-1.894589
-1.528250
-3.238387
-0.540543
-1.129593
-2.292074
-0.572662
-1.817518
-0.065753
-3.217523
2.109834
2.385589
2.590864
