-1.839647
0.663633
0.054013
1.702991
2.950745
1.593174
5.059086
4.142633
1.019550
1.991202
1.644617
5.861190
5.684243
2.567234
3.289785
7.081508
4.211736
7.968651
7.464147
8.026087
6.298842
5.284695
8.634986
3.893285
8.624565
6.427002
8.051036
7.640399
5.482463
5.377529
8.157170
11.142045
10.360170
9.375604
11.090810
11.999805
6.927923
8.263473
11.071027
9.995325
9.947358
11.225034
8.535645
8.565517
12.159842
12.614063
10.041165
7.871276
7.077085
7.824362
9.153043
7.768081
12.387662
12.778629
8.114675
7.304135
12.598157
7.896558
8.706551
10.153271
9.698605
7.101212
9.936642
6.596577
9.742712
8.752521
7.904372
8.674442
7.048433
5.963388
8.831471
4.815627
8.211899
5.093703
9.920205
4.446037
8.724570
7.333217
3.975487
7.988507
7.099829
4.250405
2.806325
3.663578
3.890484
2.280503
5.505046
1.512063
6.124042
3.701520
5.213837
-0.136486
-0.444745
1.112168
0.836416
2.227853
1.515075
1.136925
-0.440356
0.254374
-0.536998
1.441403
-2.011893
-0.968646
1.119329
0.710240
-1.296875
-5.172316
-4.970662
-0.185994
-4.331590
-4.352382
-2.831420
-4.395077
-4.370351
-7.493116
-3.472981
-7.199594
-5.129583
-7.474913
-6.044960
-8.895439
-4.230216
-6.022250
-5.295233
-9.622341
-9.870524
-8.151050
-6.873357
-8.278787
-7.232567
-9.364166
-6.870490
-10.371530
-9.917434
-11.222403
-7.852894
-7.721445
-9.298366
-8.639444
-7.115464
-8.465868
-11.178283
-12.262532
-9.460426
-9.567072
-9.302223
-12.003324
-7.025803
-10.909013
-10.350772
-8.864113
-8.897611
-11.233891
-11.986753
-12.593990
-7.537372
-10.569616
-7.056302
-9.187634
-7.929975
-9.209277
-11.339282
-11.377940
-6.637109
-7.209906
-10.037131
-9.943794
-6.104240
-11.039575
-9.125674
-7.262921
-4.805364
-6.876973
-6.827689
-7.075884
-7.860308
-6.110885
-8.346708
-3.045965
-8.160073
-2.827789
-4.037464
-5.556418
-5.775392
-1.379584
-4.335463
-5.745908
-0.777319
-5.226226
-0.304316
0.117576
0.045151
-3.068014
1.380972
-2.500531
-2.382108
-0.565454
-1.056245
2.204043
