-1.437254
-0.070610
2.703889
2.890905
3.254597
1.932724
0.723129
3.085886
3.177263
2.216940
1.353747
3.821306
1.900515
6.688105
5.742979
7.420972
5.247839
4.006719
4.004374
4.747376
5.323072
9.341518
4.530956
8.839839
5.713573
9.765854
7.331330
10.621822
5.425220
8.712402
5.500794
7.206415
8.519357
6.775027
9.563650
9.076163
10.891446
7.143310
8.474291
7.382520
9.533466
9.504934
11.802438
10.018478
11.780884
11.448324
7.189785
7.606474
8.735707
10.268216
7.724244
10.614259
10.916051
9.084720
8.476187
12.156378
9.009893
10.732065
8.545834
11.365884
6.943861
8.342240
9.182440
6.839015
11.703618
8.214549
11.434829
9.265819
8.034526
6.599536
5.969321
8.239269
5.458219
6.699834
7.900132
8.049719
6.300643
5.025614
3.531437
5.992677
5.956465
7.210596
5.740492
4.861156
4.792453
3.979964
2.599166
5.656338
3.224406
3.951549
3.370166
0.302599
0.673122
0.846786
-1.106373
2.576747
2.689639
3.497355
-2.090772
1.194658
-2.499213
-1.734256
-1.463749
-4.098986
-0.850142
-1.868496
-3.112711
-5.440121
-1.662270
-3.990010
-0.494934
-1.781945
-4.352068
-3.821895
-1.711935
-2.207195
-4.861956
-2.851413
-4.053626
-3.005749
-6.613943
-8.265917
-4.289297
-4.003757
-4.947656
-10.000911
-9.286454
-5.722006
-8.961351
-5.760603
-10.478487
-5.720188
-10.221074
-11.439199
-8.347414
-6.614373
-7.204556
-6.750089
-9.943105
-9.136098
-8.632558
-11.736564
-7.583886
-10.379892
-8.065242
-11.821996
-7.029291
-7.820582
-8.052053
-10.566365
-12.583284
-9.315964
-7.009737
-10.301314
-11.925374
-7.501870
-11.776966
-12.675416
-7.416781
-6.666349
-8.079360
-7.973835
-8.877898
-8.436154
-11.273709
-7.631251
-6.654102
-6.715247
-10.669204
-5.597156
-8.729692
-8.757118
-4.761204
-9.744774
-5.548123
-7.591238
-9.080854
-3.497356
-5.066016
-3.904794
-2.845040
-4.570943
-7.919467
-4.843072
-6.437541
-3.571571
-4.701013
-2.883192
-1.304541
-1.582004
-3.537033
-1.358720
-4.865414
-0.043454
-0.213329
-4.039497
-0.930729
1.940687
-1.826137
2.526759
