-0.956931
1.800640
2.936567
3.975920
0.310455
2.209073
1.138104
5.098282
5.413255
4.841900
0.435644
3.181988
2.871095
3.219083
5.797425
5.604318
5.383282
5.128623
3.160634
5.054760
8.490538
7.866086
3.944864
6.781932
9.021884
10.182314
7.844556
8.723872
10.199746
6.554748
7.395130
5.848159
9.864093
10.110461
6.197115
6.382962
11.056577
10.414649
11.577152
11.875979
12.589621
12.360019
7.858947
6.921969
8.080145
10.071098
9.169852
9.223452
10.477721
9.957117
10.683086
12.208720
9.181768
7.581725
10.946275
9.104390
10.758579
11.067632
9.519195
7.658170
10.359618
7.564143
7.551210
8.320432
10.384444
8.233770
8.137068
9.475328
6.658302
9.080048
5.472717
5.432311
5.640869
4.577149
5.703104
5.090560
4.868173
5.626946
5.133678
8.425372
4.117703
2.723616
3.203917
4.465545
6.570645
3.480716
5.572605
2.336191
1.138656
1.198312
2.831116
4.796655
1.494276
3.404860
-0.018433
2.220026
1.535000
-1.836635
0.343437
1.160975
-1.674087
-1.644226
-3.078474
-3.208497
-3.604222
-3.532152
-0.853962
-4.057959
-4.827135
-4.505293
-3.255554
-3.025829
-4.554898
-3.787487
-2.030093
-3.111272
-3.470829
-5.579544
-5.339734
-3.540906
-3.269556
-4.984545
-4.933552
-4.583605
-5.068797
-6.341761
-9.665642
-6.117264
-8.037496
-10.358919
-8.116752
-6.499523
-6.870646
-11.112527
-9.233438
-10.912453
-8.941692
-9.159458
-8.488367
-6.606564
-9.478476
-12.418716
-7.127671
-8.147971
-7.862928
-10.289629
-8.267289
-9.792029
-11.471822
-12.017122
-9.260491
-7.089752
-12.750805
-8.578902
-12.786365
-7.627597
-7.529490
-11.366616
-7.868492
-9.687691
-9.375430
-11.163099
-8.955556
-6.146917
-6.260507
-6.855385
-9.063022
-9.359582
-8.109939
-11.088149
-10.684403
-7.050483
-6.944021
-6.421244
-8.683261
-9.599202
-8.715393
-6.652266
-4.474997
-3.539747
-6.680826
-5.757821
-2.587575
-2.000167
-3.637824
-6.032889
-5.178097
-1.633673
-2.522655
-4.033361
-2.671889
0.352104
-1.675779
-1.156018
-3.835887
-1.150613
-1.562512
-0.581177
1.594395
2.307769
