0.060767
1.177356
1.568374
-0.359312
1.369566
3.894312
2.216157
2.005294
4.704089
3.698509
5.969677
5.204158
1.657820
3.023025
4.268090
6.768365
3.216133
5.215403
3.562019
7.723462
5.695609
6.915594
4.523775
4.541148
4.429791
6.545722
10.214160
5.840814
5.804724
10.405920
11.183379
10.331090
9.856173
7.001444
6.293317
8.939037
10.214543
11.278132
7.157264
9.631745
11.991637
8.043179
8.689377
8.156809
8.814796
11.928059
10.021811
12.959615
11.009802
12.189297
8.718206
7.086118
9.101116
11.494918
8.352984
8.648520
11.599378
7.065352
12.289547
10.349635
8.951680
7.334249
10.616619
10.043995
9.552413
8.769389
6.378557
9.143470
10.567621
9.182845
10.823923
9.236530
9.568382
7.476690
4.184521
9.143406
7.455127
8.881086
5.942907
8.098593
4.727331
4.603196
4.835699
7.017760
5.589141
3.070284
2.587661
3.121698
2.483246
3.555035
4.263040
2.664380
3.245611
0.056730
2.089011
0.345887
-0.056248
-1.646335
0.500987
-1.055422
-1.279828
0.711589
0.432020
-0.027666
1.399952
-3.934551
-3.917345
-5.221328
0.092120
-3.298073
-6.236217
-0.727708
-3.745452
-6.542631
-3.279014
-5.909206
-4.583188
-7.718277
-3.109860
-5.648661
-8.184119
-9.244792
-3.927693
-4.420561
-6.312512
-9.302701
-8.670226
-10.097451
-6.261182
-8.137364
-7.039465
-7.372634
-6.382754
-11.332563
-7.299449
-8.672159
-8.664640
-6.691323
-11.288600
-8.816970
-9.555231
-7.139442
-8.710970
-10.285239
-8.312400
-11.754884
-7.214849
-11.009356
-9.283425
-7.210961
-11.752742
-10.431897
-7.589896
-12.628140
-12.868909
-10.199952
-9.711713
-7.391823
-11.783439
-10.092779
-12.205163
-10.716225
-9.340140
-11.297412
-11.694713
-10.859985
-10.341048
-6.895795
-10.626493
-7.642662
-6.665005
-7.330206
-6.142768
-5.884084
-7.916768
-7.216474
-8.653947
-7.633386
-3.313907
-5.169007
-8.001936
-7.625009
-2.994836
-6.960031
-2.644776
-5.563734
-6.830728
-5.239467
-0.984315
-1.001965
-2.120094
-2.696770
0.667406
0.425187
0.137415
-3.272754
-0.766439
-0.089931
-1.629298
-1.486166
