-0.534620
-0.741144
-0.864850
1.370897
1.110586
0.408691
4.032525
0.184729
3.411645
2.813167
2.408609
3.851149
2.086169
5.669009
2.094451
2.652097
5.910099
8.304286
6.195333
4.392876
8.647461
5.962455
4.496514
7.500775
5.914276
6.945408
8.362062
5.494949
8.038636
7.769743
6.296201
7.158471
7.532956
6.485587
5.964097
11.196848
11.244033
6.427706
6.610812
8.171161
11.043438
7.300989
11.127265
10.071596
8.272943
10.149664
7.655672
12.281687
9.266564
11.250082
11.758411
12.304107
10.673189
11.264955
9.929812
10.043633
10.663309
8.656171
6.706881
9.427703
7.918180
10.551290
6.464488
9.800733
7.000226
8.455012
9.555624
9.608910
6.474000
6.590711
6.679152
5.808216
6.582273
6.743119
7.468202
6.481041
8.230154
6.404082
7.341236
4.843972
3.574856
3.675997
7.659790
5.780426
2.194717
3.029474
4.058381
0.970317
4.559735
4.287138
1.444910
-0.345176
2.503972
2.195356
4.466133
3.456463
0.286553
-0.599951
2.475898
2.858866
-3.282989
-2.438628
-2.190367
-3.995364
-3.748606
-0.932501
-2.461648
-3.947770
-3.283875
-1.566026
-3.056524
-3.787671
-6.199690
-5.752556
-2.730249
-6.246471
-7.766820
-8.133985
-3.810853
-5.532598
-4.767782
-8.043582
-6.544946
-5.060429
-4.778452
-5.648459
-4.822394
-8.233255
-8.285042
-8.723841
-10.193346
-10.429896
-6.991828
-6.270402
-6.386911
-11.921230
-6.622417
-8.170572
-7.144163
-7.018953
-7.556158
-10.876183
-6.892587
-9.668975
-10.574045
-12.602280
-11.588099
-7.107038
-12.434793
-10.715135
-10.862325
-12.058785
-11.932866
-9.480725
-9.540621
-6.926165
-8.550407
-8.715394
-8.216754
-7.191391
-6.742478
-9.244184
-11.566840
-9.015869
-6.875587
-6.368067
-9.306615
-7.852302
-7.614328
-10.098734
-7.956363
-5.238803
-8.878660
-6.648107
-6.074574
-8.725823
-5.642381
-8.552284
-8.424640
-7.548224
-4.623208
-7.342922
-7.506510
-4.389113
-3.501220
-3.516158
-6.938837
-6.544953
-3.001204
-2.719200
-5.422754
-2.477626
-0.409725
0.179006
0.861603
-2.270502
0.945581
-1.073797
-0.543885
1.393842
