2.185941
0.075653
1.206441
3.980333
3.598622
4.521956
3.450697
2.494916
1.069872
6.032734
5.663370
2.913335
3.400891
3.312263
6.027431
5.841264
7.566628
5.201386
4.255965
8.465616
6.919780
8.013321
8.610297
8.985945
5.874375
9.063175
10.104656
9.626843
7.174801
8.698865
9.458493
11.073647
7.743119
6.643638
8.457424
11.058513
9.381601
11.311282
7.114422
8.754444
11.099190
10.869379
11.372144
9.001495
8.840787
7.153826
8.993820
11.893055
11.616393
8.332540
10.380412
9.338374
9.779127
6.985906
7.630461
9.983381
7.695473
8.162837
11.675057
8.057244
8.924982
8.237811
9.068318
7.379156
10.388807
7.147417
8.837211
8.954226
10.265219
8.464949
5.316864
5.787109
9.998675
8.245046
6.767525
9.240732
5.294725
3.453277
4.712633
7.909151
8.004266
7.190797
2.695829
5.688461
5.604405
4.494905
1.092933
1.386358
3.500302
3.580822
3.447799
4.366187
0.292972
3.914785
-0.937132
1.481847
-1.334505
3.093465
2.511068
2.032463
-1.127511
1.879261
0.699227
-3.753679
-4.486373
-4.206331
-4.191134
-0.881105
-1.214722
-5.856906
-3.046228
-2.274657
-1.805633
-2.440114
-3.443451
-2.217292
-4.612768
-6.132535
-7.505614
-6.423973
-5.132025
-8.529845
-6.808598
-6.886125
-7.654595
-7.523679
-8.531950
-8.484389
-10.652370
-6.246512
-10.310540
-7.145039
-8.738102
-5.948382
-8.867729
-10.622816
-9.043490
-11.333552
-8.218423
-11.292496
-7.918201
-12.463991
-6.838137
-10.099840
-11.610947
-9.820240
-9.787122
-7.854224
-9.969940
-9.057933
-7.495990
-11.030221
-12.787437
-12.459010
-11.452069
-12.703726
-11.381222
-11.733190
-8.329879
-7.190204
-9.495700
-11.801647
-10.210394
-12.043972
-6.890708
-7.871536
-8.632682
-9.004709
-5.811773
-5.881633
-10.767552
-9.747378
-6.499994
-6.779967
-9.584683
-8.195781
-8.043208
-4.199285
-4.585715
-7.010490
-4.572556
-7.679391
-5.648543
-5.293605
-6.923260
-3.477679
-4.828690
-5.574088
-2.017213
-1.110306
-0.438870
-0.848285
-3.341098
-3.020354
-1.836109
0.246224
-3.909026
-2.298028
-1.041645
2.643353
