1.147764
3.028982
-1.398038
0.521489
3.569438
3.036355
-0.541486
3.886841
3.707394
0.363230
4.656278
0.819790
6.198496
1.915294
1.553134
6.906996
7.525290
7.553959
6.067693
7.783702
6.651779
7.105164
6.541500
9.274963
8.888986
5.494403
7.240307
8.304439
7.180163
10.939772
5.664878
5.930019
6.805062
10.091203
7.320786
10.961549
8.103723
10.798585
11.507874
6.970986
10.175471
8.531446
9.384178
10.079018
8.203315
7.476456
7.543100
10.260061
7.147048
8.058520
10.688506
9.741094
9.598861
8.622201
12.789468
10.735391
7.593874
9.767796
9.363653
9.194301
10.689969
10.787178
8.719453
11.595190
8.340433
6.230001
8.265906
7.688521
7.200207
10.188573
6.562377
8.848476
10.392595
7.819870
5.962681
7.541330
4.710996
9.157532
7.419276
7.447720
3.230663
5.622632
2.633784
4.274149
7.019230
7.076850
1.944195
5.038861
1.949746
6.016377
1.855461
4.560136
-0.314979
-0.509708
4.069061
0.445052
-1.892891
1.045266
-0.253018
-0.285835
-2.765046
-1.307917
-0.181122
-3.422063
-4.551902
0.281388
-0.032230
-3.623950
-3.504259
-1.982979
-4.515837
-4.159279
-2.979279
-5.292725
-4.182204
-6.822227
-6.002066
-5.906240
-4.582399
-3.469054
-3.158957
-3.968409
-8.337448
-7.398320
-5.480519
-7.895876
-9.415191
-7.718153
-5.153923
-5.469708
-8.810577
-10.829441
-5.645909
-7.540978
-7.712183
-9.949694
-9.813718
-10.033051
-8.349835
-11.418865
-11.659900
-7.036143
-8.695726
-9.305152
-7.235345
-11.149623
-11.020506
-7.499509
-10.791574
-10.034994
-12.942237
-8.929608
-12.093726
-8.799939
-8.112599
-12.487985
-7.181651
-11.928374
-11.581772
-9.630377
-6.849632
-10.953135
-8.571480
-6.487036
-10.907257
-6.761933
-11.531789
-7.077302
-11.054100
-5.183304
-6.221461
-7.073724
-6.498530
-8.796625
-7.804352
-7.980408
-9.262831
-6.940245
-3.449004
-3.699445
-8.165464
-7.505777
-8.062785
-6.236268
-6.883299
-4.687086
-4.521661
-5.127364
-4.999331
-1.315440
-1.206351
-2.394017
0.437086
-4.853576
-0.743585
0.948796
0.248175
1.155179
-3.258695
-1.645684
