-2.389363
2.413805
-0.587715
0.771472
2.968985
4.529177
0.020528
-0.508580
1.100562
3.842455
0.790241
5.128928
3.190507
4.830235
4.707678
6.719568
4.934739
4.547058
6.981353
5.528382
7.365980
9.306216
4.828948
4.546000
5.786984
9.484969
8.728027
8.566899
8.262893
8.618071
10.110502
9.500569
10.914899
6.925848
11.732240
9.733421
8.889418
10.988511
8.995715
8.385727
8.286151
11.824719
9.886589
12.582718
12.065933
7.365975
9.224278
11.367868
12.552533
11.766003
9.100580
10.777656
7.549810
8.101275
12.166318
7.341157
10.750252
9.942573
11.007469
12.389145
9.594638
10.006393
6.197519
6.738652
8.278238
9.877526
6.815948
5.846329
8.593018
6.451973
8.658572
7.777805
7.333366
6.169560
5.423512
8.252740
4.210060
5.820124
3.770573
3.641920
6.303958
4.809467
5.098313
6.177062
7.473620
1.284887
6.840151
0.978097
5.384490
4.731825
-0.120413
-0.488339
2.747036
3.192597
2.936216
1.870417
0.047329
1.601101
2.920245
-2.022820
-2.029923
1.514819
-0.416964
-2.801742
-0.972009
-3.127834
-5.134596
-2.234698
-2.761717
-3.084792
-2.291820
-1.542460
-4.973869
-1.953793
-3.883618
-2.443645
-4.496711
-7.621129
-6.807805
-7.852741
-3.943460
-3.698961
-4.100535
-9.165006
-9.862434
-6.912821
-4.690385
-9.500304
-5.167744
-5.200885
-7.753155
-9.237009
-6.647995
-6.289897
-9.997651
-10.710521
-9.870422
-7.535853
-8.725108
-11.909784
-10.242679
-11.447866
-8.553495
-10.822786
-9.503232
-7.466730
-12.678860
-11.774526
-12.322197
-9.057411
-10.866489
-10.586042
-8.894922
-6.922351
-12.278954
-7.414561
-10.362852
-7.297663
-9.811955
-12.299793
-8.386866
-9.307139
-11.604720
-6.599889
-7.496860
-9.648140
-6.447197
-10.267067
-11.107716
-11.086825
-8.497959
-9.613719
-9.536205
-8.895775
-7.619319
-3.908590
-7.899609
-6.117301
-5.331436
-8.097186
-3.528579
-4.531548
-3.802115
-5.534267
-5.170398
-2.176321
-1.931455
-6.042475
-0.546720
-1.867693
-4.364520
-2.404834
-3.730964
-4.687340
-0.761252
-4.101050
-1.264189
1.664478
-0.176813
2.770073
