0.940856
0.028119
2.196377
-1.015242
4.469834
-0.206638
-0.271314
4.826688
5.363876
5.721370
3.798434
5.743614
4.688771
3.280941
6.617854
4.655481
6.641034
3.827751
4.568345
5.232870
7.510733
6.802611
9.164122
3.905439
6.833291
8.835790
5.112934
5.056033
10.723588
7.138407
7.647327
8.792157
9.516658
5.861894
8.321487
9.794075
11.409261
11.274305
9.056369
6.976612
11.745337
7.527492
10.920330
8.069013
7.565077
7.851223
12.027623
12.099454
7.002355
11.723368
9.985621
12.629884
8.461261
12.809695
12.463573
7.834298
8.610480
12.039438
10.030460
9.455449
7.933384
10.565016
6.525636
6.657084
11.607320
9.002772
7.695848
9.282950
5.384422
6.322078
10.831156
10.496427
5.719399
6.144902
8.421810
5.554643
4.659239
8.085312
9.119510
6.103718
6.842063
8.303080
3.295573
7.291157
6.873178
3.466996
4.119684
1.893893
5.774870
2.263458
-0.092991
1.669746
1.543188
2.856308
1.943097
0.828573
1.262061
-1.305147
0.343202
-0.015774
2.528715
-2.829409
-3.599528
1.225040
-1.826346
-0.049196
-1.155080
-3.613487
-1.552378
-2.780034
-2.423025
-1.576451
-4.954697
-3.190653
-7.206584
-2.698941
-2.995333
-4.758645
-6.099107
-7.004822
-3.574979
-6.944185
-4.914035
-5.798954
-8.584908
-4.995745
-6.359663
-5.383599
-7.406412
-5.923523
-9.954843
-10.402511
-5.939680
-6.090600
-11.593714
-11.772633
-8.108858
-10.778346
-11.915000
-9.140094
-8.137223
-11.000153
-7.926158
-9.260611
-8.289529
-8.681595
-10.033839
-8.978480
-12.799629
-11.652474
-11.723205
-9.952167
-10.992235
-7.345129
-11.816281
-8.428855
-7.564018
-10.630119
-9.737346
-11.389360
-9.675680
-11.602533
-8.305697
-7.262009
-10.984519
-10.567701
-7.013455
-5.941027
-5.772552
-7.071778
-8.324417
-4.752802
-4.840229
-9.121130
-8.707226
-4.594788
-9.590993
-4.336965
-6.910540
-7.986979
-5.271502
-6.716015
-2.235630
-5.420438
-2.235399
-4.906033
-6.849759
-4.717944
-3.946333
-3.905234
-4.380564
-4.115596
-4.525032
0.021565
-2.733817
-2.454839
-3.761058
1.654310
-0.655171
1.927822
