0.091241
0.634300
-1.123433
3.187035
0.634806
2.446229
1.720235
3.659082
2.538103
5.211780
4.833011
5.616061
3.843479
1.276209
5.049110
4.379460
6.737365
3.622546
3.913893
5.081226
6.077145
8.401728
3.640369
4.985048
6.962633
8.085736
7.133329
6.240494
8.010385
5.628445
6.316889
6.711573
9.239622
8.336307
8.197985
9.279793
8.760562
7.819662
6.978707
7.781626
11.846440
10.934915
6.836707
9.623816
7.437555
12.636777
11.176803
8.973856
9.071520
10.188074
12.387137
10.669260
7.770303
9.758161
9.076614
11.225129
11.643548
8.138624
12.424246
7.174311
11.214561
11.147503
11.156481
6.090769
11.786224
5.906489
7.226991
6.203537
10.915152
10.585756
7.011558
7.078460
6.787646
7.880363
6.819713
6.123310
5.513876
8.019476
3.194867
8.844932
6.780990
3.364730
3.581021
7.375180
2.959192
2.295334
3.143457
4.923934
2.891036
5.130567
0.201282
1.893379
0.629221
2.695701
-0.627638
0.727463
0.188041
2.191676
0.036246
-1.986545
-1.831662
0.656533
0.434011
0.413475
-2.902816
-4.119412
-1.671970
-0.928386
-3.646905
-5.726228
-1.067221
-5.073475
-5.506527
-3.782912
-1.681964
-3.484503
-6.705680
-8.282760
-2.756570
-3.363447
-8.851466
-6.724057
-5.492095
-8.246458
-4.993060
-7.460032
-5.132151
-6.429954
-5.429841
-10.075263
-6.341222
-11.407178
-9.068943
-10.749454
-10.608597
-10.668308
-9.959006
-9.873423
-10.400238
-7.669338
-11.971999
-11.633122
-9.305684
-10.637955
-10.511233
-8.294248
-8.009972
-10.238768
-10.192312
-8.921703
-10.142736
-7.626419
-8.632278
-8.590743
-11.027606
-8.253821
-10.657378
-9.961622
-6.812295
-7.535062
-7.840426
-10.918879
-9.031623
-7.713309
-10.646458
-8.724778
-11.067921
-7.800231
-6.026114
-6.489875
-6.581259
-4.907460
-9.964494
-6.857264
-7.955779
-6.868195
-8.578979
-9.154370
-5.163668
-4.819687
-6.122763
-4.572276
-6.329084
-7.502995
-2.410222
-6.986070
-4.331621
-5.662276
-4.377111
-4.673506
-3.022082
-0.653362
-3.687853
-1.273082
0.234971
-3.209606
-1.969443
-1.781923
2.381926
2.367214
