-0.139187
0.367183
-0.124291
2.580310
1.897513
1.371646
4.036233
3.767771
2.988489
2.936599
4.897295
2.070223
6.695182
3.446350
3.643212
2.338214
6.198448
7.189922
3.191589
4.420587
4.971715
3.957637
4.566807
7.998975
4.274783
8.643720
8.183739
8.934754
8.774542
6.453119
8.780193
6.934302
7.472324
9.542547
11.521732
8.926218
7.413893
11.226310
7.082166
12.335065
9.670354
8.530869
11.798059
8.035799
10.189677
8.611390
12.356648
12.699192
12.023124
8.251918
10.772350
9.468757
11.802178
11.495356
10.952769
6.986093
8.375138
11.633052
9.571360
11.520624
9.022155
6.953008
11.591471
7.654463
7.674998
8.956715
11.165734
9.252162
8.357201
6.596025
5.653652
8.010347
6.204925
8.494439
4.707421
8.666655
8.095353
7.800476
9.040292
7.881610
8.222278
4.825699
3.917844
3.454362
2.524616
4.858190
6.618633
5.690318
3.610662
0.796190
4.848964
3.874728
1.667640
-0.595968
0.505369
-1.631236
-1.462053
-1.610055
3.190370
1.808615
-1.637920
1.357336
-3.773015
-3.462056
-2.080594
-2.917567
0.348649
-3.238921
-3.023894
-1.316220
-4.642440
-5.504352
-4.625682
-3.722586
-5.778958
-2.898723
-8.005070
-7.365321
-3.696599
-3.067053
-4.369227
-6.013710
-8.298287
-6.203995
-6.173394
-6.200139
-7.959237
-6.941145
-5.592525
-7.582843
-8.577508
-7.682432
-10.362528
-5.817709
-9.834463
-11.060404
-8.745740
-6.384295
-6.636516
-6.965147
-12.412756
-10.424464
-9.982790
-9.974855
-8.052673
-12.063857
-8.208094
-12.045388
-8.063523
-11.035332
-10.369295
-12.922406
-7.177663
-9.878622
-8.200373
-12.181938
-11.048458
-11.440978
-11.988972
-6.543128
-7.555524
-7.970644
-6.526314
-6.133675
-8.570790
-6.185834
-8.125606
-11.318614
-10.937891
-9.129507
-7.159835
-10.301035
-9.566577
-7.177672
-5.071581
-5.137115
-7.369420
-5.306643
-6.997051
-8.005462
-8.313958
-5.736317
-4.666677
-6.733338
-3.007775
-2.335125
-1.712871
-5.703759
-2.556218
-3.832600
-1.724974
-2.054479
-2.722452
-1.155950
-4.495153
-3.414688
-1.679680
0.449358
-0.575055
-1.709737
