0.531992
2.778185
-1.666006
3.724319
0.417306
4.336195
1.256140
2.922996
0.124012
4.051531
4.452968
1.750595
2.523029
2.300330
3.638924
5.131043
3.917211
7.141685
3.049081
8.273398
7.626374
8.965824
9.358892
8.265320
8.406064
6.822251
9.524918
7.407009
7.745645
7.038902
9.384497
9.526904
9.250375
5.780873
11.493915
8.087733
9.925330
11.107601
11.064615
7.047948
9.792145
9.702693
7.339638
11.046280
12.834477
8.789887
12.761908
7.345945
7.664895
7.527214
7.976220
12.302884
8.156593
7.760386
12.572468
11.190941
10.586881
8.161434
7.327228
8.050168
11.880445
6.344992
7.088300
10.158359
6.727462
10.928521
9.619796
10.447018
7.339643
5.859681
9.890807
8.031154
9.459155
9.718752
8.777799
6.828960
8.049184
3.530238
3.489309
8.241010
6.164717
5.319998
6.737986
5.896278
4.708887
3.234926
1.182546
5.664383
5.101587
5.411900
3.041790
4.966617
1.212108
-0.431471
4.124176
2.873761
1.330771
-0.941176
1.246890
-2.183046
-2.581050
1.542507
-2.383479
-3.149076
1.432014
-0.804928
-4.857694
-2.235232
-3.232007
-2.773210
-5.931568
-3.955587
-2.262181
-5.305925
-7.237840
-5.635818
-2.363682
-3.373184
-6.176032
-7.158663
-7.062016
-4.645082
-6.221181
-6.010873
-7.153213
-7.781114
-4.592406
-7.183380
-5.667910
-10.512352
-8.046479
-6.096768
-9.724645
-10.064773
-6.683159
-10.984897
-7.770456
-8.847802
-10.708576
-10.377936
-11.067231
-10.581269
-7.212337
-9.566014
-12.280200
-9.202218
-11.918118
-9.304199
-11.879337
-12.165085
-8.961578
-12.586965
-7.477370
-8.443095
-10.132705
-10.159914
-7.274867
-10.797526
-11.354661
-9.589148
-9.109992
-9.678311
-9.378167
-8.912881
-8.068420
-11.421243
-8.801429
-7.294317
-10.937914
-7.739171
-4.931585
-6.164024
-6.770893
-5.592331
-5.175366
-4.330942
-7.758322
-5.967564
-5.231085
-2.881786
-8.103228
-3.678769
-7.183496
-4.953836
-5.784998
-2.579377
-4.541174
-5.707364
-1.082418
-5.835969
-3.217570
-5.476104
-1.305032
-2.337027
1.010651
-0.638557
-3.454060
0.055589
-3.110639
-0.462565
