-1.725539
1.189998
1.542749
1.980765
0.691086
0.182394
3.924847
0.890147
1.272358
4.818386
4.112403
2.591391
1.190028
1.740407
4.355629
5.561741
7.582893
4.989884
5.060798
4.750341
5.945450
8.346821
9.358436
5.691112
7.372976
8.793568
8.412101
7.846613
8.228626
8.316304
7.440263
9.029761
6.080705
6.600824
11.508004
10.331517
8.346468
7.681334
11.553257
7.432068
10.424480
7.810276
10.024403
11.561070
10.473252
7.362385
11.842073
11.983357
11.709618
12.304226
12.058219
10.668315
10.664922
8.967881
9.464232
10.533957
10.901822
9.642185
8.632646
8.561711
7.982541
6.585333
11.154325
8.855207
7.535230
7.918429
8.575957
8.614573
8.791017
9.496533
4.929862
6.484513
6.180982
10.267261
4.954247
8.355773
8.954184
3.492178
8.414657
7.957900
7.981191
6.627825
3.621007
3.162098
7.418468
2.815675
2.026934
1.001192
3.412526
5.215850
0.744846
3.192856
2.092498
1.270423
1.845980
2.408667
0.530512
-1.955275
0.362813
-0.726924
2.579426
-3.436064
0.523016
-2.531572
-1.828802
0.308493
-3.225347
-2.517507
-4.449778
-5.894720
-0.500637
-3.210885
-2.788212
-5.209943
-7.048715
-2.445283
-5.144396
-3.312703
-4.255825
-3.140786
-7.224360
-7.909909
-5.302416
-4.466444
-5.894996
-8.068561
-9.724808
-5.026433
-7.363307
-8.414460
-10.773308
-10.699772
-11.034658
-5.896715
-7.990790
-6.884753
-11.668370
-12.246275
-7.410623
-12.319064
-7.293072
-9.635493
-8.098355
-7.496106
-9.341539
-8.258621
-9.913455
-12.248356
-7.676907
-11.604223
-11.737570
-12.131558
-8.654985
-9.719446
-12.026994
-12.704028
-7.431180
-6.692773
-7.786247
-12.235453
-9.974186
-11.252722
-7.542124
-10.586348
-11.195532
-8.137519
-6.996607
-8.011640
-10.555760
-9.746932
-6.530747
-8.440775
-7.040886
-9.736360
-7.448710
-4.594113
-4.787987
-5.441621
-6.709454
-3.067221
-4.681773
-6.208011
-5.690718
-3.049658
-2.558673
-6.229017
-1.307678
-3.405073
-6.275702
-4.152674
-1.564273
-5.354944
-0.000738
-3.516526
-2.010326
-2.489676
-1.424203
-2.018323
-3.124915
1.970965
