-1.609879
2.249000
1.257151
1.299090
2.861541
1.918642
5.118025
1.442752
0.700519
5.349539
2.478339
2.851460
5.497903
4.886815
4.630880
4.744389
3.294253
7.074877
6.303556
7.886798
4.372063
5.935494
8.745957
7.973518
6.225771
7.663327
4.915696
5.185607
10.714155
9.318908
8.224762
9.566217
6.533445
6.775732
8.246683
9.333965
8.497363
11.161592
9.415874
7.665039
8.054674
10.666307
8.470644
8.915398
12.542021
8.309574
9.780648
10.865843
11.576397
11.286516
7.767705
7.296675
9.202167
8.930796
11.006171
11.369834
10.080202
7.278821
11.100467
9.698669
7.310390
7.366491
11.481692
7.932529
8.248898
7.383381
8.549666
10.072751
10.604586
6.775456
6.606086
7.171615
6.017058
6.777985
6.595979
6.103893
5.805327
3.816382
8.636916
8.572465
8.422786
7.271502
6.486963
2.085218
3.825319
4.201059
2.895234
3.396206
1.688659
0.674575
0.453721
1.978065
2.575939
2.298152
-0.661735
2.370504
3.310060
-1.612744
-1.095113
-0.368168
1.716868
2.155642
-0.372060
-2.708174
-3.000189
0.380731
-1.413665
-1.092174
-1.715091
-5.631228
-5.225133
-6.194647
-4.654522
-1.599596
-3.733496
-6.604257
-7.306648
-3.364721
-7.703319
-5.263713
-6.369250
-8.550208
-4.900345
-9.096452
-9.489003
-5.020695
-6.126816
-9.865910
-10.150222
-8.560463
-10.450475
-9.862536
-6.463484
-8.510834
-11.799818
-10.822450
-8.908918
-12.214912
-7.401047
-9.427315
-10.898851
-9.490159
-12.275254
-10.673458
-10.453252
-11.369382
-11.219703
-11.758988
-12.016896
-9.502799
-8.726981
-12.472533
-7.159247
-11.599393
-8.520906
-11.458437
-10.735452
-8.615963
-6.708601
-6.828036
-9.400275
-8.676486
-9.870611
-7.075883
-9.190810
-11.430679
-6.480955
-7.055637
-6.424622
-5.434646
-9.380447
-8.330759
-4.638686
-4.555550
-4.488801
-7.528998
-4.833932
-3.729187
-6.847109
-7.729142
-3.268545
-7.818501
-4.847086
-6.021638
-7.516018
-5.769648
-4.193329
-2.649332
-3.166656
-1.571287
-3.854127
-5.319995
-2.989650
-4.113469
0.108073
-3.711247
-3.233088
-0.189938
-0.908190
-0.051812
