3.007785
-2.008013
-1.923068
3.968817
1.401521
-0.807941
4.893520
1.285528
0.139448
4.823419
2.896175
5.222366
6.911852
6.075354
6.153581
4.832943
6.595748
6.136278
6.528079
5.545473
4.180243
8.223453
3.964586
4.272911
6.137601
8.093392
4.741144
8.891202
9.054050
10.114594
7.572065
7.476842
11.212707
10.684480
10.131196
11.220555
10.176971
10.852878
8.649908
9.476762
6.975777
11.674573
12.574660
12.738344
8.343074
8.551178
11.417786
7.092942
9.102775
7.279410
7.600749
8.818603
12.539100
7.573699
8.959754
8.200814
6.990190
12.591530
11.946340
12.043659
12.103432
11.489024
9.710449
11.979939
7.124584
6.389818
10.116244
8.457484
9.852136
10.920933
10.753463
6.196794
5.612540
9.355447
5.413608
5.917321
6.346559
5.513151
8.872623
7.756325
4.521920
2.571301
2.885109
6.490285
1.839838
4.029773
5.984271
2.148152
2.874711
5.405477
4.747027
1.938777
1.329000
3.403052
3.201198
-1.648554
-0.389308
0.713061
0.415562
1.144086
0.800617
-2.983601
-2.184907
0.804771
1.142360
-0.663014
0.165268
-2.462915
-2.117429
-0.933523
-5.535886
-5.772547
-4.860168
-5.535060
-5.752646
-4.511592
-7.091509
-5.719489
-7.515105
-4.278549
-7.871001
-7.734016
-8.834230
-8.990049
-5.628532
-4.667704
-7.878807
-8.307750
-6.592661
-6.925797
-8.820063
-7.879307
-9.610801
-7.240303
-9.075618
-6.600432
-8.731816
-11.186812
-7.001465
-11.566285
-9.950821
-9.554826
-10.309277
-10.756674
-9.219973
-10.337102
-7.221153
-8.826844
-11.024204
-7.205933
-9.403623
-7.327787
-11.779663
-7.454891
-10.291228
-11.644816
-10.832758
-9.529026
-9.765000
-12.406466
-10.034063
-10.060600
-10.449161
-8.664464
-10.572754
-6.901371
-6.694628
-5.749232
-10.959058
-6.587002
-9.823503
-10.527874
-8.210802
-4.827299
-8.790454
-5.354739
-4.934974
-6.850527
-8.254755
-8.507227
-8.078933
-6.691812
-3.679549
-7.503486
-1.584212
-6.405361
-6.283831
-3.737622
-0.876673
-2.002011
-1.518285
-4.747715
0.250984
-0.861123
-2.434662
-0.936315
-0.629667
-0.344327
1.189080
-2.694577
