2.061544
-2.115374
2.032647
3.082870
4.260308
4.704508
3.183366
3.751875
1.036851
2.281257
5.353642
6.580465
3.876089
2.461629
5.331761
7.545745
4.890231
6.078769
8.176029
8.505879
8.440839
8.413980
4.310920
8.117855
8.490862
5.110158
10.259076
4.713884
8.207127
7.863858
6.782825
11.205903
10.779536
6.226877
9.956374
11.754013
6.365404
12.255714
7.393149
10.946330
6.682093
8.647973
8.878552
6.953240
12.144128
7.504951
7.618118
12.488498
12.044313
9.457567
8.075376
10.841211
9.256852
12.144019
7.161870
10.207400
12.183871
9.045255
7.362171
10.687271
8.898991
6.537825
9.867732
9.331665
11.319523
10.544729
9.560654
6.028861
8.978732
7.680214
5.162730
7.425234
8.647966
9.992206
6.603815
4.841694
4.398395
7.401229
3.611827
7.078065
6.767542
5.833410
3.665832
6.362487
1.727186
2.293431
1.848068
4.565243
3.368545
2.452117
0.476360
1.796372
2.769576
4.629813
1.690788
0.991450
-1.702350
2.975700
1.262998
2.741449
-1.171485
0.830979
-1.102098
1.221886
-2.793450
-0.736538
0.035212
-0.718435
0.180488
-3.596377
-0.867389
-3.130495
-5.184853
-2.614928
-3.990678
-2.373324
-6.028069
-2.891269
-6.681897
-7.677146
-3.646189
-4.405247
-6.678161
-6.033993
-6.730174
-6.889870
-7.449241
-10.068141
-7.951804
-10.231809
-7.493733
-10.919709
-9.358530
-8.309338
-7.202871
-9.004280
-10.370740
-10.147106
-7.276737
-8.422848
-7.100390
-12.641932
-6.824364
-11.006250
-7.735427
-7.894466
-8.408202
-12.095965
-8.953996
-8.040094
-12.378336
-7.283258
-9.747579
-8.936327
-8.272789
-8.791693
-12.084550
-7.288218
-10.580939
-12.084813
-9.750865
-6.516874
-8.247567
-11.811152
-8.091465
-9.220130
-9.575926
-11.117858
-5.527359
-6.693930
-8.833304
-8.582460
-6.760327
-4.398079
-5.000658
-6.538563
-9.025429
-7.733874
-7.786056
-6.794466
-8.225584
-3.603102
-5.334262
-5.996511
-5.687899
-3.526399
-1.903224
-0.777745
-5.678031
-5.055517
-1.785743
-1.124655
-4.648662
0.739501
1.044298
-4.240462
0.110659
-2.660571
-2.847448
0.097423
