-2.387304
0.407467
0.998241
-0.803048
2.037689
3.806536
2.167741
4.799489
1.017283
2.776734
0.893418
6.589544
6.251396
6.771405
5.604153
1.896412
7.936964
3.353435
5.350875
5.555043
5.676878
8.117533
5.179903
9.105589
7.716153
4.795846
8.130277
5.165207
10.769311
8.624675
10.801977
6.777669
7.716551
8.559867
9.880585
7.300179
7.844940
8.992881
8.817297
12.186879
7.058510
9.420881
10.938209
7.515892
7.930497
9.891310
10.503782
8.881955
11.290638
12.244201
9.960112
11.833323
9.136310
11.925741
7.224985
10.778099
11.625305
10.202469
6.870419
6.565346
11.185384
11.604814
10.214269
9.041864
11.640663
10.384164
6.389917
10.920287
10.642222
10.801309
9.372598
5.527609
9.514198
5.023916
7.387597
6.264356
6.260998
7.398532
7.518457
4.903340
2.630988
6.611916
5.267006
2.519861
7.141711
3.834894
6.950862
0.864908
2.026554
5.167376
0.357093
4.828648
4.500936
1.344023
2.711580
3.489481
-0.336712
-1.973780
0.280922
-0.334168
0.156596
-1.669589
-2.002019
1.675381
-2.182236
0.366610
-4.244170
-0.474794
-2.105848
-4.246628
-1.289533
-1.086025
-3.397644
-6.418222
-2.550549
-6.405328
-5.363429
-7.201524
-2.819834
-5.192229
-6.826658
-5.231519
-5.362492
-5.561006
-4.430550
-4.769990
-8.422479
-9.623369
-5.748650
-5.954389
-9.802374
-9.158084
-8.864105
-6.913542
-8.851340
-10.123673
-10.749250
-10.255639
-10.677832
-10.327371
-10.908672
-6.912548
-12.721513
-12.048633
-9.204889
-9.523307
-10.569034
-9.167993
-8.950864
-12.850524
-12.489690
-12.225366
-9.255252
-9.604089
-7.159773
-7.758555
-10.688469
-11.811866
-10.564420
-10.700994
-9.824928
-6.858595
-9.419845
-8.430818
-7.905499
-10.114582
-7.792044
-6.197698
-9.764944
-8.720090
-7.446871
-5.989996
-6.531865
-7.702113
-9.344679
-8.816499
-7.352266
-8.161720
-8.158332
-7.772306
-7.311319
-7.974622
-4.484889
-4.691199
-7.280498
-1.643387
-4.732303
-0.988312
-5.872539
-4.152726
-5.224395
-1.875490
0.083242
0.246273
-2.306486
-2.102958
1.276312
-2.970219
-2.456140
-1.633705
