0.147573
1.652137
1.141814
2.294164
-0.824186
2.480123
2.865824
2.603740
4.960750
0.158877
4.725280
4.272600
4.691502
4.791053
6.886907
6.961578
3.861879
7.531726
5.443359
4.051903
5.221498
3.968512
9.026594
7.345976
7.287741
7.641985
8.639920
5.374583
10.770782
5.470298
9.865376
9.753409
6.976642
9.551802
7.992033
7.598034
10.606422
6.870243
11.760936
8.335731
11.616977
8.541975
11.356357
12.396058
11.324169
11.963353
8.408508
12.679350
8.816828
7.772917
10.688027
9.214056
8.144817
7.175402
10.329129
12.070081
11.538665
7.804042
12.038329
7.815574
8.339473
9.728510
6.702888
11.296316
7.798217
10.699083
9.002298
7.253628
5.797440
5.118244
9.008413
5.190855
9.137648
5.645211
9.591118
5.381887
4.451377
5.760877
5.799918
8.673918
5.341618
5.849282
6.902878
5.651270
3.585710
6.411156
4.080679
6.009999
0.691695
1.413203
2.758462
4.229444
2.604380
-1.040981
-0.336201
-0.867890
2.210368
1.569072
0.248084
-0.896315
-1.427438
2.188153
-3.859259
-2.550765
-1.266107
-0.772993
0.082062
0.408361
-2.141169
-2.292575
-2.724833
-4.864531
-6.586472
-1.823491
-2.501964
-3.055859
-2.710036
-7.805179
-7.909695
-6.624948
-5.353835
-8.340446
-4.569114
-4.555802
-7.222971
-9.200687
-9.627232
-5.213620
-7.464984
-9.632711
-6.632090
-6.504088
-7.899079
-8.411430
-9.954664
-9.120165
-9.663949
-11.923218
-8.091517
-6.568872
-10.310297
-8.239998
-9.836838
-10.725663
-8.491272
-11.307064
-9.053746
-11.936657
-7.334124
-11.071812
-8.331895
-9.149061
-9.134432
-7.449783
-7.378178
-12.145283
-12.596717
-11.923206
-8.614970
-8.122301
-11.955824
-8.454354
-9.965303
-8.071539
-10.839206
-5.775299
-10.989762
-9.527875
-6.585410
-10.327013
-8.123473
-5.127143
-8.718783
-7.080135
-9.649589
-5.420471
-6.634549
-6.687673
-3.888004
-4.417901
-3.083328
-7.392053
-3.918745
-2.287024
-6.724340
-5.560717
-2.627529
-4.774298
-1.137703
-1.891892
-5.055716
-5.242099
-2.140647
0.781249
-0.157608
0.542460
-1.739967
-1.475513
0.727938
-2.710541
