1.769802
1.956571
-1.590309
1.099333
2.159231
2.753690
4.363337
-0.365763
3.495327
4.252504
2.013528
3.807830
5.327034
1.953006
4.236855
3.694523
7.100083
7.895943
2.833236
3.158856
6.490693
4.947924
7.830739
7.943061
5.852674
4.903923
8.411260
9.396579
10.615228
7.375872
9.055038
6.507236
9.973051
7.967068
6.728556
9.893053
11.769853
8.898041
9.774849
9.189697
7.363163
12.550065
10.699389
12.578735
9.599278
7.089991
7.993660
11.079440
12.733225
8.373973
9.722286
10.948202
11.165718
12.911787
7.341727
7.689555
9.532593
8.503351
12.274007
9.529919
10.937834
10.205818
11.990756
8.095455
9.357149
7.754556
11.069347
5.758090
7.542649
5.769463
5.294380
4.855061
6.566234
5.482040
4.437689
8.459259
8.778537
6.241814
3.202447
3.245126
7.798498
4.967668
6.428922
3.337551
2.458500
2.893532
2.345260
4.408190
4.522503
0.982743
4.709363
0.983049
1.271499
3.874942
-1.340699
3.712226
1.970251
1.128982
-0.852856
2.409878
-2.713632
0.812310
-0.818700
-3.315462
-0.370854
-4.269888
-4.487547
-3.401008
-2.424371
-3.730610
-5.220035
-5.807214
-3.015376
-4.685453
-4.110543
-4.444453
-4.711395
-3.400487
-3.705589
-3.614526
-7.359166
-3.566334
-4.383774
-9.565515
-7.615601
-6.206470
-4.937722
-5.635023
-9.342806
-9.081400
-9.587963
-7.367407
-10.888503
-7.813243
-6.167475
-10.534568
-11.582174
-6.689493
-6.950409
-9.439507
-10.876501
-11.793891
-8.206975
-12.590097
-7.925393
-11.850866
-12.486161
-8.260051
-7.826150
-11.041380
-7.192053
-11.582878
-7.564957
-8.291060
-12.606044
-12.760828
-9.076804
-8.920083
-9.967967
-7.998748
-8.646557
-9.908090
-6.985171
-6.542225
-9.760170
-10.409071
-10.372051
-10.164761
-5.513835
-6.683796
-9.718254
-9.124739
-9.092247
-8.394476
-4.393396
-7.246177
-6.235721
-4.042516
-5.507359
-6.960416
-7.746380
-6.978445
-2.796983
-5.400621
-2.021393
-4.140783
-5.191780
-2.064220
-4.951009
-3.036994
-4.752488
-2.763472
-3.275173
0.866988
1.054597
-3.644350
-0.024742
-2.690277
1.713926
-2.136378
