-0.572676
0.720060
-0.499805
0.434388
3.932639
1.982860
-0.016525
1.417628
0.226581
1.629784
4.576365
2.743134
2.883735
6.572463
6.056471
5.319819
2.687727
7.509995
3.668692
3.699250
8.323262
8.983700
9.595299
7.998587
4.413029
4.568758
6.991511
8.062387
5.822683
10.731287
6.100632
6.967188
7.337833
11.317388
11.836096
8.308073
9.218615
11.316110
8.161886
9.049374
8.669151
8.774877
6.896064
11.464540
12.709932
8.156632
11.677153
10.905603
7.480648
12.362251
12.754028
10.585503
8.688401
8.748160
8.867115
11.688556
11.809212
6.885942
11.342510
11.317376
9.185654
11.845691
11.635554
8.746041
6.084177
6.770216
8.882131
10.531951
7.494438
7.727716
10.219682
10.530016
9.079042
6.521706
7.802784
5.759182
7.286184
9.108402
7.671253
5.827985
3.140750
7.368339
6.798638
4.545740
3.794020
5.945733
6.584274
3.341281
4.993693
5.556923
1.547291
4.253677
4.453871
2.928589
1.690231
0.208584
1.042274
2.432262
-1.129378
1.876851
0.265844
2.332181
-1.936858
0.273052
-2.899160
-3.267850
0.450015
-1.726015
-5.681441
-3.898993
-6.195991
-2.383281
-3.526996
-6.215169
-4.775387
-3.655417
-3.392791
-5.010937
-7.503962
-3.586198
-7.736313
-7.814665
-4.165519
-4.523947
-8.691378
-9.472042
-10.045988
-5.265911
-5.456574
-7.334470
-9.948556
-6.428990
-8.085947
-10.801939
-8.746335
-7.882437
-9.121699
-8.356899
-9.745782
-11.518131
-10.284001
-9.915927
-11.070490
-7.602871
-9.012375
-11.692072
-9.033529
-11.170439
-10.853573
-8.673340
-10.405160
-8.825900
-8.596874
-11.947488
-7.172847
-10.854038
-9.628475
-10.559831
-7.045436
-6.733277
-11.478611
-6.836272
-6.316469
-6.304438
-10.449776
-11.042587
-7.861275
-7.340292
-6.506779
-7.477681
-10.486861
-7.815216
-5.770930
-7.712328
-5.275986
-7.862597
-5.894932
-5.694801
-5.492475
-7.585698
-5.750983
-5.181551
-2.199414
-3.875698
-2.209713
-4.125617
-2.313260
-2.063016
-1.920889
-4.090005
-5.580656
-5.325109
-4.942020
-3.335517
-3.363360
-2.867334
1.324230
1.097817
-1.756362
-2.025700
