2.640759
2.874796
-2.045584
0.235145
3.784157
1.457526
2.263179
4.444233
5.622961
3.810772
5.582086
1.255022
4.301107
4.297636
5.975751
6.442670
3.600169
8.016863
6.561744
4.020102
6.500975
5.393196
6.073047
9.624336
6.799141
10.232776
7.050440
7.704110
8.369652
7.235093
10.897138
10.691937
6.589503
10.046168
10.988204
7.286668
8.905520
10.785885
9.057380
10.808986
11.035798
12.300181
12.436849
9.919323
9.433450
11.945379
9.361196
11.853869
10.929487
9.704522
9.730292
11.111670
10.767212
12.569117
11.330092
11.155941
9.665497
11.363661
12.342496
9.399428
7.312146
10.456345
8.990298
6.559994
6.835834
9.677651
11.392304
8.096707
7.775869
8.534834
9.110170
10.351478
4.746646
6.257673
9.152854
4.962080
6.734318
9.293404
7.408433
6.163752
2.977713
6.270676
2.195819
2.853715
6.910733
4.218552
4.892090
1.423701
4.607364
4.581899
4.649150
-0.438873
4.291529
-0.946097
-1.081171
-1.024491
0.675386
1.351444
0.902139
0.289219
-1.249772
-3.216637
-3.671315
-3.979585
-2.955304
-0.304038
-3.429517
-1.379964
-2.295041
-1.594826
-2.285832
-0.814334
-3.436380
-3.945199
-7.284304
-5.923133
-6.569265
-8.201322
-3.498385
-6.161889
-6.304023
-3.880452
-4.919654
-6.046343
-4.442034
-5.112961
-5.555626
-9.967425
-5.974778
-8.550682
-7.529435
-6.602279
-6.446118
-9.028139
-11.757599
-9.331454
-11.487049
-9.338848
-11.071004
-6.713156
-9.947425
-7.233575
-11.118971
-12.684627
-10.913677
-9.806119
-12.782338
-9.334881
-8.724953
-12.360730
-8.740308
-6.981896
-11.244681
-11.322605
-12.310075
-12.245727
-11.724386
-10.738069
-8.652319
-6.944930
-9.031808
-9.006151
-6.713206
-8.770537
-9.368864
-8.568701
-10.153800
-6.821590
-11.061309
-6.441044
-9.145831
-5.377050
-10.336426
-5.999868
-5.407659
-5.965169
-5.690579
-8.287842
-4.057291
-7.624775
-5.057093
-6.918773
-2.942702
-1.888239
-2.255733
-4.086814
-4.393588
-6.438713
-1.321763
-5.774711
-0.836286
-3.884022
-4.932860
-0.543566
-0.250393
0.987467
-3.332997
-2.398343
1.656968
-1.807767
