2.661855
1.064941
0.871840
1.693823
4.269711
-0.510991
-0.812012
1.461375
5.415883
3.031629
3.621962
2.767205
5.136684
4.545431
5.967588
7.505339
2.766844
5.736543
6.412151
4.443181
6.451958
8.118276
9.519871
5.541077
9.920884
9.359945
4.606020
5.249559
6.158860
6.977778
9.971040
10.643587
5.740265
8.767151
11.044803
11.170016
11.112345
9.769761
10.478381
6.516064
10.508856
9.887670
10.537169
8.011168
9.970261
12.142768
9.746996
10.455634
11.521183
9.289888
10.441141
9.935731
7.910288
12.848846
8.082194
6.955619
8.687060
6.836680
9.414555
6.754654
11.776525
6.818904
6.618006
11.273484
7.653564
7.620320
8.070752
8.457182
9.944891
6.528357
7.788883
8.347998
5.660443
6.730910
7.558345
7.091631
9.343997
7.241550
6.796364
7.818683
4.717641
3.671997
7.623398
6.721943
6.751337
4.221890
6.277510
4.157595
1.441189
4.112848
0.261595
4.794292
5.135377
-0.264380
0.584958
3.973936
1.313059
0.976911
3.178297
2.883621
0.699959
1.598886
-1.637675
-3.701619
-1.506228
-2.569720
-4.328690
-1.490324
-4.479393
-4.234768
-0.999587
-4.921114
-6.492759
-6.798454
-4.987550
-7.447092
-6.294973
-6.418523
-5.356192
-8.155462
-8.581862
-8.888899
-9.115722
-6.500988
-6.298625
-9.534336
-9.597979
-10.152303
-5.717995
-10.996380
-7.359806
-6.828950
-7.913045
-11.456740
-6.031938
-10.833877
-10.269089
-11.027432
-9.653904
-11.322335
-8.447988
-8.047025
-9.619217
-8.896903
-12.331969
-11.690041
-7.199495
-8.490039
-9.581547
-10.518685
-11.442001
-11.615700
-10.703013
-12.162229
-10.452290
-8.648291
-9.052858
-10.796074
-7.748453
-10.953574
-11.393775
-9.905704
-9.624718
-10.746214
-11.527841
-6.135721
-10.073322
-6.117086
-9.553231
-8.824976
-6.699925
-9.026347
-6.091916
-7.494452
-8.489181
-7.769882
-5.683534
-9.163946
-8.129566
-5.734081
-4.882641
-6.407968
-3.471561
-3.567815
-2.857794
-5.308298
-5.350114
-0.841983
-1.541183
-3.235821
-4.814575
-3.965887
-1.549037
-4.333683
-0.722250
-2.647191
-0.332106
-2.144184
0.529548
0.005688
