2.351034
1.149872
3.281934
-1.684574
0.089946
3.827493
1.172686
4.551414
3.653720
5.491668
1.094366
2.003904
6.518006
4.552017
1.880064
2.004442
7.987014
2.496640
7.149518
3.709582
5.996269
9.094861
7.308887
7.899063
9.657615
6.874121
9.471339
5.185580
6.055983
9.438750
10.106619
7.688607
8.155676
9.140647
11.217500
8.054924
9.070627
9.737771
9.306390
10.404759
8.888009
12.158553
11.243406
8.774451
7.899722
10.783080
7.542444
7.517429
12.591910
12.032848
12.983753
12.746889
12.223074
12.228531
9.533538
7.785762
7.934969
8.135606
10.484937
9.805790
11.940281
11.438849
8.467096
9.276881
10.941434
9.458620
6.319706
10.464576
10.202510
5.573399
6.970530
9.386703
9.155263
4.735773
6.916399
7.734067
8.812292
4.027087
5.682512
8.321681
8.127802
8.154863
5.833518
5.720755
3.221085
2.159326
4.553624
1.765883
5.307057
5.983501
5.064244
-0.358912
2.104339
-0.307336
-1.253330
0.813533
3.905135
-1.464802
-2.114088
1.659264
2.038588
-1.904579
-2.987674
-3.894605
-1.653839
1.104595
0.391069
-2.638250
-1.814482
-3.986640
-0.721714
-1.770923
-4.870029
-5.550559
-2.450508
-3.595838
-3.845597
-2.605317
-4.165698
-4.465535
-4.057352
-6.435533
-9.331265
-4.397193
-9.684549
-8.076534
-9.781016
-6.385984
-9.004093
-9.640746
-9.705012
-9.636228
-8.621255
-8.029676
-8.591486
-7.029742
-6.897555
-6.809362
-8.337426
-12.301701
-8.816809
-6.862104
-10.345061
-7.686019
-9.262235
-12.675339
-12.473791
-9.511389
-7.178789
-8.001410
-11.064742
-7.707193
-9.204073
-11.182205
-8.955347
-10.294270
-11.092736
-8.948512
-8.823166
-9.996511
-6.414383
-10.501240
-7.804227
-6.459667
-7.335717
-8.170091
-5.776690
-6.707261
-9.791843
-6.577383
-6.933863
-7.003805
-8.731064
-7.926068
-4.136870
-8.910624
-4.407760
-8.551309
-5.047181
-3.981664
-5.050443
-4.492696
-6.572359
-7.419796
-6.932157
-6.770906
-6.246914
-0.968586
-1.237484
-3.070265
-1.555932
-3.905264
-1.158274
0.838238
-3.201673
-2.094460
-1.960412
2.041936
0.156858
-2.098791
