-0.101554
-0.399728
0.463903
4.250734
3.700795
1.723738
2.967966
4.466216
1.726475
2.527878
6.340950
4.964099
6.362506
7.238281
2.229440
7.538885
7.840632
3.465604
3.762618
3.524306
3.472821
8.031421
8.961938
9.161944
8.202900
8.322287
7.470238
9.041542
7.261635
9.566923
6.328597
6.550680
10.347412
9.302574
11.759930
8.680583
11.598535
9.328442
6.474670
11.729204
7.094598
10.780675
7.405867
8.429293
7.349626
11.918433
10.101689
12.437482
12.331872
7.124549
10.696198
9.169147
11.123484
10.719262
12.468566
10.422344
7.006896
6.790472
10.451789
6.771101
8.437027
11.940185
9.031165
6.776358
10.906810
8.181151
6.928559
9.301627
5.593541
10.366995
4.920068
6.355437
8.661077
7.683740
8.112519
6.113631
8.783127
5.496735
7.454899
4.773999
5.375661
6.974177
3.799387
6.393736
1.906181
7.075781
6.721065
4.232864
6.100026
0.346584
2.351431
2.054122
1.402300
-0.875436
-0.284914
0.133173
3.326742
2.562359
-2.394606
2.548498
2.644714
1.706216
-0.776397
1.636800
1.404530
-1.429147
-0.653325
-4.319604
-2.677656
-2.438124
-2.776112
-6.540982
-3.951578
-2.517887
-2.602860
-6.460292
-7.816498
-5.027818
-3.863609
-8.274922
-7.148727
-3.491284
-8.366398
-9.509539
-9.025489
-7.037175
-9.083804
-8.085218
-8.356404
-8.265645
-10.769998
-6.359504
-6.239845
-8.527132
-7.059098
-9.298778
-11.742090
-6.840165
-8.983390
-10.274298
-7.251148
-9.604037
-8.821352
-7.642913
-11.156969
-7.860378
-7.170034
-10.498358
-9.757423
-11.709684
-7.399724
-11.292476
-12.273004
-8.671929
-9.519522
-11.257534
-12.527542
-9.346687
-6.981776
-8.307290
-7.080960
-11.981103
-9.514722
-10.580898
-6.447229
-6.557423
-11.042950
-9.388490
-8.110135
-7.882071
-7.433088
-8.276277
-6.504703
-9.554860
-8.830245
-4.292223
-8.687660
-4.068645
-3.968358
-8.359836
-3.502248
-4.954770
-3.740725
-3.273490
-4.442253
-4.345276
-5.799736
-5.232580
-4.934975
-3.058132
-5.042734
-3.370992
0.567757
-4.202423
0.422905
1.382359
-2.516477
1.439855
-0.149189
-0.049223
