3.268977
-1.904408
-0.291309
1.503202
1.044325
3.161855
-0.181175
-0.327850
1.190857
3.457308
1.874474
5.556823
2.840476
2.433954
4.013610
3.713026
3.091440
7.998886
4.570777
3.410624
7.673737
7.628677
5.168044
5.018408
5.260464
10.285959
9.216944
6.854357
8.984650
8.198271
5.330313
7.783388
11.279335
6.083311
6.120723
12.000505
11.373524
9.957450
6.489142
8.437999
10.126996
12.566468
7.122397
9.939292
12.664598
10.047415
10.584703
7.021740
7.663482
10.491647
9.063282
7.168949
10.860540
8.288101
9.452783
7.434347
7.801070
7.470263
8.349001
8.138402
11.904995
6.473236
8.370587
9.047232
9.194857
7.025427
7.610908
6.131282
5.691620
9.514909
8.138116
5.236899
5.968837
9.960342
4.227762
6.908791
7.506967
9.199914
3.619345
5.366635
6.094817
3.580920
3.901912
6.374408
2.109529
3.943927
6.559030
6.049391
2.228166
3.726047
2.031782
3.469092
0.371718
-0.746655
0.830754
0.464566
3.119469
2.803789
1.089638
1.428689
-1.169426
-3.145186
0.771284
-0.444114
-0.843977
-2.808994
-2.295692
0.351307
-2.045631
-0.109984
-1.947568
-6.560679
-3.268496
-6.296761
-3.219755
-5.729208
-7.988116
-6.935348
-6.651301
-3.869559
-3.872514
-4.964810
-5.364890
-5.149763
-7.468129
-5.851239
-9.479909
-9.698419
-6.823753
-6.495501
-9.450560
-5.927279
-11.584427
-8.898144
-10.433766
-8.374840
-11.678871
-10.950276
-8.318580
-8.635807
-8.966851
-9.729826
-8.411548
-7.014581
-7.419655
-8.656973
-11.391177
-11.432513
-8.293630
-11.125640
-9.820716
-11.909771
-7.735420
-12.497107
-10.747878
-10.028889
-11.956245
-8.562541
-7.701807
-9.169164
-10.613993
-8.565832
-8.976499
-6.469401
-6.615795
-7.035079
-7.892263
-10.896664
-9.816342
-5.578674
-7.587224
-9.796521
-5.557493
-6.714723
-9.707111
-6.201153
-8.606385
-7.092087
-3.818201
-5.902486
-5.310116
-7.216228
-7.912670
-5.891111
-6.647126
-2.209833
-3.913167
-6.412946
-1.936518
-3.602814
-3.022463
-0.922096
-2.690758
0.138625
-0.772376
-1.625544
1.037070
0.741884
-0.010717
1.919071
