-2.542827
1.912921
2.772624
1.784508
1.832368
0.173730
4.259030
2.030091
5.015923
1.701142
1.439300
1.673527
3.139653
2.717418
2.265259
5.363533
5.616882
7.098034
2.937743
5.447947
5.379849
8.173404
7.179055
4.144339
4.835500
6.323031
6.186498
8.789827
9.981048
5.999024
5.903321
10.679837
7.186892
10.035894
7.604441
8.618052
6.235908
10.575166
6.584660
9.071512
12.422049
8.295727
9.795875
9.622733
10.816918
7.457299
9.285182
8.139852
10.565872
10.311983
11.079902
11.334705
9.334708
7.925932
8.085324
7.060431
9.403497
12.129166
7.649370
11.844029
11.417646
12.092349
7.714627
7.908195
6.413355
7.643645
10.833483
6.417998
9.255285
9.893756
5.321081
5.369586
6.804288
8.034649
9.943830
9.826647
5.180044
9.298029
8.789566
5.305707
6.904328
6.246654
6.341534
2.593017
4.076432
2.346400
1.027458
5.628193
5.368731
3.022696
2.747095
1.717058
4.802608
4.055749
-1.023043
0.825889
-0.230643
1.517214
-0.154918
2.403883
0.502900
-0.947863
-0.191721
1.125101
-1.807832
-4.763225
-2.388937
-2.273214
-5.675750
-3.198663
-2.390151
-5.526483
-5.841125
-2.966151
-4.532901
-7.751753
-2.680027
-7.478822
-3.172559
-3.622820
-5.500327
-7.220928
-8.935624
-7.926871
-6.906520
-6.379307
-10.189867
-4.991377
-8.354450
-10.391820
-7.261693
-9.846032
-9.849684
-6.782053
-8.529408
-11.800728
-6.664429
-8.710804
-7.893166
-10.417999
-8.008781
-12.082307
-12.085127
-10.374325
-12.809439
-7.720224
-11.097898
-9.436551
-9.310096
-9.956046
-12.910050
-9.987262
-7.158706
-11.314090
-9.368476
-10.337582
-12.565839
-9.035436
-7.739568
-9.440430
-7.209767
-9.617071
-10.013614
-8.339190
-10.034567
-7.545950
-5.772785
-9.570480
-9.710107
-9.284714
-9.947096
-9.418055
-7.730305
-9.312049
-6.694942
-5.922063
-3.783085
-6.151527
-8.190286
-7.367693
-5.388533
-7.434476
-4.614656
-3.177298
-5.511596
-6.265239
-5.679521
-2.420308
-0.983435
-2.175783
-4.777190
-0.689427
-0.950976
-4.635982
-1.932476
-2.009630
1.263341
-0.319269
-2.674845
-0.926527
