-1.323744
0.145812
-1.415214
-0.970482
2.324301
4.456721
0.222690
2.554584
1.166043
3.681746
3.486042
2.779918
5.894929
2.666482
4.969507
3.644358
3.819581
6.334165
2.652046
8.003954
8.237670
4.715391
3.886256
7.424233
8.411262
9.772068
9.208945
8.861081
9.838514
7.882260
5.604849
11.216094
6.257491
9.714272
10.543519
9.839332
7.123675
8.804892
10.362444
10.379411
8.934544
11.799032
8.288376
11.752486
9.165372
9.135472
7.901120
11.857777
7.556528
7.304228
8.807855
12.641942
10.434852
10.159100
9.954128
12.130739
11.853321
12.408397
8.953397
10.989685
7.161850
7.285227
10.891933
7.586335
9.039262
7.717464
6.901066
7.700244
6.867038
9.783774
6.377471
7.181710
5.061402
9.350735
8.630339
9.786305
7.963577
5.497287
8.417591
6.307750
7.112634
4.558926
3.958575
3.585776
5.754891
7.040253
1.164090
1.656379
2.306099
5.420388
3.352288
4.493346
1.894576
0.364467
1.420472
-0.600514
1.654872
0.651347
-1.449234
0.373359
1.623115
0.271602
1.236360
-0.124863
-0.791952
0.623269
-4.379503
-4.846457
-2.845368
-5.192031
-0.823669
-5.253428
-4.088608
-4.140405
-1.677130
-4.083577
-7.501702
-5.175740
-5.726995
-4.684590
-6.299644
-8.718422
-9.349003
-7.916275
-8.098514
-9.357438
-5.176237
-8.739284
-8.700684
-5.479345
-6.322303
-10.857792
-6.671897
-9.367624
-11.330019
-9.428213
-9.915096
-9.931875
-11.513664
-7.459243
-9.591926
-9.745827
-9.005777
-10.967542
-11.285269
-11.352364
-11.454501
-9.058694
-11.733323
-8.308356
-8.281130
-10.415659
-12.538310
-8.964283
-10.540737
-7.076587
-11.506169
-9.373640
-6.652738
-7.166497
-10.669772
-7.331141
-11.294017
-11.466816
-7.507843
-6.692949
-8.246678
-6.457552
-7.746490
-6.696959
-6.541799
-7.850337
-4.882195
-8.925191
-8.662640
-5.656645
-9.013731
-6.517981
-4.327124
-3.960825
-2.985968
-3.627087
-5.413721
-3.606672
-5.989358
-7.048571
-1.582157
-6.367026
-1.243224
-0.481524
-2.119213
-1.798129
-5.152045
-0.101884
-2.808881
0.462626
-3.428917
-3.100636
-2.929136
-2.848535
