0.687086
3.285362
2.920616
1.775186
-1.111762
0.871966
3.751624
0.215559
2.302434
3.532843
4.701775
3.552256
3.502109
2.418835
3.905380
4.030116
5.633665
5.416546
6.001569
6.124390
3.521399
3.473526
3.981233
9.268899
10.002496
7.139204
7.469468
4.982009
10.210098
10.354783
9.167011
7.213154
8.544211
8.370486
9.625522
11.092661
11.704338
8.074131
7.333749
10.050847
12.153227
11.907375
11.484518
7.785273
10.168440
12.624487
8.172135
10.246946
8.221732
8.190984
7.560038
11.978801
9.640498
11.557358
8.837213
12.658419
11.873943
9.075666
7.673142
8.016654
8.033071
7.379651
9.708331
10.075138
7.673802
9.363278
6.515824
10.469723
10.846059
7.299700
10.553069
5.539924
5.882195
7.586875
9.146003
7.333621
5.282500
8.352559
8.780638
8.440495
7.219065
3.178603
6.739889
6.200225
5.231836
4.010977
5.483687
1.682517
6.255633
3.020920
5.134447
3.091300
2.328210
4.818021
3.736335
-1.081390
1.400149
3.375560
-0.664410
-2.894237
-2.527819
-0.305402
-2.271807
0.006285
-1.178124
-2.845349
-3.471539
-2.917241
-3.692022
-3.177386
-2.823975
-6.251110
-6.828018
-1.338040
-6.577184
-7.231113
-4.011800
-3.719161
-3.769863
-3.471423
-8.435466
-8.820733
-7.478988
-8.921345
-4.455088
-9.286284
-9.361186
-8.008435
-8.103025
-8.153191
-11.084158
-7.793079
-5.802485
-10.283851
-6.562861
-10.064797
-6.796120
-6.666478
-9.927340
-9.226561
-7.094738
-7.072343
-11.813075
-12.408691
-11.010144
-8.594367
-7.661003
-12.614961
-7.011772
-12.838863
-11.878948
-8.081168
-8.286379
-12.760895
-8.713601
-7.911331
-8.698283
-12.002236
-9.610406
-9.528568
-6.593138
-12.072904
-7.924609
-9.598742
-9.954560
-5.922206
-5.748093
-8.038036
-8.865322
-5.190662
-8.035441
-7.645331
-10.100201
-7.350275
-9.235728
-7.202761
-7.731647
-5.187852
-7.098595
-8.771406
-7.713718
-2.807825
-7.641878
-3.735496
-3.377778
-6.551240
-4.938125
-1.067320
-2.987439
-1.894086
-3.719425
-3.374056
0.448809
-2.387650
-0.172875
1.137573
-1.440930
1.047776
1.766581
-0.082988
