-0.353841
2.462383
-1.804571
2.084709
3.439890
2.620982
2.263388
4.610520
4.981266
1.312018
5.807623
2.453071
1.872144
1.320720
1.939528
6.055341
5.712644
4.827723
6.506634
8.485509
4.054027
5.992974
7.883993
5.141481
6.407534
10.001800
6.209503
7.380845
6.760479
7.268724
7.544710
8.193030
10.502465
6.987122
11.092412
9.189554
11.223230
10.446384
9.323727
7.436618
11.852603
12.076117
11.899718
11.228235
10.488266
8.322219
9.051186
7.158514
10.513191
7.192435
9.550127
12.884846
11.681944
10.085322
9.363272
12.498489
8.137131
9.062364
9.807617
7.503418
9.775503
6.873358
6.220697
10.569508
9.271157
8.323297
8.912362
8.525298
6.055849
7.230328
10.823211
5.413401
7.705559
7.761641
8.090030
8.377371
6.317004
6.656562
5.680702
6.433773
6.874881
3.916411
3.907013
6.689936
4.695567
2.668011
4.875441
2.762424
4.654707
4.665020
1.160108
0.745613
2.369126
0.674883
0.157219
1.561293
3.662489
1.271226
2.161718
0.219846
-0.744346
-2.029297
-3.404712
0.025057
-2.473988
-3.193079
-3.910639
-5.343969
-2.670279
-3.106339
-2.359999
-2.362444
-3.181977
-3.081489
-2.342650
-1.856507
-3.853648
-6.463513
-7.200472
-8.664960
-4.638429
-4.163784
-5.429828
-9.405282
-8.054366
-10.281015
-7.148088
-7.589546
-9.741594
-5.994461
-9.596445
-7.789482
-10.302950
-11.563831
-10.900809
-7.380457
-7.317327
-8.935929
-11.568061
-9.848345
-11.743344
-8.261188
-10.563347
-11.624087
-10.737754
-7.766669
-12.677397
-8.645216
-12.438353
-7.145077
-9.243221
-8.491820
-9.810821
-9.068054
-7.732046
-11.732901
-12.358771
-12.145331
-9.331673
-9.244275
-9.007953
-6.687839
-7.938472
-11.709438
-7.862948
-9.626744
-7.631163
-10.345570
-6.403652
-6.669334
-7.625861
-8.781230
-9.210058
-9.433971
-8.593737
-8.384714
-6.429313
-5.894180
-8.189899
-7.359807
-6.004815
-5.020909
-5.473449
-6.071477
-4.130562
-1.519049
-4.623228
-4.042846
-5.711246
-4.023539
-1.381962
0.425944
0.506454
0.349291
-1.431816
-3.000651
-0.814617
-2.029694
-3.169779
-2.162981
