0.256834
2.806703
3.490474
4.165199
-0.942178
-0.746697
0.851584
4.055923
3.092380
1.170125
6.375450
5.023208
2.992141
5.949922
4.811441
1.890177
3.224957
3.988363
3.596271
6.515283
5.802664
8.220224
8.396480
7.602466
4.179386
6.956616
5.576023
6.666399
8.599831
10.345763
7.128121
10.850983
10.827173
11.295474
5.967840
10.475206
10.797501
11.783870
10.773772
7.677320
12.519886
11.897771
9.496034
8.336384
11.061608
10.136544
11.216686
10.575441
10.559146
12.796305
12.797669
9.259970
11.325162
6.945713
8.124503
11.290127
7.310540
7.198190
7.529260
9.457403
7.264029
6.994017
11.360254
11.459639
8.778699
10.812842
6.895002
7.834665
6.763114
7.043898
9.081732
7.160380
4.841918
7.757599
6.868175
6.539835
5.256528
9.104334
6.246084
2.980845
4.809613
7.175815
7.255819
3.250280
2.334576
1.698353
1.271007
5.912210
4.088044
1.988233
2.098662
0.871025
5.159302
0.543412
3.068194
3.393343
1.746173
3.594239
-1.161644
-0.684856
-2.818999
-2.886522
-0.676306
-0.747875
1.310666
-4.720477
-4.454377
-4.018523
-5.293704
-3.840819
-2.025924
-4.353115
-5.964326
-1.625378
-7.392304
-7.771205
-7.418166
-2.857022
-8.618407
-8.719508
-8.344636
-6.544592
-3.977683
-8.376544
-8.073906
-9.191559
-4.931063
-8.650191
-9.833393
-8.659250
-9.293639
-6.377283
-8.166304
-6.977326
-9.677828
-11.998047
-7.516891
-9.269695
-10.282683
-7.069478
-8.758711
-8.404804
-12.684169
-10.446610
-8.424832
-9.326101
-11.820062
-7.333848
-8.073829
-10.989180
-12.889153
-11.070530
-9.317319
-9.464838
-10.785519
-11.301779
-7.222478
-7.002480
-9.067399
-11.466520
-9.107885
-11.668038
-9.123610
-9.408844
-11.503416
-10.980409
-9.827598
-8.030370
-10.089827
-7.483717
-6.820804
-9.562372
-9.252743
-8.065733
-9.829546
-4.761457
-8.996458
-3.702956
-7.156543
-3.053976
-3.388178
-5.559590
-5.850215
-7.600796
-2.982122
-6.080992
-6.293884
-4.624750
-3.969560
-5.492116
-0.906344
-4.153919
-2.152290
-4.834842
-2.052375
0.499193
1.781591
2.195033
1.360227
1.555450
