3.054676
3.544858
0.851330
-0.176864
1.886259
2.679198
4.673476
5.064301
5.363274
3.485393
5.673341
2.475487
4.381676
2.686978
7.219753
3.568163
2.267198
3.723319
8.426573
4.472742
8.597792
4.426697
4.948564
7.115254
7.746819
7.454293
6.306899
8.881805
10.805115
6.569732
11.236707
5.949622
6.782937
9.365862
6.999617
10.382662
6.551308
10.774478
10.618433
7.339117
9.301988
10.308015
7.425687
12.793276
11.458890
12.193948
12.795012
8.507612
7.893413
12.279406
10.584705
7.521627
7.561842
11.329057
10.273548
9.792700
8.618448
7.670425
7.406274
9.295510
8.974983
9.931632
7.147130
8.353984
10.246551
7.508854
5.961003
5.511254
9.361971
8.040106
6.448127
9.326949
5.297297
6.660447
6.974540
6.260348
4.472591
6.062927
8.376001
6.385724
7.756674
2.362775
6.776160
6.152812
3.640962
2.426377
1.696729
4.058762
2.823302
2.006768
4.354889
0.070198
4.740875
3.160139
-1.014745
2.383231
-1.815684
2.879056
1.669406
-2.246722
0.003085
-1.888082
-3.088246
-1.644786
-2.226783
0.883724
-4.325684
-0.032824
-4.336998
-0.827291
-0.973430
-5.730873
-3.906061
-2.494960
-2.164178
-7.497910
-5.115359
-6.560194
-8.222770
-3.225167
-6.164481
-9.337311
-7.361569
-7.913050
-5.785609
-9.452071
-8.171542
-8.525478
-5.337460
-5.526471
-7.794512
-8.986317
-8.123586
-5.966774
-9.692574
-6.953520
-8.575879
-7.672350
-9.411670
-10.680133
-9.020152
-9.316068
-9.545342
-12.730328
-10.351890
-11.696962
-12.140369
-10.866423
-12.376639
-7.413074
-9.088236
-7.468973
-10.046044
-7.738476
-11.091130
-11.258276
-12.108201
-10.842413
-10.497181
-6.665103
-9.675523
-9.741238
-9.158224
-10.015476
-8.383954
-9.557715
-7.263910
-10.238753
-6.914036
-6.350465
-9.956832
-7.302238
-9.706767
-4.951078
-4.948304
-4.804138
-7.315838
-8.181596
-3.455547
-7.781365
-3.810497
-8.093396
-4.047761
-7.226623
-6.461174
-6.879587
-2.974731
-4.049709
-3.366587
-5.396013
-3.253983
-1.424750
-0.425160
-1.008174
-1.168105
-1.874693
-2.226906
1.139556
0.611908
2.557622
