-0.828012
2.167879
-0.079120
-0.998725
2.494139
4.555321
0.152018
0.586159
1.636111
0.233431
2.922980
4.255287
2.794546
3.427808
3.862049
5.872781
3.339189
5.717564
8.403269
5.978275
8.384464
3.484103
4.138943
5.925380
6.134729
5.184549
7.657770
6.168387
10.475195
9.983823
6.999774
5.581939
10.350675
10.072336
7.577944
6.454748
11.686258
10.919423
8.394289
9.497485
8.809019
11.140513
10.136692
9.653175
7.405656
7.966137
10.611998
7.542357
8.273033
11.109018
8.413655
10.516905
10.405475
11.663720
8.644053
9.347900
10.826172
6.934212
11.452879
9.341340
9.759694
9.097435
7.371757
9.015000
6.460332
6.290301
10.709187
6.670156
9.130351
6.003949
6.679728
7.873006
6.248225
7.096908
4.333863
5.992466
3.796550
5.718481
5.483045
4.930550
3.704357
6.798394
7.061447
7.284668
3.374582
4.742504
6.276025
2.433587
2.015254
0.855768
3.900371
3.386404
0.779152
-0.016342
2.026998
2.220155
2.569435
2.804674
1.703367
2.917700
0.006540
1.004006
-3.230051
-3.454343
-4.492557
0.112596
-4.850284
-0.887272
-5.666170
-5.682501
-4.210489
-1.186483
-4.287203
-6.766828
-6.095964
-4.285426
-2.581167
-5.698832
-6.228858
-7.514391
-6.778138
-5.994060
-5.710912
-6.019876
-4.288088
-6.384080
-4.917099
-10.678909
-8.689744
-9.303433
-9.298523
-10.079268
-10.103304
-7.201054
-8.863892
-10.758425
-7.283563
-10.858550
-10.050162
-10.719356
-11.440225
-6.842463
-7.232655
-10.108110
-11.166117
-8.731497
-8.244719
-7.962114
-9.048585
-8.386888
-12.768752
-11.305205
-7.114390
-12.561834
-7.919507
-9.663359
-8.767466
-11.310246
-8.468659
-8.404804
-11.402718
-7.431397
-12.090831
-6.837134
-10.168369
-11.112015
-9.848109
-5.483616
-8.668883
-10.047138
-10.674657
-7.906939
-7.420773
-5.670688
-8.343099
-5.348735
-8.883924
-6.768285
-3.731581
-4.170630
-3.146933
-4.749639
-7.472301
-6.175218
-3.194752
-6.321146
-1.999391
-6.538758
-3.676021
-0.678325
-3.119157
-2.777945
0.448150
-3.373123
-4.147803
-1.753878
-3.172534
1.935525
-2.062028
0.676493
