2.124498
1.185324
2.200225
0.947766
1.148624
1.541954
4.400936
3.545484
1.490894
4.447191
4.128213
4.961226
4.045359
1.653270
2.542603
6.461747
7.487594
6.226276
3.449778
5.729321
8.459812
5.420380
5.752427
8.208277
5.438173
8.837330
9.635177
4.913397
10.442587
11.079502
6.131231
6.755973
11.281097
8.082683
6.761601
7.889209
11.033294
7.621551
12.072081
7.816557
8.128256
10.107069
10.093749
11.675647
11.483132
9.603520
12.280190
8.843810
8.608801
7.452621
10.476297
12.752802
12.687422
8.915129
11.129346
9.600373
7.947571
7.910396
8.647677
11.691185
11.485513
10.139886
6.306806
8.455712
7.886743
7.221966
9.573013
10.769551
7.132400
6.878769
8.234529
5.623238
8.536819
6.459388
8.415623
8.704390
4.360598
3.689381
3.175393
5.284297
5.868039
5.490210
5.881722
5.109520
5.338693
7.141529
5.383203
6.192179
3.355911
5.860454
3.431544
0.925481
0.379385
0.686185
3.765876
-1.193779
-0.356021
-0.437086
-0.055248
-2.950268
1.062967
-0.098491
0.663135
-1.810350
0.295981
0.092728
-1.395538
-2.345225
-0.827336
-3.244981
-1.762396
-1.145774
-1.471933
-6.479380
-5.050590
-1.920886
-6.833478
-5.784907
-4.826217
-8.593796
-8.883222
-8.216673
-9.368063
-4.895703
-6.499793
-7.566198
-9.404554
-6.250329
-10.581387
-9.231176
-10.888023
-7.954327
-7.966173
-9.266465
-9.950495
-7.178047
-8.773410
-11.253615
-8.633374
-8.150698
-11.935326
-8.743249
-7.717662
-12.513461
-6.941205
-12.005923
-8.571530
-12.797733
-12.063116
-10.899744
-8.829520
-10.616363
-10.215521
-8.141759
-7.008708
-12.191776
-8.763576
-9.137748
-11.785326
-7.133050
-9.891944
-7.739046
-9.255045
-7.263272
-11.687384
-11.379591
-8.343716
-7.658613
-9.270468
-5.796694
-10.423985
-7.560362
-9.356266
-6.279337
-6.976381
-4.635221
-7.131842
-6.954716
-6.800608
-8.400331
-2.673023
-7.909909
-7.179980
-7.058474
-5.440020
-4.165653
-1.876419
-3.250460
-3.525890
-0.769780
-5.693937
-0.025147
0.397149
-1.127137
-0.037263
-1.334166
-2.247159
-2.248144
1.736279
0.293802
