2.749824
-0.820715
1.926007
-0.762605
4.227085
-0.726765
0.210366
2.327235
4.473665
2.932513
1.762834
6.424644
5.535417
1.874399
5.771471
4.948992
7.510773
7.280029
2.818115
5.430189
6.586554
4.183392
5.515534
6.697438
6.102092
8.877250
6.121933
9.534049
4.924596
8.525943
8.926203
9.493641
7.390143
5.983591
7.473630
7.806781
8.737443
6.711964
6.756710
10.936347
12.382692
6.892036
9.593127
11.848747
11.213883
11.402478
10.538266
9.624916
8.822409
9.038148
12.416023
9.509296
9.872789
7.814413
12.834949
9.099265
7.934673
11.037749
10.388201
8.959020
6.868205
7.733250
8.999356
9.349652
9.290745
6.393287
7.295221
9.494958
6.706618
6.960263
8.382427
10.267305
7.881258
7.361865
5.138510
6.045474
9.474106
7.889472
5.690357
7.128118
6.882742
4.081671
6.062481
2.777380
3.051557
3.552747
4.272700
4.846986
2.977710
1.322802
0.361740
-0.070626
1.101409
2.232009
-0.901607
1.769820
3.639629
0.417591
0.447903
0.705744
-2.785624
-0.203446
1.815647
-0.417897
-0.453704
0.794256
-1.633511
-4.869249
-4.697484
-0.782945
-5.096475
-5.197677
-1.163694
-1.310435
-6.393219
-3.390299
-5.968317
-7.431645
-4.385606
-7.011099
-3.590514
-8.942773
-3.630625
-7.753679
-5.881628
-8.784661
-10.334221
-8.102818
-10.261013
-8.126050
-10.880162
-7.223430
-5.897937
-6.592399
-7.782509
-12.047236
-8.666516
-9.451901
-10.117442
-8.040692
-9.222548
-10.903335
-8.747313
-11.705972
-11.712407
-11.995325
-10.261769
-12.841237
-7.153702
-8.925114
-11.826260
-9.391958
-8.720526
-8.532106
-11.376589
-10.144220
-11.071765
-7.024058
-9.459898
-8.861647
-8.599382
-10.963762
-8.837316
-9.479974
-8.229384
-10.763612
-7.277314
-11.389758
-7.733315
-6.876948
-10.130757
-7.983650
-6.576366
-7.780714
-7.092020
-8.024336
-5.801437
-4.181249
-4.129632
-3.835680
-5.291074
-2.373979
-7.096005
-1.985471
-1.721187
-5.206958
-1.139306
-2.894872
-2.972987
-0.136741
-3.961991
-4.904935
-3.302948
-1.038210
1.292767
1.046168
-3.052045
-1.791101
0.309071
0.226607
