-0.851850
1.434769
0.003800
2.877958
0.988901
-0.287873
0.312225
2.122566
3.016691
1.017805
1.491029
1.720448
4.476126
6.331087
4.358841
3.434319
6.350362
4.283618
4.232723
7.426170
4.135220
8.415491
6.973659
9.337052
7.574428
4.728122
8.018531
10.499829
7.364656
7.936476
9.491704
8.872885
11.142026
6.087037
8.449918
10.696509
6.869244
11.595671
8.755581
9.748043
11.644379
6.936332
12.061612
11.740273
12.759003
7.737773
9.131083
7.073439
11.874442
9.911329
7.347054
9.115976
11.041326
12.555740
8.160969
6.828119
7.130134
10.602835
9.286985
6.850694
11.851103
8.289036
9.310446
8.263764
10.598014
6.334362
6.155893
6.992612
7.322745
9.141264
8.920128
7.096586
7.719278
4.424994
4.257900
5.259815
6.483707
8.908404
5.953435
7.742755
6.588966
2.381688
6.690131
3.553576
4.074093
3.001937
5.126670
3.573393
2.518319
4.246494
3.779779
2.990428
2.319902
-0.593458
-0.771582
-1.382392
3.500996
-0.058840
3.308107
0.086515
-0.241841
0.264233
-1.876488
0.496348
-3.279389
-2.462189
-0.729045
-1.196772
-2.731168
-3.120665
-1.489593
-3.177056
-2.193929
-4.962068
-6.070572
-7.718395
-5.010441
-7.161432
-6.185540
-8.197929
-4.744339
-6.557891
-4.178990
-7.895905
-4.274848
-10.019662
-10.420480
-10.417358
-8.094726
-10.762923
-8.101278
-7.462624
-7.256922
-7.375636
-10.143096
-11.154505
-10.777604
-7.369267
-12.379655
-8.661936
-9.283866
-7.406469
-10.030371
-10.387396
-12.433188
-7.716740
-7.737923
-9.341040
-10.409622
-12.704021
-8.251421
-9.011376
-7.624173
-12.367865
-8.441819
-11.919522
-10.724894
-9.439306
-8.759131
-10.034878
-9.164185
-8.326958
-8.847287
-8.924207
-11.063086
-10.621820
-7.621080
-10.089506
-5.395513
-6.011414
-9.894319
-5.004229
-9.122900
-8.019352
-5.182669
-5.478390
-4.389481
-4.972470
-4.019285
-6.364159
-6.426904
-5.093459
-2.147735
-4.237674
-3.684846
-4.159879
-3.658660
-0.703205
-6.122899
-2.403175
-4.456337
0.446096
-2.383605
-0.382415
-4.387813
1.059586
-1.116806
1.421911
0.509014
0.066300
