2.322643
-0.113955
3.156983
1.012883
-0.422579
3.252915
0.735880
5.407286
1.804032
2.162761
2.140561
6.352953
1.337198
2.996295
7.306260
3.523479
3.512585
5.509383
5.858447
8.035622
7.244427
4.559236
6.563997
9.659640
6.780370
8.868297
7.027624
9.724408
9.258975
6.921462
5.781870
7.029087
7.869919
9.980372
10.159718
8.705191
6.919517
9.238995
6.952278
10.770057
9.036309
11.670289
7.852826
10.093924
7.416566
7.227194
8.217162
9.239236
9.163745
11.359779
11.100589
10.593121
12.884780
11.809072
7.873063
9.883066
9.314344
9.625736
12.416507
7.057952
9.441312
6.693955
9.053469
12.017970
11.586722
8.346375
9.884805
9.774090
9.466008
6.793625
8.253411
8.525323
5.585315
8.305683
9.313302
4.496641
7.094314
7.820682
4.381860
5.943308
7.474671
8.099971
3.977082
7.803416
2.173597
6.082275
1.215089
3.911688
6.067288
0.608366
3.280578
1.703563
2.234250
4.321276
3.298001
3.932692
2.396681
0.999054
1.947684
-0.445439
-0.276405
-3.441906
1.900045
0.918374
0.039970
0.156116
-0.679574
-0.076652
-1.011488
-5.710314
-6.355962
-3.515065
-1.247496
-2.964501
-5.749851
-4.856581
-3.045982
-2.977370
-7.475368
-3.669457
-8.151205
-7.341764
-5.349707
-7.985209
-8.172318
-4.443124
-9.836382
-6.652373
-8.926317
-10.841662
-7.501851
-10.029653
-11.416590
-9.341241
-6.599830
-9.561625
-9.948937
-7.533021
-10.644875
-9.412872
-10.174378
-6.886621
-10.235086
-7.569526
-11.997191
-7.731608
-12.431663
-7.777815
-8.821388
-10.789309
-12.931897
-8.895418
-11.391059
-11.314190
-12.316815
-7.322862
-10.883357
-12.129290
-10.450345
-9.197033
-12.069055
-7.330671
-6.310479
-7.146538
-11.067164
-7.282510
-9.327569
-6.661663
-7.550865
-9.881489
-10.465262
-5.668212
-9.477621
-5.835225
-9.246775
-7.289262
-6.348799
-5.413374
-5.171857
-7.997528
-3.311544
-2.561516
-5.495261
-3.210856
-2.129877
-1.410224
-2.031649
-1.874343
-1.190014
-4.266335
-3.535887
-0.294412
-1.331201
0.966768
-4.337771
-0.637812
-0.884547
0.859980
-1.205136
1.145668
