1.890680
0.605530
-0.423968
1.805683
2.566004
0.733808
4.669757
0.370675
0.453375
0.568274
5.782647
5.584132
5.859360
1.471527
2.752992
3.952817
3.710567
2.903481
3.644221
3.172161
5.106135
4.249555
9.228635
6.312483
9.185976
8.522078
10.490711
4.911025
9.858929
5.474056
9.396781
11.209576
9.806112
9.794082
6.253185
11.665072
6.317865
8.542274
10.866874
8.406189
10.919930
8.118972
8.006138
7.509194
12.332174
10.684344
7.240282
8.814019
10.258614
8.497956
8.620554
10.748399
11.911105
8.036951
7.562294
9.130428
11.825602
10.083463
8.445358
8.271229
9.477778
9.463165
6.598621
11.886676
7.841768
7.126255
6.684622
11.052019
11.264324
5.091941
8.617208
4.985375
6.215596
6.897585
5.546325
6.039080
5.153055
4.417581
6.698688
8.387090
7.378584
3.933898
2.333649
3.451989
5.730734
6.648318
1.749827
4.581854
3.944634
1.701253
3.087604
-0.309878
2.393177
3.602838
-1.106644
0.435158
1.589923
-0.581545
2.410660
0.255877
1.125582
-2.977707
-1.617749
0.211845
-3.378886
-0.701786
0.099627
-2.202050
-3.548771
-1.995250
-3.043240
-2.975551
-6.935091
-4.657274
-2.978790
-4.559895
-2.995302
-5.950612
-3.796808
-3.113986
-3.185375
-4.630003
-4.751335
-4.424902
-7.135510
-9.952138
-5.118473
-9.731771
-7.361577
-10.673499
-10.142134
-10.132854
-8.215428
-7.855277
-6.058799
-8.105736
-7.046211
-7.664439
-6.778863
-10.449502
-12.245234
-8.711913
-9.742202
-10.429047
-9.012287
-11.346101
-12.377373
-7.275238
-7.560888
-10.613018
-12.257722
-7.004262
-8.434069
-11.293505
-12.852804
-7.107672
-6.905620
-8.051945
-11.402236
-7.545893
-9.714996
-11.406383
-8.134231
-10.641383
-11.242795
-8.190949
-10.988186
-10.667184
-5.742108
-5.901097
-9.984443
-8.284647
-4.545581
-6.858510
-5.451812
-5.947041
-7.362673
-3.834527
-8.873101
-7.455402
-3.720029
-6.098375
-2.980422
-5.934902
-3.029777
-2.426809
-2.756949
-6.030438
-2.625381
-5.927558
-0.548315
-1.652016
-3.085411
0.451950
-0.243158
-0.768337
1.146727
-0.450988
0.178782
-0.290178
