-2.276989
-1.408528
-0.360324
0.308965
2.390964
0.449880
2.472237
2.290296
2.129075
1.963491
1.507480
1.927809
1.035421
1.949404
2.469533
5.886748
3.491529
7.496665
6.478956
7.067409
3.232421
5.647809
3.918716
8.869082
8.329299
8.500911
6.056849
6.009169
6.066632
8.607058
5.395822
8.984352
8.292127
7.986850
6.132268
7.471814
6.701040
10.845112
11.873071
11.204228
9.949994
10.840330
7.552299
9.974424
10.977092
11.654665
8.050672
9.292812
10.808449
9.453141
8.514539
7.099822
10.098031
8.216783
10.899835
10.733272
10.950209
10.921617
10.875009
11.806108
12.072677
6.467872
6.638222
7.041948
6.656471
7.006000
5.617604
10.459258
6.447845
6.042687
5.203338
10.339606
8.456920
4.386557
8.167900
5.363415
5.626802
3.667950
5.071377
3.908507
8.252111
7.519065
6.201913
4.967589
1.833549
7.096499
6.625103
3.122284
6.061825
5.086856
0.299928
3.240417
0.439367
1.647099
3.917373
0.547729
-1.530637
-1.622949
1.919194
-1.392673
-3.169008
-2.927434
-0.960087
1.245146
-3.815250
-3.051252
-0.516801
-2.113552
-3.861193
-4.147499
-3.118768
-0.700081
-3.738535
-1.343758
-6.831245
-7.589598
-5.915891
-7.633248
-5.245976
-8.057126
-6.694252
-7.430066
-3.622638
-5.602815
-8.016663
-9.680936
-9.438189
-10.637118
-8.959181
-9.431552
-10.609752
-5.773287
-7.996129
-11.003139
-11.696253
-9.882874
-8.854014
-9.317463
-6.786707
-7.098026
-8.074220
-10.698480
-11.834393
-8.987316
-10.561052
-10.669225
-12.713502
-12.269667
-8.157545
-8.069138
-11.112736
-12.559046
-12.662675
-9.577881
-10.616582
-10.724446
-12.415326
-7.418073
-10.093041
-12.200003
-7.132810
-8.506087
-8.761399
-7.038311
-9.126590
-11.613042
-6.015411
-10.471892
-7.385193
-5.335262
-5.467108
-7.302421
-9.833857
-8.056561
-6.788375
-9.303186
-6.406423
-8.816914
-4.973775
-5.664092
-8.306413
-4.115226
-3.589583
-7.529050
-1.799820
-4.815624
-1.591174
-6.352630
-1.230000
-2.449943
-2.589786
-5.447589
-4.249055
-1.940427
-1.674489
-3.667051
1.790868
-3.597512
1.244333
1.442507
