1.130731
-0.182579
0.724310
1.990419
4.383165
0.172193
-0.471490
1.906418
1.646134
1.584997
1.753763
3.404720
1.167601
5.457891
6.187106
7.709131
6.404431
5.016776
3.747929
7.754625
9.126273
5.216785
5.979909
8.646949
4.784457
6.437043
8.520460
7.264581
6.695846
7.952443
5.661098
6.390484
10.736476
8.143777
9.925673
10.264934
12.103221
12.086768
8.536206
9.117940
10.162689
8.843212
7.461273
12.549260
11.703392
7.186693
12.099509
7.266212
8.682225
12.411035
9.528347
7.322816
10.641710
8.575419
9.630473
7.658646
7.363014
12.294801
8.587046
11.752769
10.129226
10.364660
11.452168
6.123480
6.433914
11.349671
5.890970
7.082230
9.388185
9.017452
5.621092
8.555647
8.477561
9.407172
7.001759
3.938336
8.068515
5.366308
4.606698
3.170286
6.063450
3.073422
3.256411
3.780875
6.880238
6.953416
6.262646
4.883485
5.579134
5.385454
3.053134
4.733465
-0.582127
3.004286
1.054088
2.006860
-0.717634
-0.205751
-0.419082
0.089111
0.710855
1.834443
-0.038426
0.287007
-3.560797
0.554903
-3.073857
-2.553044
-3.195721
-1.995568
-2.799249
-1.420046
-4.573471
-1.776361
-4.994809
-2.894899
-4.420531
-7.349535
-4.021308
-8.632530
-7.827043
-4.056924
-7.965203
-9.805212
-5.777858
-5.301930
-6.678677
-8.173908
-6.579368
-6.904400
-8.181886
-9.234762
-9.803620
-7.414222
-6.644162
-9.268192
-8.200043
-11.877682
-10.652803
-12.273408
-8.926842
-11.669473
-7.085094
-7.652482
-11.390316
-9.410277
-7.759371
-9.527846
-11.835979
-7.647846
-12.721983
-10.539727
-7.410095
-12.893984
-10.587811
-11.071210
-8.891916
-7.091377
-6.815925
-7.073027
-10.583542
-11.442133
-11.129451
-9.317022
-6.128176
-7.922486
-6.252562
-9.715821
-8.857804
-8.898758
-5.466324
-9.564065
-7.102228
-9.465558
-5.642614
-4.211516
-3.744958
-3.967293
-7.309690
-6.357956
-4.736281
-6.724418
-3.295395
-4.171687
-2.671494
-1.869284
-3.408471
-2.377061
-1.441962
-0.694399
-4.768609
-1.931859
-2.334186
-2.541759
-2.306680
-1.903222
-2.034295
-2.329972
-3.145262
-1.886013
