-0.618486
1.279637
0.168848
3.164576
3.400852
4.850130
4.444678
5.412511
3.203033
3.448516
5.648480
6.386173
5.475113
5.228681
3.706029
2.492164
3.035393
7.207295
7.530621
7.872053
6.767078
4.143358
8.556972
9.289634
6.609280
9.748671
6.181995
9.261213
6.325886
7.517534
8.279296
6.801712
5.884080
9.517214
11.498062
8.296513
9.320404
10.793184
6.431972
11.663111
8.662056
7.650737
11.526423
11.385074
11.741676
7.500317
8.734495
11.825172
8.181235
7.742428
8.780288
12.837427
7.513583
12.393553
9.420461
10.903309
11.934470
9.398537
6.969536
7.893116
10.276767
10.310451
9.065277
6.516836
8.792720
6.777477
7.153889
6.181361
8.612471
6.627581
6.745686
8.949936
4.929062
5.366159
7.733128
3.932969
6.029788
8.741526
3.958519
6.037126
7.049251
2.521525
5.840242
5.743442
2.144380
2.372441
2.850024
1.448605
5.989976
2.192695
2.696529
0.275102
4.787839
2.410474
4.059854
0.701804
1.302920
-0.383529
1.358550
2.310718
-2.855125
1.889529
0.913043
-1.230349
-2.986424
-4.314551
0.539894
-3.431191
-2.767388
-0.994705
-1.126509
-4.584704
-6.027732
-6.925218
-3.384023
-7.724551
-3.968106
-8.185243
-3.773872
-4.815757
-6.430986
-6.500863
-5.085061
-4.461122
-9.846296
-8.064624
-9.516097
-6.939154
-6.099205
-10.365263
-7.659528
-7.004258
-9.235867
-10.729970
-10.630218
-11.086732
-7.340546
-9.233410
-6.612107
-8.098121
-11.447618
-12.658030
-8.294894
-9.288552
-12.229318
-11.232483
-11.825708
-11.322911
-7.011952
-12.059950
-11.269952
-9.872647
-7.455885
-11.252653
-7.004263
-12.704222
-9.956678
-8.765912
-8.216352
-7.694946
-11.066728
-8.392971
-8.287530
-8.962361
-7.024093
-6.849854
-6.564760
-7.740956
-5.713237
-8.434546
-10.364412
-7.272882
-9.584870
-5.339482
-7.453369
-5.874743
-5.028908
-5.537456
-8.451504
-5.006715
-7.694101
-3.547932
-4.802818
-5.541764
-4.039138
-6.601580
-1.944043
-4.373115
-4.001432
-2.279321
-4.836544
-0.366511
-4.095187
0.132982
-1.070199
-3.315488
0.985380
-2.964470
-0.055420
-1.196139
