-2.669431
0.944852
2.432571
-0.290347
-0.255985
4.744762
1.172652
0.263849
0.364972
1.535801
2.729831
5.207532
1.625106
5.646174
6.302234
1.987545
5.590905
4.072858
8.398329
7.827458
4.172431
5.560573
9.544090
5.395414
4.143364
5.837103
4.768539
9.975997
9.766857
5.407985
9.341273
5.645489
7.424520
8.473949
11.212343
8.961909
11.133095
11.456007
9.402082
11.640473
12.220324
8.486243
10.368284
12.392563
9.539574
9.191296
12.859462
8.217422
8.015919
10.933412
8.736126
10.829094
11.741731
7.434377
11.704394
10.090251
8.421254
6.839517
12.489593
7.778994
8.276617
11.448254
9.260204
10.587053
7.992054
8.375735
6.104281
9.566490
9.717800
6.364048
9.210106
4.783591
8.462400
5.423233
9.536016
7.795240
3.678839
5.279938
7.724172
4.527808
3.726219
6.224099
3.683742
6.888754
7.221818
5.969141
2.075800
5.112113
1.455559
3.921145
4.333703
4.033175
0.892599
-0.629505
0.301033
-1.587381
-0.974301
2.519073
-1.449795
-2.120151
0.870189
1.785876
-2.729134
-0.191993
-3.149735
-4.812651
-0.478195
-2.853613
-2.723050
-5.804038
-2.505812
-2.777802
-0.995590
-6.781258
-1.904617
-4.592751
-2.496839
-6.248994
-4.039818
-8.238508
-7.100639
-4.956654
-8.997853
-4.270474
-7.413021
-7.046472
-5.707296
-6.074382
-7.354349
-9.551752
-6.639076
-10.472666
-7.669734
-8.004260
-7.143782
-11.781075
-12.073249
-10.666792
-6.908527
-9.360470
-8.687265
-11.062449
-7.537375
-8.046581
-9.724219
-12.414303
-7.306106
-9.647303
-11.515261
-10.495310
-9.841867
-8.394006
-7.633621
-7.335212
-9.752400
-12.696778
-7.733196
-10.947816
-8.284270
-8.537326
-9.521375
-11.177624
-8.921293
-7.139284
-7.784391
-5.995138
-8.731187
-10.178539
-5.606898
-10.516524
-9.573361
-10.383637
-5.899212
-6.967829
-4.168169
-6.304984
-5.265923
-6.712113
-8.474092
-8.125317
-7.991431
-5.747446
-5.761442
-3.743622
-4.058236
-4.308442
-2.908899
-1.034530
-3.972712
-3.021143
-1.140507
-1.592828
0.348163
0.873968
-0.460880
-1.001811
-1.838306
-2.637479
0.898344
-2.933336
