-0.305886
-0.832501
-0.521660
-1.701567
3.801261
3.326223
-0.769338
4.809615
4.813574
4.611243
1.476159
4.473533
4.205437
5.157398
3.293113
5.865302
2.130654
3.622419
4.468521
7.916975
3.726453
7.033455
7.943210
8.264602
4.892011
5.202239
4.544778
7.084692
6.834475
5.626191
8.432288
8.893234
6.064093
11.716849
7.315091
6.172690
11.435926
9.399475
12.385199
10.671883
6.839504
12.334901
9.705327
9.071290
12.585093
11.075466
11.020485
8.330417
12.440462
9.225329
10.562935
8.761452
8.670536
7.465801
7.254663
9.645424
11.725544
7.058344
9.881392
9.242742
6.942168
8.304524
8.008766
6.826162
11.652603
8.303014
10.889082
6.573240
5.346352
10.159031
7.747503
6.609141
10.303893
7.029996
7.292174
6.979279
8.316133
8.533784
3.952423
6.490746
5.909925
2.887622
3.993624
6.586205
1.944040
1.820855
4.933071
3.706025
5.648729
3.395973
3.272109
2.181682
4.681668
3.354443
3.059027
-1.105945
1.755876
2.379091
-1.061244
-1.715095
-2.984752
-0.374006
1.860888
-3.862081
1.306147
-1.680290
-3.301784
-3.924087
-1.011691
-0.362350
-4.518971
-3.763244
-1.863898
-3.352590
-5.447864
-1.844021
-5.640518
-7.106861
-3.969454
-3.689067
-3.250113
-4.917344
-4.706992
-5.781709
-7.083215
-7.944712
-5.710777
-4.788163
-9.955760
-9.496878
-6.009066
-9.112791
-9.864782
-10.431000
-11.633193
-11.283895
-10.334434
-11.679253
-10.769908
-6.852037
-7.802741
-12.379070
-12.579301
-7.891892
-9.063125
-10.600723
-7.076976
-10.379691
-8.022609
-12.892319
-10.595720
-7.347203
-9.975338
-9.980972
-9.019642
-7.485269
-7.483998
-7.181926
-11.051618
-10.812584
-9.774819
-7.504811
-7.421996
-6.797206
-6.334873
-9.578885
-10.828289
-8.124708
-8.809937
-9.014111
-9.508602
-10.543776
-9.172209
-9.538787
-4.667214
-3.856645
-5.685258
-3.508471
-3.890635
-8.787940
-7.132672
-5.776375
-5.631798
-4.330885
-6.887145
-3.646682
-1.275950
-5.308962
-5.520090
-1.153744
-0.985626
-1.500460
-1.069518
-2.281075
-0.160927
-0.310127
0.498449
0.636720
0.659934
-0.674346
