0.650568
2.418740
3.418533
3.985974
4.223064
4.502881
4.527559
3.506113
0.770847
2.161564
2.045234
5.532331
5.654257
4.799095
7.338667
6.468761
7.789454
4.317410
4.098970
5.078955
5.320359
8.704729
8.913043
5.621029
6.179587
8.991327
7.137229
8.181518
7.629231
9.848321
9.982477
10.329703
11.415390
10.471450
11.602506
10.094384
6.732020
10.243638
6.972481
7.629684
10.710390
9.049806
9.133478
9.024735
7.504511
7.623074
12.672206
12.166120
9.245895
10.785708
7.683579
8.875238
10.421023
10.644986
8.186135
6.995993
9.522883
9.190141
12.302696
11.488562
8.891380
9.538253
9.985124
7.527819
6.917894
5.838762
8.612540
8.547751
9.399004
8.827473
8.065666
10.282298
6.485223
9.706921
7.544356
4.141643
5.051882
7.564902
5.271477
7.452779
7.171876
6.100448
6.091008
1.970130
2.439604
3.732912
5.090533
2.504758
0.788755
5.181000
3.389262
-0.182655
1.902836
1.437403
-0.628922
-0.454532
-1.895147
-1.801007
-1.911566
-1.021260
1.013970
-2.914130
1.348356
-0.634962
0.531142
-0.137454
-2.144622
-0.777644
-1.902991
-3.082508
-2.919093
-1.599399
-5.274650
-4.652505
-6.277787
-6.988041
-6.007079
-4.327698
-3.877349
-4.730568
-3.909948
-8.688512
-6.765073
-5.700393
-4.916939
-5.058725
-5.415122
-8.211753
-10.061271
-5.787169
-10.909289
-8.670150
-11.219442
-11.446550
-10.152583
-9.377057
-8.122257
-7.898142
-10.868524
-12.478320
-7.795228
-7.353914
-8.657550
-11.236313
-10.688543
-8.277142
-8.962294
-7.661952
-7.228670
-7.660023
-12.520276
-8.511517
-7.867245
-11.933978
-11.488366
-9.635032
-10.883217
-11.647967
-10.213136
-11.865195
-6.944144
-10.710548
-11.512729
-9.928985
-7.378899
-10.727957
-7.866327
-6.971939
-7.528752
-8.719864
-10.876394
-6.025074
-8.049622
-8.534083
-6.533183
-7.667461
-4.740274
-4.893739
-6.596029
-3.991622
-3.144231
-4.928937
-3.206171
-2.197382
-5.947780
-4.111554
-5.989570
-1.533873
-3.098804
-1.632736
-2.256163
-5.258007
-1.876630
-3.195639
-3.652610
-1.900980
1.746580
1.470378
-3.204643
0.872239
