2.596589
1.678842
-0.710250
-1.202425
0.900194
2.382419
0.310010
4.870943
4.269924
4.271420
5.955370
3.998698
5.977204
6.187790
1.702028
2.675228
6.662372
4.304055
2.854487
4.338375
7.764201
5.378520
9.129143
3.999585
5.522962
9.671755
9.634874
6.902997
9.289249
10.008044
8.660240
8.517389
10.859558
6.992449
10.931104
7.978252
7.758554
8.691210
9.391214
9.506037
9.947829
7.991093
8.080284
9.461468
12.657552
9.748427
8.261659
12.308420
9.255342
12.995694
10.681360
7.534339
9.581009
11.276571
9.167482
6.859927
7.370917
12.672950
9.067792
9.526365
6.998779
11.437250
6.419558
9.611564
9.094850
10.771107
11.009233
9.603921
5.529588
5.920660
8.407828
6.000677
8.997936
5.361522
8.863121
9.451456
8.930254
9.255092
4.653835
4.667093
6.948766
6.652883
7.175047
5.979020
2.535344
4.504860
3.607358
3.314836
2.129591
2.752903
4.797243
1.666837
1.859246
3.184182
0.387634
3.248463
-1.707618
1.344801
-0.097425
-2.247531
-0.650116
2.243026
-3.117461
1.019550
-4.298429
-1.367448
-0.761418
-3.502385
-4.764374
-5.512247
-1.480229
-1.295621
-2.184431
-6.072535
-6.057421
-5.481528
-7.600897
-6.784364
-6.568309
-8.177034
-8.498108
-3.433005
-7.341241
-4.411121
-5.301724
-7.520318
-9.149718
-9.394094
-9.212361
-6.106296
-10.094683
-7.608062
-9.704381
-10.096533
-10.427528
-11.647496
-9.006270
-12.114531
-11.778239
-8.322183
-10.796305
-12.552326
-8.216624
-7.853440
-12.467852
-8.605508
-11.167272
-9.559626
-9.051348
-7.988295
-8.919713
-10.541913
-10.851860
-8.345514
-8.980996
-11.764325
-11.074441
-10.214023
-9.511853
-11.558791
-9.489016
-11.250901
-7.381021
-6.597762
-11.822005
-5.914334
-9.531327
-10.015921
-6.808332
-6.515490
-6.531950
-9.573925
-5.222966
-4.679612
-5.575102
-5.134918
-7.094404
-3.456310
-4.100758
-5.446529
-5.557366
-5.903512
-4.144603
-7.318486
-1.817359
-3.499152
-3.727999
-4.077257
-0.647967
-3.791392
-1.991586
-5.050822
-3.687261
-3.328313
-1.917501
1.151932
0.411023
1.715635
-1.368817
-2.072782
