1.669751
3.068161
-0.240210
2.346939
1.566780
2.504793
3.069394
2.278988
3.150750
2.041852
1.216434
6.278125
2.078935
5.684644
4.906909
3.341917
4.709598
6.446155
5.065762
8.204403
8.295146
4.615026
8.647729
8.144721
5.090948
7.446118
7.539310
9.558647
5.765814
5.297029
9.713375
8.353283
6.486799
7.845916
9.396994
6.925916
8.641718
8.989836
9.460557
9.263068
11.488829
10.136656
10.981128
9.573696
7.987331
12.712934
10.636288
10.651161
11.879325
12.042465
10.541181
9.576960
10.139183
10.920241
7.364744
11.068874
10.573961
7.489631
10.347894
12.352980
6.679852
6.858645
7.589484
8.501045
7.607360
7.114157
9.315931
9.127676
10.929573
7.486153
6.702697
7.180565
7.254141
6.601412
6.046928
7.785549
7.753800
8.674938
3.982079
3.762434
4.487118
7.856277
6.124880
6.727172
5.818325
1.778771
1.069526
2.435961
1.396298
2.157040
3.094759
4.929228
-0.721191
3.183941
1.554207
0.030106
0.284201
2.532718
-1.400996
1.150567
2.357671
-1.203722
1.371030
-1.128944
0.856149
-3.582200
-1.316242
-0.164944
-4.801791
-0.925207
-6.298893
-1.820662
-6.054082
-3.931669
-6.638144
-3.363609
-2.760240
-6.667384
-8.472148
-6.201296
-3.573191
-7.115533
-5.399726
-8.606289
-7.134114
-6.970942
-4.919856
-8.908751
-9.880841
-5.933614
-10.437976
-10.076495
-11.088394
-8.513852
-7.562364
-6.910758
-11.081386
-7.134781
-8.556040
-11.100599
-11.041579
-11.063892
-12.487406
-11.225473
-10.580073
-7.861463
-9.757310
-11.813807
-9.515939
-12.042067
-12.795966
-12.140600
-8.490026
-9.765135
-6.915023
-9.236783
-9.532230
-7.215337
-11.321662
-9.416061
-10.953202
-10.125075
-6.924943
-11.762131
-8.119088
-6.770924
-8.474231
-10.085174
-9.919997
-6.569992
-8.583199
-7.097612
-7.614488
-6.944536
-9.832848
-7.229124
-8.488203
-9.351124
-5.783271
-2.977086
-3.238884
-4.869897
-4.560515
-7.137286
-6.691171
-1.275645
-3.613913
-2.027964
-3.495349
-0.313086
-2.866755
-1.667635
-4.508658
-3.064267
0.327496
1.197515
-2.526781
-3.314565
-2.960434
-2.067438
