0.172480
2.410445
2.268552
-0.571084
3.016199
1.234146
0.344527
4.322487
5.508546
3.027322
4.922891
3.022061
4.837319
2.654251
6.450476
2.502355
7.999193
7.707299
3.894767
8.147711
6.166365
6.891392
6.470934
9.679302
8.349950
8.401381
7.092056
4.876919
6.167679
7.019144
8.462998
8.771520
6.117735
7.484610
8.253777
7.260331
7.996475
9.130542
11.752782
10.838415
8.841304
8.685394
11.526933
9.030073
12.141052
7.102966
11.471631
8.890285
12.062573
12.752206
9.799485
9.772366
8.640602
7.269902
8.915673
9.858858
11.790394
6.706461
9.709971
9.895017
8.618222
6.577045
7.864058
10.286768
11.785429
6.949983
10.742964
7.337701
8.754432
10.500114
8.500938
6.181283
8.221631
5.805446
4.963029
5.280304
8.926970
6.069282
8.389852
6.054171
7.858170
3.692906
6.501646
4.110633
3.754093
5.344144
1.458713
5.608021
1.323662
1.209175
2.256806
2.795906
1.921564
1.444948
3.848614
0.031258
-1.601663
3.054938
2.645791
-1.588577
-0.262748
2.008614
-0.051612
-1.584788
-0.565765
-1.322792
-4.932707
-1.827499
-1.894980
-3.818752
-1.178098
-1.580251
-6.425470
-5.737953
-5.585749
-3.371536
-4.818853
-8.037811
-8.137194
-4.488220
-7.211794
-5.417079
-4.556370
-7.640141
-7.771539
-8.450347
-8.836499
-5.474476
-8.719695
-8.087366
-5.625358
-6.031840
-11.397198
-6.324962
-11.059830
-8.627816
-11.591201
-8.634170
-11.808023
-7.092140
-11.117582
-8.721897
-10.581334
-7.174827
-10.270169
-11.666648
-12.041717
-11.128343
-8.282189
-12.272330
-9.920469
-8.147366
-8.618338
-10.249335
-8.116278
-11.918144
-7.191587
-8.421591
-8.444215
-11.881384
-8.214467
-10.429601
-6.192648
-9.616884
-10.412955
-11.529532
-7.672226
-6.863235
-10.574338
-8.020637
-8.231683
-8.443182
-4.883034
-9.836243
-6.198648
-5.848766
-7.805165
-3.629971
-8.395114
-3.598239
-7.117487
-5.559474
-3.275974
-6.814458
-5.817219
-6.612363
-6.159380
-1.741825
-1.654764
-3.128800
-0.210034
-1.424713
0.568637
-0.261081
-1.869447
0.243161
-0.967291
1.225344
1.449156
0.176585
