2.390408
-0.359676
1.897570
3.080162
3.343158
-0.008575
3.427331
2.296533
4.159440
0.440391
4.176188
6.161168
3.976366
3.862258
5.852938
7.576772
4.458326
2.642113
4.306919
7.600979
8.733576
4.169975
9.015091
7.417923
9.797401
6.591507
7.740461
5.158871
6.380266
9.944804
6.946126
8.480096
6.524236
9.401783
7.164261
7.385313
10.029565
10.461352
9.810861
8.805066
8.241262
9.074575
9.909315
11.320727
11.980039
8.663203
7.994517
11.868715
9.038246
12.518766
7.934092
8.589534
11.958423
9.495283
7.034982
12.554180
10.610736
12.431764
7.352557
7.053138
6.581803
8.384698
8.075337
9.185664
10.071622
7.705320
7.017997
10.150762
6.372443
5.286754
9.596092
10.071891
8.689121
8.356615
8.075276
6.122564
5.768432
3.570425
6.139107
4.823984
7.451981
3.985092
5.010601
7.280654
5.710459
5.766816
4.069520
1.665010
4.657628
2.502120
0.342044
-0.227663
4.710779
0.639729
2.595378
1.189981
1.784630
1.117577
2.526980
-0.927501
1.477111
-3.457458
-1.624457
-3.375945
1.285383
-2.711890
-2.393756
-2.758151
-4.229526
-5.454703
-3.174329
-2.691143
-3.609902
-5.143020
-4.328837
-6.963096
-7.391888
-7.665422
-7.344746
-7.096103
-8.481318
-8.380361
-6.602873
-3.894124
-5.387428
-8.222557
-7.978169
-8.763586
-7.712973
-8.910107
-6.507175
-5.633939
-9.981472
-7.647524
-9.635136
-9.997097
-9.930254
-11.704758
-9.241364
-12.285678
-9.906864
-10.832515
-9.448514
-12.256924
-9.614867
-11.877947
-9.523325
-7.559506
-7.610639
-12.424305
-10.258520
-10.913651
-11.971201
-12.040920
-9.131151
-9.916312
-8.810157
-12.027558
-10.074741
-11.369549
-8.559100
-9.943432
-9.811626
-8.364670
-7.187886
-7.046612
-9.925275
-7.327689
-7.041456
-9.830192
-9.748154
-7.673384
-10.150045
-4.831437
-7.844379
-3.852055
-7.151192
-7.574948
-5.528923
-3.528722
-8.034990
-4.543999
-6.929081
-7.815596
-6.121417
-3.480556
-4.609262
-2.965060
-5.818738
-3.996542
-2.805332
-1.170205
-4.541985
-1.192341
0.909384
-1.984605
-1.572388
-0.333668
1.781006
-0.612547
