-1.122277
-0.719361
-1.672788
-0.238995
-0.774043
3.081543
0.497321
5.167699
5.096034
5.730803
2.720938
3.119952
5.185100
7.090007
7.410807
5.686155
3.432787
5.406671
2.841115
8.138923
6.294058
8.736654
7.784862
6.308053
5.457108
9.392768
10.020581
9.987880
5.939527
8.150232
9.292497
8.221211
9.023245
11.065639
9.174771
8.413015
7.529170
9.219463
9.895986
12.434816
8.543995
8.906027
7.550125
10.360227
12.310302
7.364159
10.580448
11.500596
8.913354
12.883832
12.330158
7.181282
8.470696
10.457249
9.578881
8.453700
10.005801
10.983163
7.490398
8.745082
9.379857
8.167541
6.274463
6.926844
10.364807
6.432003
10.192306
11.399456
5.815570
10.137215
9.555743
5.649164
5.353060
5.934912
5.522886
8.850091
5.398905
8.485948
3.240567
5.526325
8.547234
3.485363
7.219080
6.975090
4.785019
1.266976
6.787526
1.631268
6.254532
3.520503
3.738234
4.853407
2.587090
4.339424
0.415421
2.552590
3.247994
1.676690
2.821628
-1.758863
2.304599
-0.125904
-1.126142
1.027598
1.249156
-3.513569
-5.053536
-0.475020
-2.461904
-2.288778
-1.457367
-6.489342
-6.028753
-3.805346
-4.755584
-6.280275
-5.046359
-4.496253
-6.910480
-5.616146
-6.711279
-7.170972
-4.355693
-6.278867
-5.423477
-9.430711
-6.462618
-10.353132
-6.875723
-10.894421
-10.425773
-5.620845
-6.023726
-8.179168
-9.881442
-11.058897
-6.374318
-9.118605
-12.332773
-7.538970
-8.437571
-9.514900
-7.835646
-7.983637
-12.832430
-10.069353
-10.254856
-7.944774
-12.646401
-9.326177
-10.849466
-9.519058
-9.289756
-9.412725
-9.016831
-8.034585
-8.013286
-8.338245
-11.145501
-12.428370
-7.669241
-11.392433
-9.723388
-8.979773
-9.064981
-11.090735
-10.553881
-9.045403
-7.849722
-6.628764
-10.716643
-6.249922
-5.373754
-9.759365
-9.658329
-4.831016
-8.822749
-3.540349
-6.018054
-5.407009
-5.310865
-6.766310
-5.118450
-6.062611
-7.241429
-3.088983
-1.469478
-5.458060
-3.051218
-2.281017
-1.612208
-4.551848
0.514128
-2.398166
-0.011858
-0.811333
-3.065561
1.379380
1.955515
2.669612
