0.284136
-1.606507
-1.263500
1.866711
1.779617
0.468538
4.346960
4.082648
5.091408
2.816619
4.934884
6.487847
4.995960
4.086624
6.180189
6.239750
7.857626
4.271845
3.797995
7.728814
7.651856
7.978763
8.435050
4.228862
6.180460
7.561662
10.390991
6.835765
6.179028
10.853613
8.534587
6.699881
8.721314
7.539644
5.921899
9.849943
9.425884
6.919571
7.459735
10.434886
8.415848
11.069335
10.863399
9.997428
10.565696
11.592136
12.777062
8.606786
11.586618
9.652950
11.073083
9.086259
9.024945
12.547974
9.919467
8.491652
8.400314
11.309324
7.879746
12.494312
9.679836
10.255259
8.928333
11.603401
11.158725
11.184281
10.850116
7.000292
5.278869
9.900162
4.997916
8.087673
5.485674
7.220810
7.311971
7.461564
9.558248
5.622157
6.098632
7.873842
3.487841
3.602232
3.671844
5.456773
3.244081
3.418910
1.474997
5.120683
1.702342
1.673724
4.902046
4.879736
4.681989
-0.976965
2.518476
3.570380
-1.617926
0.333636
0.552788
-1.646923
-2.571127
-3.510796
-0.320076
-4.077823
-0.931273
0.948851
-1.421763
-3.494282
-4.731923
-0.387634
-3.987371
-6.584574
-6.896555
-5.102736
-7.151124
-5.997922
-7.085074
-3.757837
-5.776183
-4.502885
-5.066767
-8.574271
-5.000285
-9.339854
-9.384922
-7.977582
-10.022681
-8.607781
-9.782805
-7.117582
-9.754879
-6.065131
-6.906546
-11.257989
-9.442624
-7.711318
-6.436840
-7.408349
-6.707186
-6.527953
-8.599296
-8.307714
-11.574338
-7.262974
-12.464933
-11.338290
-11.605537
-7.505003
-10.975971
-10.998441
-12.536489
-8.466164
-10.544519
-8.474983
-11.681162
-8.935239
-6.978978
-8.745807
-7.423426
-7.845687
-7.038105
-12.050491
-10.401844
-10.002682
-6.760362
-7.176918
-7.539239
-8.267730
-10.907597
-9.079841
-7.044234
-6.199459
-7.402039
-7.067750
-4.389304
-9.151189
-7.830367
-5.779639
-5.634770
-3.541579
-4.982876
-6.207735
-3.578593
-6.967439
-5.204642
-2.856918
-3.037971
-2.824173
-4.394763
-5.502224
-4.580333
0.405991
-1.767457
-3.347619
-4.163918
-4.078922
-3.702004
0.738410
1.145858
0.580667
