1.165714
2.543815
-1.076525
2.538231
0.233793
-0.659639
0.312502
2.748134
0.231053
3.336607
3.949617
1.280073
5.972201
3.883173
3.631806
5.823618
5.938880
6.131286
6.935757
8.140293
9.062625
8.130797
5.046722
7.160015
5.612413
9.188597
9.258716
8.679234
9.233790
10.467185
9.145156
5.810535
5.711007
9.069463
9.927887
10.985182
7.323775
8.714870
7.131089
8.248571
10.042431
9.359321
8.278718
10.586550
12.215119
8.810972
9.220859
9.368627
10.983703
12.660157
9.776873
11.109620
10.542975
10.081651
9.984622
12.372597
9.567912
10.656536
7.718635
8.466367
8.402695
8.334892
9.939815
9.987569
6.620284
7.806332
10.127536
10.833572
6.102810
6.052088
8.483365
9.788673
7.199838
4.578318
6.163857
4.566369
4.975389
7.221064
6.811028
5.849138
6.570430
5.660305
7.512109
6.950189
5.097640
2.710355
6.218766
4.356236
2.216104
4.303146
4.807441
1.168173
0.710285
2.963268
2.258027
1.970447
2.607582
-0.683285
2.302805
1.943229
0.739389
-2.574301
-2.172651
0.733459
-4.292978
-0.235804
0.651252
-0.373023
-1.808910
-3.306714
-2.168837
-4.846432
-1.046794
-4.712744
-5.098520
-6.154911
-4.050312
-5.213335
-3.830607
-6.788071
-5.404787
-5.428722
-3.867072
-7.677514
-7.252276
-6.887874
-7.729567
-10.442492
-6.300992
-10.985155
-5.976917
-5.979499
-10.551318
-10.411315
-7.230586
-11.653695
-11.377638
-8.214875
-6.473165
-10.789589
-11.614017
-7.729766
-8.619503
-9.286515
-9.216297
-9.657149
-9.714498
-11.485573
-7.147718
-11.853405
-7.071685
-8.569785
-7.731330
-9.110969
-9.299811
-11.496766
-7.023614
-10.995762
-8.251186
-8.366280
-7.463605
-7.928635
-9.224467
-10.194796
-8.959843
-7.025143
-10.712989
-8.413913
-11.191220
-5.930326
-8.853941
-9.980950
-7.308597
-8.171196
-4.118986
-5.290186
-4.797436
-5.853018
-6.432849
-5.891720
-2.962010
-6.411195
-7.609525
-4.728561
-1.608646
-3.960019
-2.538961
-2.654340
-4.905438
-5.053570
-0.554340
-1.708869
0.011854
-4.848015
1.271959
-1.217872
-2.651401
-2.514732
-2.883555
-1.050372
