2.408327
0.537459
-1.154641
-1.675757
2.942901
1.958739
2.271564
4.528852
3.151885
1.709935
2.961666
3.669646
5.597335
4.059361
6.444360
4.558399
4.718102
6.858169
3.239633
3.976606
4.872820
3.842776
6.263407
6.426647
6.590716
4.637516
8.512399
8.817054
6.239233
6.414373
10.038797
7.456025
9.409158
9.608846
10.094057
6.346906
10.791098
11.620110
12.086542
11.153594
11.879575
8.664223
10.630087
8.099481
7.641195
8.719743
8.194961
9.600673
12.216327
9.892417
8.549905
12.725706
10.064435
12.816875
10.807895
8.156651
8.078216
6.691519
9.835807
9.125914
8.627932
10.646344
10.778035
9.362521
8.147138
6.897552
6.887352
9.471658
8.292084
5.709504
5.611044
9.348208
10.143874
5.374863
5.897135
7.510410
5.286335
6.199146
4.957690
6.114118
7.147998
2.517976
6.296864
2.185648
2.807091
2.320394
4.793464
4.469188
1.666487
4.978146
1.108549
2.237844
2.801523
1.370555
2.620335
3.417207
2.173148
1.408184
-1.890539
2.914190
0.060238
-0.505716
1.187213
-2.761531
-2.289893
-0.271485
-3.559207
0.488326
-1.870561
-2.865538
-4.118028
-4.970399
-6.606288
-4.308791
-2.591546
-2.020064
-4.592699
-7.712840
-3.744958
-7.327382
-3.968857
-6.100454
-5.098250
-8.989498
-8.715727
-6.631034
-7.060747
-4.983720
-7.004465
-8.815943
-9.441747
-10.451614
-10.768777
-6.864097
-9.418825
-10.639882
-11.595969
-7.767556
-8.069058
-11.914589
-7.219469
-6.702865
-9.573331
-9.606299
-9.704516
-8.727796
-7.267040
-9.376834
-9.374467
-8.175553
-11.548903
-9.824935
-8.964212
-7.596642
-10.051050
-8.048690
-6.944225
-9.844882
-12.153026
-8.890465
-8.378175
-6.943797
-10.087731
-11.205468
-7.425745
-8.174993
-7.239154
-10.758831
-10.457319
-9.555163
-7.802282
-9.418387
-8.383424
-7.593531
-6.819131
-8.705033
-6.512057
-8.287496
-7.879904
-4.464616
-4.525401
-4.033636
-6.901462
-4.357706
-6.585052
-6.911673
-5.992302
-5.528444
-4.735912
-2.848731
-5.667157
0.130143
-1.015189
-1.705747
0.818856
-3.146101
-1.298741
0.387108
2.175539
2.547293
