-2.677084
0.755883
-0.421478
2.553406
3.564498
0.159055
4.104466
5.102380
4.951098
3.402997
5.457940
4.311877
4.307042
6.602770
2.534009
1.870142
3.336337
7.900927
3.535366
7.909880
5.201928
8.675788
5.774685
5.049134
6.923484
5.914289
4.714600
10.655516
10.551106
10.596184
6.104597
10.812122
8.616890
7.594571
6.726275
11.949156
9.335128
9.613385
10.239184
10.537859
9.688579
10.454397
10.671735
12.243045
7.249007
12.293528
7.851587
8.857052
10.710746
10.617062
10.686538
8.846246
8.682917
8.973404
11.916647
12.737089
9.151045
7.646540
10.289405
11.279859
10.244908
11.223591
12.085530
8.837577
7.300241
8.142152
9.792521
8.704035
7.367101
7.643602
10.733866
8.568203
4.513242
9.387466
7.104413
5.599784
3.969102
7.477102
3.249291
5.651916
6.208925
3.657585
6.781675
5.653766
2.361561
3.020637
3.291531
4.817700
1.635147
0.571335
5.409566
1.410398
3.414420
2.205965
-1.115042
3.193394
-0.743908
2.655481
-0.723887
-0.408486
2.147301
0.137803
-2.961256
-3.673650
1.349839
-3.446511
-4.526394
-5.486230
-3.476311
-3.089375
-1.416391
-2.950672
-2.643801
-6.090965
-1.808118
-7.771554
-7.170338
-3.706417
-7.958304
-3.967687
-3.990524
-7.009995
-5.019490
-3.987773
-6.145221
-10.147056
-9.163048
-10.215237
-6.492425
-6.958885
-8.505862
-7.922762
-10.532208
-6.723682
-10.732891
-8.235738
-8.959895
-8.383734
-10.246758
-7.736648
-11.259725
-10.198742
-12.600835
-10.262439
-12.302550
-7.724525
-9.057118
-8.036850
-10.128192
-12.155561
-12.882761
-8.929684
-8.667171
-9.354650
-9.338719
-8.315226
-9.363321
-10.772035
-10.824912
-11.236350
-8.831030
-7.441119
-8.799605
-7.594378
-11.186869
-11.341900
-8.630891
-11.427112
-7.970243
-6.362684
-9.903462
-10.272948
-7.981137
-9.753069
-7.662525
-7.237200
-3.680361
-6.322207
-6.596936
-7.169915
-6.913750
-4.173665
-4.204536
-2.593128
-1.542425
-1.883631
-3.767854
-3.733615
-5.501742
-4.043048
-3.485335
-0.590837
0.732989
-2.221430
-1.873692
-2.944092
-3.533063
2.312937
0.319232
2.414806
