2.300190
-0.603293
-1.625475
4.217849
1.469228
4.026674
3.104419
1.357351
2.273264
2.402911
1.741076
3.942255
3.738817
5.116956
5.538479
6.038351
4.162676
7.606614
7.066218
3.875627
8.006840
4.471539
6.903172
7.609204
8.354791
7.818839
9.210293
6.318477
9.570643
6.359472
8.907341
8.411148
10.923982
8.760997
6.279532
7.389945
10.593247
11.938628
7.588523
10.410451
8.630996
12.217843
12.542609
7.779299
9.753198
11.865167
9.034914
7.923253
10.849803
10.791220
10.158056
8.696148
12.305220
7.713225
9.878831
8.401411
10.603048
12.448928
7.718087
11.524355
8.966519
8.016934
10.337437
8.385569
10.770607
6.422221
10.292945
9.505881
10.471009
5.166615
5.232419
7.288673
8.091071
4.974955
6.113895
8.559845
9.550528
8.677096
6.904903
8.250834
2.736538
3.560899
3.857578
5.745145
3.055702
2.940136
3.189525
2.361467
6.314513
3.489667
3.559224
3.369799
1.758280
2.417005
2.305621
1.929188
-1.360947
0.500228
0.836113
2.255411
0.008636
-2.317499
-0.299409
-2.171744
-0.001526
-2.499827
0.597528
-1.397875
-4.691216
-5.447731
-1.937915
-1.341162
-3.172592
-5.874585
-1.814272
-5.314169
-7.266220
-8.250771
-6.887250
-5.995705
-6.372129
-6.465336
-8.978709
-6.463244
-5.757772
-4.696175
-7.726015
-5.363622
-8.916571
-7.363369
-9.829095
-10.519483
-10.985252
-7.027923
-10.000873
-11.190442
-8.036516
-11.002032
-10.789298
-11.436644
-8.211687
-7.969814
-7.440943
-7.550446
-9.430443
-10.673933
-9.949485
-7.259860
-7.374429
-9.442701
-8.302328
-12.759707
-8.967139
-7.362041
-12.224947
-10.579084
-10.228149
-8.499390
-10.859199
-10.842887
-12.251405
-7.622186
-9.713899
-9.952330
-8.295288
-6.394749
-6.740875
-6.079439
-8.668621
-9.691963
-7.324339
-5.608507
-5.797378
-5.959752
-4.596379
-6.742614
-6.646335
-4.205843
-3.475400
-6.177039
-8.364096
-6.885596
-7.964253
-4.662315
-6.821895
-2.133911
-1.955602
-0.955588
-1.896808
-2.022050
-4.625452
0.347593
-3.982032
0.984920
0.197059
-0.293954
0.202422
-2.417531
0.538556
-1.201070
