0.531793
1.736557
0.527329
-0.693021
0.990089
0.732003
0.389370
0.050202
1.732869
5.070821
2.777283
5.353852
6.724778
6.813807
3.113152
4.887645
2.553327
5.287316
5.175428
7.250859
7.215885
9.088511
5.587187
8.425566
7.478394
4.392874
10.066035
7.852001
10.434689
9.219546
10.129035
8.970839
6.387953
6.059127
10.266624
9.242277
10.174042
9.924876
6.549560
7.332252
7.553345
6.687368
8.450878
8.199507
11.523897
10.311303
9.315371
11.249628
11.511309
7.600800
7.531573
10.560547
9.949305
8.158897
12.698705
12.469378
12.116170
11.406510
11.874190
9.256844
10.594828
9.589289
11.958664
11.050135
11.083759
9.885533
9.538952
10.878648
5.650406
10.617730
9.027066
6.027378
7.487607
4.751916
7.860430
9.768213
4.741007
8.309656
5.966028
7.466089
2.949819
3.691420
5.437008
6.404218
5.448989
1.926661
4.435527
0.803787
3.968427
5.859524
5.774022
2.630950
-0.028477
4.320339
3.486124
2.264004
2.623953
3.439083
0.113758
-2.474632
1.896228
-1.027278
-1.478999
0.297772
-0.227939
-0.157109
-1.864749
-4.441262
-0.343450
-5.168618
-2.634174
-5.159358
-4.760781
-4.257358
-4.971401
-4.441070
-7.631123
-5.066565
-4.451894
-3.573233
-5.320537
-7.491483
-8.107625
-6.548065
-4.286954
-5.394282
-6.394073
-8.795297
-7.708048
-6.626791
-7.324571
-6.353161
-9.956726
-7.171620
-9.018576
-9.227794
-11.512609
-9.865610
-11.324440
-8.311369
-7.713920
-11.991391
-8.764134
-11.455965
-8.570245
-9.274769
-12.468107
-8.577684
-11.435183
-12.488159
-9.090408
-9.503591
-9.095393
-7.277818
-8.569036
-11.790579
-11.550453
-10.929065
-8.705025
-9.491766
-9.121794
-11.781226
-12.085728
-10.259395
-9.969000
-6.976681
-9.659774
-10.628341
-10.956178
-7.531927
-7.718624
-9.587606
-9.626946
-4.629009
-8.398292
-4.541829
-7.638166
-8.652182
-4.893302
-6.539687
-7.484065
-2.680214
-7.276306
-6.239062
-1.660275
-5.993341
-6.385237
-6.567046
-5.418837
-2.103643
-4.424053
-4.430397
-4.066963
-4.052311
-1.099622
1.557012
-1.325696
-1.830132
0.154919
-1.608841
