2.176767
0.982932
0.568336
2.030344
2.942371
3.863194
0.828987
3.371069
5.577235
1.445086
5.983212
2.643742
3.282140
3.142706
6.792254
3.004273
6.997917
3.645966
7.151943
3.546157
7.280357
4.937751
5.027972
8.056692
8.286281
8.645838
8.108716
9.998294
10.799589
6.768679
11.188122
6.961480
9.049463
6.793569
7.437905
11.337498
7.118065
8.207829
9.922072
9.746085
12.490511
7.472184
7.522637
10.275195
11.661634
7.564629
12.736190
7.778202
7.662095
10.956114
9.179266
11.930176
9.162722
9.723618
11.158997
9.256249
6.766561
9.292514
9.930845
8.900982
10.559615
6.860710
10.304117
8.714455
7.586378
6.117533
8.516158
11.397145
7.636246
10.430434
7.778122
7.718448
5.228450
5.315169
9.083793
6.473228
9.529131
5.183301
8.651033
7.860127
7.333387
7.438148
5.633200
3.652423
5.832202
5.911690
6.747846
4.028423
1.798049
3.740898
2.496395
2.980274
4.904201
2.371768
0.041687
-1.437138
3.795799
-1.220083
2.332237
1.287055
-2.855339
-3.375297
-2.910363
1.100101
-2.316041
0.538202
-3.672403
-2.736520
-2.745199
-0.565770
-6.308488
-6.488927
-1.065710
-3.998296
-5.203831
-4.630342
-4.405381
-4.710266
-8.466174
-3.636641
-4.564097
-5.560574
-6.809090
-4.767815
-8.244340
-8.397470
-9.597415
-8.871257
-10.201001
-10.806938
-5.979482
-10.420340
-9.815340
-6.021849
-9.286392
-10.067055
-9.399171
-8.378961
-10.514705
-9.616668
-6.641087
-7.500765
-10.436641
-8.449085
-10.489259
-11.776781
-12.557246
-7.395591
-9.672221
-8.574008
-9.674125
-8.233182
-11.608364
-8.074743
-7.698486
-6.872355
-8.331707
-10.677965
-12.584782
-9.511759
-12.203521
-6.898350
-10.107126
-7.852832
-10.625116
-7.170095
-10.152198
-6.157901
-5.802374
-5.527959
-5.924414
-6.120671
-6.947064
-6.788583
-6.003332
-6.858872
-4.866691
-4.635244
-6.340266
-6.714695
-6.712920
-3.192528
-7.355501
-3.712211
-5.610899
-5.207913
-6.945854
-6.672841
-4.485583
-2.398484
-1.035637
-2.236567
-2.668385
-3.757803
-3.010690
0.054952
-1.478819
-1.647260
-2.760872
2.979282
