-1.304141
1.465439
-0.703184
-1.079955
-0.925578
2.275566
4.351718
0.245694
4.166725
1.222391
1.408495
1.676122
5.772096
4.035005
6.747973
3.631456
3.684659
3.702933
8.262587
7.989882
6.545209
3.585656
6.720630
9.730923
8.114257
9.392966
5.499811
6.976056
5.376400
10.700176
11.130918
9.863953
8.895953
10.392579
10.217915
7.867069
7.827448
7.354527
10.438670
7.480724
8.327660
9.338952
10.315904
7.424339
11.314072
7.698635
11.633760
11.965717
12.842881
8.641750
12.959206
12.824057
11.359516
10.954480
11.370957
10.700257
12.487263
7.599960
7.549773
11.886762
7.758712
11.448443
11.419473
6.259821
8.139559
5.985724
7.024634
8.041459
11.195112
6.154033
9.461802
7.912905
8.127277
5.245900
8.612620
9.183050
8.688337
5.186061
5.096353
3.808202
3.150567
3.025014
7.081658
5.762297
5.874846
5.097724
3.744135
1.874956
0.962327
2.036007
1.328819
0.717710
1.782418
3.575672
0.779461
-0.615353
2.240397
2.622820
3.220214
1.867435
-0.012246
-3.576400
-3.266119
-4.008032
-4.153575
-3.867440
-1.186073
-0.448873
-1.520715
-2.483136
-0.695516
-2.170154
-5.242720
-4.297795
-5.667611
-7.008268
-2.363747
-3.796054
-8.241413
-6.209690
-4.365999
-3.903120
-4.498276
-8.954123
-5.718113
-9.043759
-4.646963
-5.333677
-10.696134
-6.379548
-7.486901
-8.092414
-6.255228
-8.556312
-7.793510
-6.326475
-7.788006
-10.273397
-10.545608
-11.274916
-9.134905
-7.835731
-8.983004
-10.256988
-10.723516
-7.421611
-12.034858
-11.033769
-11.784781
-7.935303
-10.203279
-7.222668
-12.875991
-12.144109
-7.393799
-11.667323
-10.131467
-10.719588
-8.059487
-11.352966
-8.096418
-10.989653
-8.393589
-8.740993
-11.262359
-7.875587
-6.025285
-8.375686
-8.515799
-10.099345
-6.774011
-8.406663
-7.078390
-8.957832
-6.883612
-8.742880
-7.545754
-3.474647
-6.662410
-4.780321
-7.892008
-5.324749
-3.562081
-6.171259
-6.419626
-1.594834
-2.061657
-4.655823
-1.141675
-1.663244
-4.943595
-4.185747
-3.565703
1.056380
1.072284
-1.141095
1.328756
-2.328770
2.219106
2.405845
