2.102499
0.754083
-0.460613
-0.205442
0.879654
2.568282
-0.357036
4.581986
1.045477
0.595911
6.323178
6.111798
3.370387
2.047153
6.791447
5.993490
2.186430
6.064739
2.822808
3.376766
8.524018
6.146607
3.629784
7.099972
4.077794
5.345259
6.005263
6.242275
8.449029
8.520076
7.523304
9.403907
10.656247
10.379007
8.272444
11.973379
9.959094
9.214384
10.868266
7.276504
10.144857
9.288571
8.074696
8.610954
10.318000
11.645693
9.795113
10.240132
8.554802
8.347612
8.636608
9.710352
7.281875
8.699681
7.278442
7.720469
9.230584
9.980857
12.576411
10.457898
8.280039
11.731557
10.688217
7.996475
10.825097
5.914401
6.622968
9.771701
10.703285
10.240654
10.234055
9.689493
5.624041
8.139796
6.823535
6.318069
5.729323
8.587548
4.628545
4.719497
5.903449
3.952200
7.457338
5.528360
3.277002
3.908881
3.959092
2.474145
5.840388
5.467909
2.416457
0.501878
2.379171
4.579291
2.880713
-0.477267
0.209721
-1.437614
3.078701
1.414600
-1.302331
-0.447473
-1.870778
1.205121
-2.840873
0.234674
0.543027
-4.515902
0.127191
-2.107276
-3.705611
-1.381777
-6.202460
-3.625288
-2.883706
-5.992821
-4.919974
-6.229793
-3.663602
-7.974837
-8.896609
-6.407959
-5.495358
-6.486946
-7.155996
-7.460669
-7.789433
-8.166995
-5.669648
-6.192413
-7.131775
-9.869711
-10.668476
-11.747111
-11.598459
-6.357163
-8.454651
-7.049746
-6.979993
-8.313939
-12.530925
-7.506441
-7.568510
-7.122932
-9.200088
-8.424892
-10.768102
-8.931892
-10.877620
-12.966960
-10.278186
-7.989705
-9.936721
-7.814664
-10.528916
-11.601758
-8.310667
-7.272969
-11.692853
-8.639398
-8.413818
-11.702712
-7.445840
-8.689589
-11.043471
-6.930189
-11.079524
-9.246380
-5.904704
-6.788475
-7.318800
-5.164634
-7.609568
-6.481780
-8.951685
-7.658402
-8.328568
-7.796574
-8.620005
-4.212348
-7.541161
-4.977949
-6.789738
-5.405333
-2.227198
-6.243097
-5.789611
-0.977667
-1.913317
-0.224136
-3.668467
-5.193901
-3.978604
-0.641230
-3.893201
-3.583314
-0.691675
-1.968203
-1.565042
1.741423
