0.535662
0.163612
2.307199
0.109991
4.514223
2.014074
1.956631
2.794195
3.606163
1.040921
6.010199
4.330790
4.921118
3.395698
3.814808
4.001436
3.435528
7.812693
4.866712
7.278659
4.952425
6.325405
3.675420
5.955044
7.089957
8.916112
5.510703
7.652767
7.267620
10.284691
10.365683
9.394540
10.377001
6.021692
9.945067
11.548676
9.983124
11.984753
12.195059
11.085029
11.665181
11.311278
11.798272
7.501968
8.184741
9.518284
9.920679
9.046997
7.797054
7.342220
12.617005
10.751430
8.657628
11.114221
7.629815
9.819786
6.962630
12.666837
10.415425
12.396660
9.591184
9.453216
8.639792
11.316847
10.841556
10.937535
7.621570
11.356169
10.250837
7.643423
9.343694
5.868353
7.946483
9.353100
7.718093
6.286140
4.244582
4.696247
5.492280
3.690566
5.631140
5.503469
4.886011
3.252249
4.661178
5.572312
1.132047
4.287078
6.331887
1.242505
2.428054
5.460566
1.020923
-0.248865
-0.387922
3.173219
3.059508
0.538114
1.682114
1.833273
-1.530980
0.275962
-3.346810
-0.738950
-0.537387
-2.888656
-4.169882
-0.858282
-3.189913
-4.253105
-1.838471
-5.703581
-1.476894
-4.898764
-5.172102
-1.818403
-7.841064
-7.403536
-3.557420
-4.817942
-3.747279
-8.864038
-9.384615
-5.316965
-4.402226
-9.472187
-6.164514
-8.497479
-6.675550
-9.156617
-10.197138
-6.219993
-6.532064
-9.955059
-8.099054
-9.156164
-9.187187
-6.335876
-6.504736
-12.428269
-9.014917
-11.972685
-7.238051
-11.187559
-11.302939
-12.834529
-10.342874
-9.505890
-8.592367
-12.413843
-9.876342
-9.379812
-9.222289
-10.740662
-8.260613
-6.994675
-12.484964
-10.337605
-10.840836
-9.947582
-7.087433
-7.296858
-11.103486
-9.134014
-7.742759
-6.943688
-7.026767
-8.254540
-10.457095
-10.212299
-10.157506
-8.056798
-7.812546
-7.112500
-7.620771
-7.829845
-4.922908
-6.867179
-8.797393
-6.228443
-2.952735
-5.884585
-4.164147
-2.877587
-3.608801
-4.771281
-3.317993
-2.116487
-4.508438
-4.224956
-2.653622
-4.954858
0.606315
-2.283339
-4.529532
-1.433888
-0.550659
-2.975665
1.905630
-0.727635
