1.373949
-2.279837
3.450889
3.585749
2.271990
0.296714
2.082160
4.657866
3.925301
2.182117
3.314394
1.469795
6.824309
3.977385
5.776387
2.134171
3.563013
3.582623
7.520560
5.276847
5.681031
4.748735
9.497460
7.211686
5.009297
6.344066
10.074801
8.008757
10.116991
7.336670
10.137294
5.929358
6.191244
6.245468
8.767973
9.572874
7.464341
11.238965
6.499451
8.828128
11.945506
11.558255
10.325229
7.151762
12.586065
12.375607
8.702823
10.658170
9.711128
10.364701
12.895440
12.927155
10.047156
7.172734
11.473178
11.181990
10.713418
10.432173
10.946224
12.114744
12.012184
9.789955
9.425801
11.919564
10.189265
9.172637
5.802108
10.226125
10.166971
7.881236
5.570006
6.864610
7.704954
8.871661
7.994872
9.031231
4.722721
6.441896
7.250547
4.611896
6.820917
6.714188
4.172833
7.572502
2.897635
2.102178
5.679667
1.859053
2.304019
2.342770
2.910438
-0.031207
3.650146
2.310090
1.982059
3.130314
0.419487
3.060576
3.229843
0.222821
-0.330498
0.138446
-1.543481
-1.772555
-0.407038
-3.112427
-4.310469
-1.223387
-3.489984
-0.381618
-4.380385
-3.297224
-2.688479
-3.765172
-6.127661
-5.314176
-2.907664
-3.711108
-5.318707
-5.633008
-8.463077
-8.241728
-3.650077
-7.412809
-5.438411
-9.467585
-6.498787
-9.467338
-4.938714
-9.869376
-7.853159
-8.933639
-9.149802
-10.515666
-11.436193
-10.539445
-7.870454
-9.188433
-12.058367
-6.910907
-10.012605
-11.951262
-8.926322
-8.254580
-8.663954
-12.178868
-9.968531
-8.532572
-11.728092
-9.581274
-11.618359
-8.379321
-8.183101
-10.360264
-11.106132
-8.745992
-9.836245
-6.819367
-11.410602
-9.844978
-8.434110
-11.391872
-9.810987
-8.082512
-5.923243
-11.073486
-8.788024
-10.226575
-10.599520
-5.893005
-7.708162
-9.997676
-8.647806
-5.057747
-7.213078
-3.899360
-4.499607
-4.966843
-7.632203
-8.381193
-4.239720
-3.019543
-2.696841
-5.993562
-2.358372
-2.587584
-4.768354
-3.263562
-1.503017
-0.186171
-2.268186
-0.566430
0.027356
0.598581
0.267098
-2.810875
1.637305
-0.568069
0.562950
2.705254
