-2.202495
2.951756
2.171594
2.903129
-0.714926
4.420330
3.470310
2.102487
4.681248
0.355038
4.722719
1.940046
4.082082
4.249033
6.215518
5.193080
2.890049
3.049488
4.339778
6.933051
3.787298
6.709652
6.715641
5.327529
6.809201
6.616229
6.864191
5.915739
10.033529
9.449954
11.138752
5.493902
5.653221
5.912912
11.073309
11.921284
8.093517
12.098497
11.855468
11.867416
9.245901
11.502586
11.388137
10.808418
10.345907
7.857252
12.057223
8.030972
8.660875
9.675390
10.495144
8.936842
9.830460
8.571339
12.779168
12.525603
8.070772
6.872583
7.994657
10.533259
11.497573
10.767236
6.386952
10.321365
7.965604
9.051562
6.200187
8.805131
6.341416
8.765488
9.811080
9.817855
5.517995
6.794106
4.528582
8.761619
8.616736
4.546922
5.181735
7.750088
2.811135
5.748565
8.020142
5.135006
6.000934
3.389275
5.367273
4.901245
2.307460
5.739778
2.240158
-0.145067
-0.446373
4.379731
0.105779
3.758268
-1.075684
-1.727368
0.215064
-2.732473
-0.912838
-1.401261
-1.764666
-4.005852
0.658559
-3.342159
-4.473633
-5.218603
-0.249747
-3.514293
-2.442412
-2.245772
-3.083567
-2.205382
-2.143219
-1.974466
-3.164749
-2.358430
-3.487493
-5.769522
-3.641372
-4.304158
-5.471977
-6.739912
-5.618593
-6.739009
-10.203147
-5.079327
-6.112243
-7.139433
-7.842595
-6.036981
-6.671272
-6.448941
-10.677023
-7.774064
-10.101726
-8.214042
-8.099239
-9.883699
-9.832496
-9.228529
-12.296749
-10.066556
-10.667297
-8.808250
-10.705405
-10.512908
-8.053721
-12.332713
-7.170465
-8.837085
-12.438185
-7.774825
-8.653609
-10.975372
-7.688177
-11.698334
-9.801915
-11.552485
-12.287929
-11.804638
-10.997135
-7.233984
-9.749129
-11.269615
-7.580068
-10.779084
-6.022088
-9.367031
-9.235069
-5.997625
-8.373121
-9.011533
-5.802872
-6.007111
-8.815069
-5.389804
-3.226748
-5.738241
-7.044124
-2.841628
-4.703056
-6.000211
-5.109347
-2.014578
-5.943449
-2.081310
-5.231738
-0.350245
-1.881226
-3.728506
0.008580
-4.131074
1.424672
0.332509
-1.075971
1.956470
-2.729277
-0.332777
