-0.372726
0.378408
1.537632
2.063012
-0.418070
3.276890
-0.584750
3.235778
5.412897
0.888073
3.790009
3.729780
3.452797
5.011881
2.258661
3.467021
3.185304
5.059117
7.414480
7.501376
6.964454
5.534938
6.929064
4.177241
8.299284
6.274431
4.718337
5.048228
8.243982
7.728379
5.467483
5.697610
11.382373
8.098472
6.814998
11.125527
9.974699
7.146369
12.396060
7.700460
11.918228
9.753686
10.724495
9.445812
8.772263
12.685572
7.893183
11.375365
10.983874
11.588831
12.107102
10.582633
12.101435
8.886902
8.013951
8.932489
7.894737
12.450756
9.084787
6.856890
8.543184
11.018735
9.561563
8.493146
8.712448
6.196352
9.472971
6.578181
6.791035
8.296392
5.772956
9.735592
5.970526
10.127367
9.152517
7.781193
5.173214
8.280836
4.162092
5.389904
6.383657
6.200583
3.711101
7.059785
7.369842
2.364515
2.984675
2.830115
3.919696
5.264480
3.249854
2.808937
-0.630338
4.283765
1.214176
-0.168716
0.984431
0.728161
1.044988
2.683032
-0.450356
-3.285470
-3.406584
-4.072152
-3.486563
0.331063
-1.239263
-2.844487
-2.093388
-0.420542
-4.770446
-2.800176
-3.339914
-6.923317
-4.830439
-6.496573
-4.481756
-7.081741
-5.611967
-3.092248
-5.019795
-8.524929
-5.869558
-4.177767
-4.775876
-5.980365
-7.978815
-8.705097
-5.080382
-7.378915
-9.285038
-11.051408
-6.207830
-5.975428
-6.297511
-6.103485
-8.338980
-10.886008
-8.110012
-9.676073
-12.192507
-11.333471
-11.655190
-10.207840
-10.182421
-7.989289
-11.506772
-10.811740
-7.780673
-12.825892
-10.748578
-11.390789
-9.222830
-9.516512
-10.850649
-10.619340
-11.768636
-11.513072
-12.312636
-9.163089
-6.870235
-10.060432
-11.097843
-7.125519
-10.382607
-7.083447
-9.551848
-9.529533
-7.470673
-9.148897
-8.302740
-10.651719
-5.293670
-8.071753
-5.302498
-6.070239
-7.972042
-8.513434
-6.908301
-6.089606
-6.025626
-4.794265
-6.008656
-3.138434
-3.429416
-2.425560
-5.652767
-2.532943
-3.236745
-4.334205
-3.769046
-4.644165
-4.325480
-0.910518
0.851879
-1.588270
-2.452776
-1.308451
1.931476
-0.625566
