2.254803
1.238681
0.274499
2.991964
0.917873
3.092665
-0.078141
1.989216
0.403491
2.411980
5.941005
2.827953
3.115941
4.009356
2.261344
3.821128
3.833136
3.991729
7.943667
6.753729
8.973890
5.845293
7.255375
5.950604
4.666722
6.661311
4.972500
6.040013
8.956833
7.550141
6.628500
8.571393
10.654885
6.450652
8.815686
10.547859
9.647840
6.534089
10.653190
7.354029
9.492554
7.823551
11.459363
12.200389
10.563919
6.986020
7.606570
7.752712
7.590408
8.051138
10.559153
12.115672
12.241509
11.783356
11.659805
7.421390
12.576357
6.734998
7.146140
9.547661
6.857296
8.147481
11.820837
9.539557
11.667688
8.352012
6.254867
7.749931
7.888949
5.666940
7.118736
9.717465
9.425208
7.509135
5.841096
4.200156
6.827978
5.824206
5.925789
4.466594
3.151318
3.291612
5.593677
6.929962
2.498092
4.335873
3.532962
6.149504
2.409277
5.838438
4.228262
0.344630
-0.777628
2.968310
-0.147131
2.533031
3.869636
-0.649430
1.065458
2.881682
-0.277169
-0.024242
1.487810
-1.592827
1.294434
-0.874791
-3.470461
-4.721800
-3.627956
-0.316208
-1.067025
-4.474022
-3.641376
-7.010449
-1.992186
-2.517548
-3.363979
-8.098812
-6.643229
-3.654557
-5.034505
-8.764182
-7.245532
-7.637131
-9.630843
-5.947605
-7.015660
-8.824534
-9.586296
-9.972544
-5.378335
-7.239707
-7.885178
-10.795941
-10.110183
-11.808315
-10.229990
-9.256202
-6.627921
-11.961385
-7.394296
-7.520556
-11.978150
-12.642283
-10.275864
-11.161811
-9.592421
-8.460944
-7.962525
-11.896432
-8.442695
-7.795504
-10.997252
-12.769029
-12.585683
-7.684443
-9.472735
-8.626310
-10.639541
-11.346617
-11.462097
-10.505751
-9.489453
-8.043227
-6.812809
-6.851240
-10.800307
-5.900665
-8.562188
-9.127003
-9.039989
-7.461473
-4.978781
-6.599731
-9.674882
-9.522081
-5.586911
-8.885871
-7.346519
-7.073697
-6.600649
-2.653797
-5.337544
-1.849400
-2.655243
-4.121540
-3.885538
-2.756557
-3.961968
-3.817151
-1.784189
-1.414075
-4.562986
-0.711736
-4.213192
-0.208247
-0.392070
-3.232656
1.361844
2.935546
