0.601109
1.732241
3.382477
0.459268
2.568959
1.190118
0.353505
2.337734
4.295229
1.034243
5.163682
2.821751
5.684352
5.678156
1.678538
7.094693
4.282442
6.525350
8.355058
7.925789
7.877992
4.693075
7.919110
8.119252
7.242414
7.013881
9.211058
7.401656
5.640584
5.727459
11.238936
6.123738
11.195273
8.549739
10.760930
6.737329
8.961212
7.086846
7.782345
10.051316
7.456976
12.209393
10.054751
9.810321
9.288749
12.552856
9.254873
11.091707
7.805790
7.716134
8.087886
8.460089
10.377350
10.227174
10.737384
10.431608
8.029132
6.750461
12.592211
7.020446
6.527120
7.903167
6.445197
9.214332
10.006324
7.663076
9.075721
8.194988
9.702183
6.623305
10.470212
6.244885
9.215847
5.496122
4.677527
3.870088
9.066826
4.272370
7.550222
6.478552
2.640640
3.625327
3.400948
5.469036
3.325170
2.775933
4.409590
1.895067
4.259962
5.938745
4.140047
4.891548
-0.427080
3.592774
1.573534
3.017492
1.443327
-1.871227
0.503526
1.111644
0.559742
-2.993692
1.698725
-1.120791
0.893583
-0.423149
-4.457819
-3.262168
0.090689
-5.365222
-4.245708
-3.386575
-2.807145
-3.539953
-5.532934
-7.056523
-7.194520
-3.124343
-6.385979
-2.903193
-7.522493
-7.341445
-4.434709
-8.565755
-6.206252
-5.027513
-7.310336
-6.000867
-7.009314
-10.118467
-9.999548
-6.098312
-7.437881
-9.328614
-10.609113
-7.689687
-9.638125
-7.602342
-8.482440
-7.532847
-7.349474
-10.010859
-8.173415
-11.177595
-8.700818
-11.243077
-10.507401
-10.000667
-10.567265
-11.038847
-12.812106
-7.288335
-8.585640
-11.495705
-7.552848
-12.443324
-9.525656
-9.999579
-9.712882
-11.618731
-9.173816
-6.751055
-11.933207
-7.854007
-11.672129
-9.188097
-6.058216
-9.725864
-7.220582
-9.762136
-9.924977
-10.269269
-9.802470
-7.551859
-4.222821
-3.920984
-8.400205
-5.821811
-6.319343
-6.336037
-7.353406
-8.347095
-5.949394
-6.769298
-5.954741
-4.561775
-3.903752
-2.628864
-4.482079
-5.897251
-5.789720
-1.122668
-1.384909
-1.263413
-2.037921
-1.996191
1.655449
-0.112358
-1.285849
2.135669
