-0.489931
-1.545136
1.776877
0.284940
1.850544
0.364691
2.562845
-0.264866
1.384950
5.523647
5.205879
3.123211
6.052192
2.717421
5.736457
2.196328
2.407804
3.258401
7.061758
7.949251
3.888208
7.875532
4.520202
9.730554
6.466479
8.514413
8.222729
10.697049
6.285423
5.468227
7.150181
5.699241
8.086204
5.972418
8.647405
7.688447
7.408749
11.854327
11.429511
8.733118
10.476700
7.981702
8.864968
11.697859
10.583599
8.225013
8.779498
7.478560
12.721996
10.560147
7.711105
12.167587
10.804673
8.557113
7.722502
7.763379
9.668140
10.464278
9.209344
8.184836
11.447488
6.940890
11.369868
11.720667
10.937190
5.820741
9.198041
10.988044
10.567564
10.422427
6.178447
6.476484
7.564340
7.023742
6.673818
7.622722
8.486951
3.979944
7.167809
8.403795
7.925522
5.651081
8.006698
3.773682
6.515889
4.079330
5.546650
6.259007
5.420504
3.168975
0.104323
2.055760
2.740734
-0.692968
4.065643
-0.737282
-1.990211
2.817343
1.125325
2.689616
-1.422289
-0.449999
-2.397222
-3.292594
0.642937
1.080642
-0.605018
-2.216373
-2.609804
-4.348399
-1.325706
-4.148730
-5.969790
-2.957056
-7.487181
-2.400021
-7.559746
-5.269569
-4.650108
-3.306420
-8.673055
-7.496704
-8.899270
-7.685484
-6.408887
-8.336100
-7.555281
-9.343391
-10.813551
-9.634465
-6.348667
-7.166996
-9.839422
-10.003224
-8.012479
-11.883449
-9.255073
-8.660465
-10.493491
-7.948641
-12.432460
-9.364926
-12.754776
-11.955561
-7.755649
-11.172646
-10.406770
-7.845457
-7.089298
-12.850192
-11.124915
-10.873091
-7.816207
-10.467676
-6.966640
-10.602355
-11.572836
-12.287187
-9.223912
-7.318878
-8.309240
-12.247564
-7.053469
-10.484652
-8.328012
-6.742949
-8.365604
-10.288587
-8.504206
-8.261318
-10.111570
-7.553492
-8.326607
-4.875060
-4.496925
-6.496363
-6.556904
-6.836188
-5.018199
-6.671243
-6.020038
-3.385073
-3.921703
-6.679548
-4.061564
-2.218694
-5.891131
-6.324145
-6.260479
-4.701333
-4.047753
-0.994961
-3.431766
-3.935435
-2.361479
1.564680
-0.531788
-2.894043
2.341106
2.585285
