3.238622
3.073200
2.078200
-0.428919
0.841633
0.003314
1.356705
5.453194
1.309693
4.791535
4.222239
4.213702
5.886951
6.121539
5.312057
1.980298
5.494398
7.871233
8.056787
5.597375
5.824226
7.336797
4.962888
6.720937
6.293501
4.733392
9.262144
7.008570
9.894061
11.033362
8.082331
10.166442
10.333328
11.368077
6.270590
9.094720
9.847889
9.464097
9.372010
12.329726
6.837287
10.386305
10.731262
10.232482
12.288862
7.050912
7.633448
11.484588
12.349074
11.099587
11.142117
8.407902
10.434000
7.083088
9.020475
11.461300
7.270429
6.987472
11.773893
9.375696
10.547993
10.956079
6.854077
8.238772
9.209758
11.402891
9.122550
10.944851
10.013017
10.656624
4.946980
7.714725
10.268979
10.218325
6.569559
7.153048
4.519125
9.316512
4.508794
4.193323
4.461298
3.006400
6.957251
4.653443
2.927675
2.864817
2.093385
4.152309
0.513400
1.835112
1.598673
3.845615
2.101661
2.714182
4.144345
2.593211
2.661312
-0.694304
2.568019
0.862635
0.861502
-3.362327
-0.219015
-1.743309
-2.804611
-3.729476
-1.673925
-0.841435
-4.173887
-0.926069
-4.911005
-2.820508
-4.629399
-3.862406
-5.046303
-3.911185
-6.530121
-8.049576
-7.242774
-7.111257
-7.958111
-6.132840
-5.985304
-7.976496
-4.183935
-8.128156
-5.110158
-9.640163
-6.720012
-5.498050
-9.485289
-9.823488
-9.515508
-9.509743
-9.256895
-8.857620
-12.081246
-11.509471
-7.168882
-9.003089
-10.379090
-10.711426
-9.173760
-7.162540
-8.411650
-11.820342
-12.376759
-12.697841
-12.293365
-12.997338
-11.014135
-12.834705
-8.703913
-10.596438
-7.625713
-8.063615
-12.160676
-10.908886
-9.100069
-10.212222
-11.823871
-9.910765
-9.971386
-11.821087
-5.960969
-6.003238
-8.539431
-5.823596
-8.517185
-6.977102
-9.742362
-7.476110
-4.780367
-8.561123
-9.706576
-9.321353
-3.694414
-3.581231
-8.680035
-5.373259
-6.383193
-4.187033
-2.408857
-3.044587
-6.412398
-6.586742
-4.981273
-2.376292
-5.934585
-2.103074
-2.722631
-4.444902
-2.663311
-0.391657
0.786061
-1.962476
-0.227764
0.557564
1.615308
-1.958224
