3.242574
1.810263
3.021220
0.484603
1.100537
4.191663
2.787715
1.141754
3.845539
3.778690
3.373066
4.552040
1.758024
3.713047
4.183954
4.614086
4.500497
7.116942
5.912483
3.152091
3.460397
4.922165
5.485245
3.985684
8.155866
8.713257
6.449423
10.658126
8.041614
10.934133
8.717354
9.169355
6.084447
9.098081
6.241399
6.967895
10.851045
9.601882
7.088425
7.102942
10.427944
10.480973
11.625840
11.067334
8.267559
8.596633
7.227245
8.118906
10.022269
10.964198
9.893489
7.880672
12.649294
10.239067
9.215170
10.311698
12.249920
10.750834
7.659974
7.452722
9.935506
9.808841
6.763361
7.152266
6.694236
6.816108
6.886361
7.974379
7.782500
5.350909
7.937901
10.664603
8.370771
5.073893
8.675386
8.029966
5.153721
4.954901
4.467801
5.416154
6.973688
7.355988
4.384900
3.207664
7.180643
4.788475
1.478453
4.566037
0.443789
3.429455
5.358699
5.296546
0.554016
2.706629
4.471804
-1.408174
3.620779
-1.537985
-2.415943
2.222763
1.277528
-1.539940
-1.906238
-0.550521
1.018886
1.082189
-2.138434
-1.071782
-1.470460
-5.264222
-4.622342
-4.750645
-1.613016
-2.762219
-4.387744
-1.943846
-5.042530
-2.968260
-6.233194
-7.342345
-8.558006
-3.873643
-7.763208
-6.129211
-4.172544
-8.330554
-7.934657
-10.081966
-10.039952
-7.609053
-10.534387
-7.143522
-9.298180
-10.940711
-9.201482
-11.240304
-8.911542
-8.801223
-6.705779
-11.169403
-9.914479
-9.865442
-9.309613
-12.617903
-8.778173
-7.013392
-11.525953
-9.742264
-10.560981
-11.002607
-7.593653
-8.501631
-7.511022
-10.581969
-11.860340
-7.879224
-11.716340
-9.163686
-6.758022
-7.803633
-11.784359
-11.951661
-8.339205
-9.132050
-6.982220
-10.316612
-9.782077
-10.087787
-10.845203
-5.887664
-6.654778
-6.057384
-10.340345
-8.558243
-7.071715
-9.784754
-6.748580
-6.326076
-3.686170
-6.138330
-5.401937
-5.291400
-2.841677
-5.748603
-7.169398
-5.497966
-4.627910
-6.363225
-6.253842
-2.697722
-4.359532
-4.364204
-0.899273
-4.776095
-1.844821
-1.913343
-0.958012
-2.083619
-2.148393
2.175724
