2.036342
-1.724481
1.045765
0.255840
-0.612902
2.835189
3.007400
5.103371
0.871971
0.775489
1.533906
5.836826
3.379989
3.686820
3.076484
3.227537
4.313161
6.518844
3.967713
7.132321
6.430943
5.193807
7.821622
8.737420
6.824886
8.303440
8.163330
4.878620
4.988313
9.145754
10.353109
5.558106
10.837286
8.836504
10.239665
8.450195
7.145176
11.465769
7.854012
7.267707
8.838117
8.887643
8.533195
12.529885
12.459335
12.436581
11.611323
9.009539
9.698098
11.785577
8.259811
9.353062
11.194569
9.171934
12.213709
12.057171
6.767471
7.671250
11.775736
9.962007
11.033021
7.535218
10.965445
10.267645
10.663418
7.028873
8.133533
8.453807
7.093229
9.578479
7.878653
8.367720
5.354132
8.311997
9.544008
4.023851
4.963452
8.548934
5.341201
8.254112
7.440128
8.284423
5.034254
1.998584
4.779301
2.790200
2.475169
5.962443
0.440733
5.804084
4.210157
1.721962
0.959458
2.361624
4.041658
-1.621663
2.639528
-0.507554
3.246762
0.695003
0.925712
-3.306145
-3.756392
-2.102497
-0.120620
1.050175
-4.879195
-3.415537
0.042506
-4.170232
-3.007105
-5.226059
-2.841536
-3.523100
-5.756967
-6.723894
-4.798057
-6.709708
-2.935407
-7.885734
-8.887091
-4.961563
-4.063770
-8.947264
-4.889652
-8.522527
-7.291961
-9.432127
-7.786324
-10.467180
-8.321640
-11.420669
-7.499856
-10.174781
-11.546944
-9.271158
-11.956500
-7.279466
-11.614781
-7.170876
-8.360306
-6.826098
-11.153341
-11.272859
-10.480854
-10.934870
-7.712979
-12.971376
-9.411072
-8.158519
-11.873778
-7.356229
-8.242976
-11.179944
-10.824099
-7.132584
-7.644665
-7.648234
-9.480072
-8.892031
-6.974618
-10.809437
-10.024893
-8.003149
-9.365714
-9.901868
-8.081752
-8.754364
-9.480303
-7.254934
-9.137264
-6.115187
-8.395016
-7.060193
-7.184076
-7.296781
-6.069803
-8.518787
-4.794926
-8.533846
-4.475737
-4.771810
-6.602496
-2.953816
-5.732395
-5.333278
-6.605270
-4.389447
-2.320806
-0.527875
-2.281035
-0.735870
-4.045370
-3.109054
-4.547440
-1.377609
1.099016
0.960028
-0.134721
1.926184
