-0.513475
-1.408659
1.321675
4.116294
-0.718786
0.696886
4.483234
5.412090
2.297970
3.661530
6.361176
3.940519
1.435086
5.610637
7.292193
7.629720
3.373919
4.553252
7.413714
3.487284
4.680113
6.244912
7.292755
5.574236
5.000323
9.823188
4.758982
6.119142
6.132421
7.467079
5.416626
9.891192
10.146275
9.915039
9.870154
7.939762
10.478957
9.686617
9.594735
7.227835
8.345146
9.408051
6.935687
10.880627
7.297550
8.617893
8.293902
11.325307
11.768998
11.352271
7.570824
8.428631
10.790344
9.537090
12.812109
7.790084
11.153682
8.349713
10.477449
12.331748
12.071889
6.474893
8.889211
9.078631
6.202872
6.656062
9.108473
6.470319
6.653496
8.219490
10.697338
8.394033
9.268721
6.673665
8.599053
7.360072
4.279699
3.886172
4.444838
2.973847
8.290821
2.892684
2.277747
4.120376
4.887064
3.485471
6.296805
0.957101
5.291910
2.909848
3.176637
-0.266583
4.773595
1.528397
3.072805
3.886839
0.757602
-0.616712
2.928064
1.040442
-2.414222
-0.526141
-3.167702
-2.612576
-1.088129
-4.828412
-2.464827
-4.749975
-2.592825
-5.196742
-2.829444
-3.311150
-1.016310
-7.037693
-4.823575
-7.324506
-5.842853
-3.918539
-3.176335
-8.748282
-6.282193
-7.113172
-6.381210
-7.609549
-6.743077
-7.497621
-6.034105
-6.256326
-7.486434
-9.819825
-7.799009
-5.649928
-10.531468
-8.907140
-11.449394
-7.775953
-7.610595
-11.541653
-11.537761
-10.678687
-9.584643
-8.403989
-9.834552
-9.199996
-6.960250
-12.649357
-9.273638
-11.367041
-7.914775
-7.015158
-12.391328
-9.887169
-9.655304
-7.750908
-9.491737
-7.027363
-7.797603
-8.569123
-10.590203
-8.041592
-6.680916
-9.739930
-6.616229
-7.500913
-10.188042
-6.710058
-5.721520
-8.358949
-11.156751
-10.001304
-7.265443
-6.527247
-10.484849
-8.241344
-5.239642
-4.666542
-3.728823
-9.045493
-3.808826
-4.264986
-3.110890
-4.733838
-7.276234
-7.111911
-7.243327
-6.486400
-5.474194
-1.324880
-5.521504
-4.423742
-4.961849
-1.675810
-3.991301
-1.368797
-0.637823
-2.629499
-2.029871
-1.334012
-2.229958
-2.036953
