-0.912647
1.292343
1.601316
2.762706
-1.355783
3.742926
2.494803
5.214238
5.339455
1.024715
3.303242
1.702084
4.715273
1.719984
5.931881
7.766647
3.058954
3.539959
7.610365
3.846027
3.768288
5.106685
5.414988
8.551337
5.206815
5.114643
7.319772
5.212385
7.776313
8.715149
9.745815
8.048332
11.478547
7.583533
10.449048
8.859758
7.167335
10.336674
7.930551
8.248456
7.644551
9.865654
7.865252
10.716098
8.462837
7.488892
11.492777
8.069594
8.339684
10.369503
12.328315
10.099325
11.905846
11.959585
12.087894
6.861856
12.266016
10.133047
8.235410
10.285180
9.730373
6.842680
11.343230
6.856699
9.370628
9.727786
7.587538
9.690807
5.743702
8.812485
8.315331
5.359678
5.748037
10.185033
8.524684
6.146740
4.812783
6.529371
6.868126
8.357566
8.066274
4.976943
4.353908
4.291328
3.609558
6.880514
2.289865
6.262752
2.818121
0.172241
1.848337
1.635370
2.741096
1.086656
-0.526688
2.115007
1.209057
-0.278581
0.973948
-2.422701
-0.707309
-0.631665
-0.408681
-2.481955
-0.328185
-3.826196
-3.367208
-0.377501
-3.095394
-3.230605
-1.524750
-3.276246
-4.975868
-6.851287
-5.513045
-4.728300
-2.322106
-5.163556
-6.797626
-4.194211
-7.089994
-5.084401
-8.484061
-9.167880
-4.083127
-6.379735
-5.295984
-5.205176
-6.637999
-10.109891
-5.371610
-6.376234
-7.038755
-6.119377
-6.817823
-11.225388
-7.438887
-10.125542
-10.607924
-8.858666
-9.408694
-12.260554
-9.478024
-7.957108
-7.204443
-7.008390
-12.382359
-12.656447
-9.251262
-11.707383
-11.598376
-7.978111
-7.889110
-12.670905
-11.910615
-12.772040
-10.799906
-11.373554
-11.595154
-7.051465
-7.327205
-7.440035
-11.995338
-10.555507
-11.655040
-11.590885
-7.702892
-10.052741
-9.001328
-5.825877
-9.416576
-6.279681
-10.486170
-7.728012
-4.721681
-6.481947
-9.373153
-6.228104
-6.725595
-8.523049
-6.833647
-4.430764
-5.899224
-7.487261
-2.520225
-2.895679
-3.306804
-1.704032
-3.754138
-2.803089
-3.463867
-5.422380
-0.421369
-1.735294
0.958347
1.528337
1.783309
0.386477
1.496816
-1.219288
