2.440171
0.794035
3.214980
2.999590
2.539701
0.406274
-0.266485
1.612328
1.087447
2.574769
1.876612
4.505652
6.951377
2.680616
2.864877
5.453992
5.554597
3.838534
7.791287
4.921073
7.894163
4.034115
5.666518
6.466050
8.844229
5.025271
8.595520
7.608067
9.998742
8.266358
5.829653
11.060019
11.026824
9.371381
8.721545
6.864562
9.617013
6.425647
9.417306
8.267430
10.326739
7.227027
9.647151
10.926997
7.126385
11.133337
8.535185
7.481979
8.385361
9.449411
12.974231
11.506738
12.850133
11.629586
11.734047
8.419098
7.620247
10.032004
9.421319
11.773526
11.484785
9.123124
8.198473
7.515286
6.412703
7.244654
10.018634
9.405785
6.220152
7.351107
6.679596
9.752266
9.634938
5.995012
9.258546
9.561828
5.081320
6.169953
5.198387
4.608316
2.850197
2.918533
6.716965
5.057753
3.842186
5.560311
6.197575
4.294525
2.956837
5.502954
3.913637
2.547121
0.329171
4.749485
-0.332492
2.404052
1.120518
1.964320
3.239897
2.124172
0.575659
-2.999297
1.924298
1.390692
-0.516866
-1.345262
0.494629
-1.725628
-2.328530
-2.876617
-5.146040
-4.042190
-1.338904
-3.847885
-7.472344
-5.272244
-4.994573
-6.010357
-2.791784
-4.923121
-6.410268
-8.858266
-9.121457
-7.425947
-9.421926
-5.418158
-7.567784
-8.444445
-5.039964
-9.334015
-5.553239
-9.094317
-8.549838
-6.200187
-10.592384
-10.102218
-6.656340
-10.456101
-10.932068
-8.221856
-12.474992
-9.391653
-9.524599
-11.849093
-7.204451
-9.067331
-12.726317
-8.852561
-8.661084
-8.425264
-9.171023
-7.732699
-11.948881
-8.791097
-9.444419
-8.856852
-8.313179
-7.262708
-9.453613
-11.981318
-8.620647
-10.754394
-11.212010
-9.753446
-7.295684
-11.760685
-10.552869
-9.815461
-11.179467
-9.223412
-8.393666
-7.119092
-9.864837
-7.971089
-4.457277
-7.738058
-5.328912
-8.329867
-4.513727
-3.198217
-5.297971
-3.651446
-7.246529
-7.654833
-2.920174
-2.479943
-1.576667
-4.146887
-6.110694
-4.467782
-4.181632
-4.407971
-0.051176
-3.848527
0.062928
-3.461027
-0.091215
-0.629064
0.393374
1.233348
