0.852136
1.462628
3.420379
-0.459364
3.323853
0.165610
-0.197008
0.662431
3.508447
3.563681
3.512916
5.656687
1.737328
4.096447
7.235325
5.144517
4.600133
5.326605
4.099981
8.451967
5.067663
8.942559
8.278768
4.164730
8.193283
7.210608
5.539587
8.047601
8.494938
9.056816
6.421371
10.835289
7.333152
6.318096
8.331855
8.037020
9.845952
7.542319
10.391868
9.239754
11.874696
10.926008
12.006674
9.366690
12.507077
7.744505
8.459962
12.685515
10.847715
8.956290
8.909739
7.995589
12.572473
9.519002
8.776889
7.479413
7.724377
10.632645
10.578057
8.746860
7.272842
10.623221
10.713744
7.963275
10.884185
8.441737
6.764070
11.332735
9.077579
5.464811
6.760339
6.997832
5.425052
6.953568
5.750057
7.024829
8.705466
5.539384
7.883722
5.858162
3.261735
3.421568
4.328838
6.800070
4.552308
4.576750
5.713799
1.354314
4.240854
1.418556
-0.011511
4.116812
1.950400
-0.988338
-0.559171
1.840763
1.477423
-2.238474
3.062022
-0.630524
-1.338278
-3.228544
2.027572
-0.990536
-0.197928
-4.667393
-4.526037
-3.179036
0.128522
-4.888105
-4.934889
-2.143312
-4.536233
-3.065374
-2.039957
-6.575182
-4.433480
-5.064775
-7.895969
-6.080132
-3.422781
-4.037696
-6.087156
-9.085816
-9.610128
-5.583501
-8.592142
-6.862763
-9.294209
-10.062234
-6.312684
-7.553642
-8.474127
-8.817173
-7.963253
-6.536050
-10.553244
-8.516448
-11.392049
-7.427469
-7.218476
-10.202452
-10.043880
-11.980116
-8.795855
-10.854591
-9.985894
-8.650081
-9.392270
-12.402530
-7.050672
-7.140190
-7.749980
-10.105427
-10.602970
-12.731242
-7.724329
-12.304187
-10.868003
-10.438469
-10.874769
-10.629784
-10.890070
-11.409678
-10.766672
-8.172209
-8.996245
-6.325446
-10.843971
-10.137712
-7.145178
-6.312720
-9.032482
-5.510086
-8.724429
-9.290430
-4.222766
-5.696856
-6.989451
-6.098251
-4.221506
-3.384091
-7.196362
-2.070941
-2.350636
-6.371990
-1.756405
-2.942009
-2.361788
-4.554844
-4.186910
-0.695245
-3.839951
0.057340
-0.453117
-0.960404
-0.976939
-1.510167
-0.524092
0.833915
