0.002722
-2.228693
2.689627
3.807331
-0.414686
1.270191
3.482642
0.000480
0.153828
2.497095
6.066386
1.524050
6.155387
6.437473
2.818820
7.754244
7.890388
3.994240
8.602212
6.285589
3.922127
8.560294
6.429687
6.895068
7.096910
9.389286
5.741613
10.053873
8.421770
10.413794
8.478722
7.331262
11.312899
11.287870
8.612455
8.462308
8.023195
7.354695
9.036559
10.922361
10.001077
7.589955
9.994508
10.252379
8.839931
8.143927
11.749703
10.819158
9.660958
9.876437
11.897090
10.077205
12.694427
12.169197
10.995614
10.253325
11.609604
12.654260
6.697615
9.093475
7.525772
9.775632
9.135808
7.479571
8.762215
8.560880
10.315740
9.204666
7.238697
8.462260
9.081948
5.765012
7.965885
5.887724
7.653429
7.793873
9.298989
4.305980
4.644485
5.604996
3.612164
5.043921
4.771147
5.195964
5.499070
6.337424
4.843434
4.155757
1.224583
2.218196
2.853013
0.199541
3.923194
-0.265820
3.606890
1.925490
2.041821
-0.075100
1.987826
-2.839176
0.489050
-1.457437
0.998954
1.688741
-2.506830
-4.043179
-4.178755
-3.108716
-2.367885
-3.561748
-5.890415
-3.591216
-5.646384
-6.983907
-3.639207
-3.110937
-3.105539
-3.072269
-3.161828
-5.512623
-6.919293
-6.975696
-7.694509
-9.183511
-8.100107
-7.321335
-5.523243
-5.482161
-6.209270
-8.357188
-7.501516
-8.116117
-7.089097
-5.869810
-6.093957
-10.712086
-7.585620
-8.712749
-9.633446
-7.460238
-10.318344
-8.918418
-10.740999
-6.844026
-12.311687
-11.105286
-10.337992
-7.071795
-8.902409
-10.521852
-7.848894
-9.199960
-11.256204
-9.372517
-12.234784
-7.900485
-10.269900
-7.829756
-10.580396
-7.273009
-8.511173
-9.745028
-9.292496
-10.389695
-7.389978
-7.480428
-10.346482
-5.889950
-7.102561
-9.145266
-6.040129
-8.674283
-5.160919
-8.042326
-6.336199
-5.271090
-4.113581
-5.549950
-5.449530
-6.105077
-3.132888
-3.281411
-3.061881
-4.896359
-4.998283
-5.569424
-3.996610
-6.448424
-3.868939
-3.227599
-1.465661
-4.172576
0.314688
-2.844285
0.078856
-2.145436
-3.123976
-1.306359
-2.697366
0.630921
