0.744946
1.683097
1.918926
-0.682274
1.705996
0.335014
2.580271
3.525407
4.176255
1.595854
2.031402
1.523282
2.920230
6.611548
6.934299
4.293927
2.871590
6.720666
3.898882
2.898148
3.390175
8.352360
6.653033
5.792949
8.710984
4.402851
9.707617
7.702793
5.714488
6.919810
7.048799
8.253004
7.520158
6.718793
6.200022
9.737237
7.597832
7.502708
11.146032
7.704500
10.868537
10.215793
9.077359
11.327403
8.981975
12.343610
8.800231
9.795096
12.545049
9.742935
10.882398
10.047831
10.003880
11.173402
9.776028
12.807307
11.114235
7.804088
7.137861
10.398684
10.967043
11.962836
10.586797
7.895729
6.276869
7.709195
11.386988
5.910800
8.494079
10.722981
5.203844
6.503278
8.215281
5.441017
8.380825
3.937987
6.056092
4.764654
5.590128
3.327829
3.342914
4.795029
7.208765
7.788341
1.677305
1.985449
1.257632
3.563563
6.144151
3.380185
4.573604
3.947193
1.716614
2.489971
1.666530
2.281174
2.228523
1.165348
2.430417
0.115665
-1.659770
2.157048
-2.124712
1.673462
-0.597255
-0.573505
-3.298615
-2.149509
-0.314701
-1.640786
-6.268118
-2.335894
-4.278769
-5.644873
-6.182783
-2.077241
-3.848894
-2.912813
-4.481748
-8.756754
-3.628856
-6.792502
-9.589917
-4.596489
-9.795984
-9.640143
-8.112673
-8.611159
-9.437690
-9.880625
-10.103535
-10.813889
-11.572033
-7.549310
-11.428719
-8.481284
-7.460175
-6.382093
-7.016889
-6.952488
-8.112478
-8.739386
-7.864302
-8.522654
-10.436171
-7.673948
-11.708893
-7.846233
-9.750050
-9.942101
-11.181321
-10.670593
-9.236363
-9.433794
-7.450167
-9.399821
-10.274898
-6.825423
-10.314600
-7.641880
-7.294947
-10.948314
-7.319194
-6.254076
-9.969227
-10.269439
-6.895932
-7.756235
-10.446434
-5.442886
-8.218363
-7.686066
-6.676807
-8.658632
-9.762994
-9.279385
-8.721977
-5.491321
-7.745921
-6.003095
-4.319950
-6.109106
-7.677792
-2.331988
-1.568684
-1.562910
-5.364885
-4.111158
-5.382652
-3.056270
-2.851859
-5.046519
-0.411418
-4.018430
-1.265587
0.518537
-2.008811
0.593423
-2.170007
-1.078850
