1.108517
3.554041
3.851318
2.806790
3.778038
2.076980
1.569350
0.844785
0.756701
2.348395
2.313548
1.891702
3.389229
1.558115
5.594603
5.756258
2.465790
8.008002
4.762330
5.528450
3.443848
4.545974
9.172044
9.614345
4.607780
5.575263
9.238352
8.881809
5.761059
6.835325
9.750019
10.479844
6.936194
11.713818
10.696562
8.249962
7.736645
8.498037
6.885131
8.815928
10.952173
8.509642
10.080048
7.556960
10.934724
11.948548
11.663299
10.102088
12.360351
10.881022
9.399005
12.829402
7.021036
9.822527
9.669322
12.276505
8.444759
8.728007
11.112295
10.929497
10.787424
8.039385
6.767191
8.146937
10.299244
9.743568
10.612042
9.285885
7.624642
7.097088
7.738832
10.126375
8.248753
6.007133
4.726992
4.235985
9.190487
3.715301
8.316822
7.438864
2.891896
8.311727
5.809376
7.470210
3.049411
4.434150
5.771907
2.804062
4.601868
4.694605
3.199240
3.301220
4.857826
1.283547
0.773316
3.667930
-0.427305
-0.124677
1.110945
1.843242
-1.143184
0.103834
-1.593853
-2.905027
-1.270351
-1.281744
-0.538480
0.085396
-3.231596
-0.336171
-4.076280
-4.406420
-4.571659
-1.954680
-2.657052
-4.740704
-6.185301
-6.082025
-4.596506
-4.221359
-4.605158
-6.063557
-7.330893
-5.933921
-8.464715
-6.265637
-6.869817
-7.565489
-6.414865
-7.333182
-7.763781
-6.631536
-7.911135
-6.209061
-9.436156
-9.625332
-9.748684
-10.511618
-8.444513
-10.998356
-9.892439
-12.152487
-8.110853
-9.444925
-7.193878
-7.783833
-10.755041
-11.747693
-8.824270
-9.171285
-9.197096
-7.026271
-9.431142
-8.684236
-8.864264
-12.704336
-11.283137
-8.130116
-9.985245
-12.488043
-8.090446
-6.706215
-6.467342
-8.515476
-6.445771
-11.635029
-8.028270
-9.671559
-8.555318
-10.757255
-6.539122
-10.191381
-6.769582
-4.724797
-9.004948
-8.289777
-4.786455
-6.320149
-3.167909
-8.341817
-7.228048
-3.432176
-4.169206
-7.713028
-2.079650
-6.198630
-5.809737
-2.639829
-5.927431
-5.595567
-5.221310
-3.225795
-1.327842
-1.657711
-0.033415
-1.481679
0.112993
2.169714
2.056071
-1.029168
