-1.399604
-1.082414
0.609391
0.381511
4.358564
-0.942267
0.093488
2.286311
2.416642
2.861810
1.911849
2.794293
4.203367
5.784094
4.176829
4.640155
3.706224
3.148380
4.489355
3.067344
7.646535
5.183082
3.856111
3.943920
6.323744
6.864387
9.133963
5.452562
5.317774
6.962430
11.135197
5.665848
9.981763
8.932586
8.220615
10.311652
7.255241
9.421348
9.021198
8.924684
8.524255
7.326592
6.846179
12.534151
11.949530
10.745564
12.371185
10.050591
9.425260
9.552390
7.661601
7.373237
10.383819
8.708262
10.457402
10.512221
10.483150
8.764788
10.167816
12.460784
7.788314
9.923306
10.362131
7.463571
9.020544
9.668652
8.169470
11.346907
7.919805
7.253417
5.045922
5.674980
9.474109
5.836688
5.150967
9.791076
9.096716
5.935730
5.844411
6.988288
8.048304
8.237844
4.380940
6.083613
6.760274
1.697903
3.958713
6.263422
5.036209
0.360792
2.960421
1.882471
0.507572
1.125649
0.241456
-1.070039
0.102081
-0.906723
1.674398
-0.047141
-1.726882
-2.124496
-0.602597
-3.708680
-2.339583
-3.692986
-0.308740
-2.975530
-2.164327
-2.797708
-4.497124
-2.334400
-3.320784
-4.199265
-5.326855
-2.512464
-7.657662
-3.753759
-3.335815
-7.046312
-6.417028
-4.311070
-5.147109
-8.588538
-6.755751
-6.126436
-8.915337
-6.250806
-7.116092
-11.022906
-8.712997
-11.115797
-6.328740
-10.519039
-6.932715
-9.908470
-11.046589
-8.778067
-9.886393
-12.405307
-6.830468
-6.918141
-10.118715
-11.894843
-9.813638
-7.749555
-9.850071
-11.770215
-8.029685
-8.456665
-10.224814
-10.117068
-12.227094
-12.275528
-10.093394
-8.154091
-7.504928
-11.060355
-11.512363
-10.088012
-9.185167
-11.436935
-10.201512
-10.905708
-11.856907
-7.576828
-5.727204
-9.754824
-8.109492
-6.392365
-6.624562
-7.398884
-8.816914
-5.618001
-9.717697
-4.813277
-8.285910
-9.147284
-3.424518
-6.137271
-3.749831
-3.212014
-2.244999
-5.819561
-4.257518
-2.975115
-5.468009
-6.556391
-3.363378
-2.567438
-0.946400
0.452318
-4.115737
-3.253951
-1.248313
-2.013856
-0.728113
-1.814245
-0.011340
-2.850526
