2.833753
2.078177
-1.892660
4.138367
0.252546
4.363300
2.137795
-0.026502
1.993796
5.934372
3.652275
5.295654
4.248008
4.854790
6.420738
4.546246
5.400970
7.446150
4.816169
7.509529
3.665932
7.899553
8.561527
5.016181
8.941772
8.485853
10.286575
8.802020
6.854479
6.294932
6.669677
5.889372
10.232262
10.745789
7.687852
8.009354
8.967489
7.887098
8.485008
11.910431
9.266383
7.209363
8.672069
11.683357
10.583222
12.599283
7.255756
9.792276
9.796288
11.363071
9.209196
7.622341
7.279253
9.981426
10.207384
10.324183
10.008472
9.576439
10.005497
7.339024
8.632152
10.667212
6.347868
6.940689
9.059462
7.471434
9.764441
10.795425
6.512924
7.710221
7.597039
7.368309
8.381996
4.316685
9.997572
9.595772
5.071294
8.558345
3.732940
4.684352
3.756467
6.383032
4.071596
5.228123
4.279086
4.907009
4.981683
5.046616
5.543051
3.372702
4.696569
2.693760
-0.021544
2.793435
2.431060
-0.024477
0.573845
0.783176
2.066520
-1.263849
0.727355
-2.077162
-2.946556
-1.667391
-0.870699
0.863427
-1.702400
-4.636068
-2.313393
-2.522724
-4.246522
-3.082282
-5.438051
-3.009699
-2.231074
-2.332870
-5.511012
-5.057822
-4.816096
-7.596798
-4.777665
-9.178324
-8.908893
-6.553301
-4.209072
-8.118251
-6.524015
-7.415908
-10.478931
-8.550905
-9.970162
-8.812412
-9.078473
-8.970085
-7.209601
-9.548669
-9.456135
-10.664796
-10.486967
-7.326354
-7.919107
-9.109952
-10.723591
-8.426923
-7.971933
-11.839014
-12.139997
-11.169720
-8.534989
-8.789391
-11.101996
-9.882154
-10.965313
-7.180229
-7.218807
-8.433922
-10.434115
-10.304336
-10.746921
-8.144272
-7.962170
-8.337696
-9.800682
-9.154048
-9.267785
-7.269042
-9.853796
-10.599787
-7.140195
-10.400176
-6.974843
-4.791724
-7.778883
-8.462540
-9.822760
-3.876389
-5.788301
-5.918476
-6.043787
-6.544728
-8.350197
-7.548275
-3.453624
-5.978934
-6.150424
-1.952113
-1.970435
-6.521203
-3.650468
-4.001575
-3.658060
-0.632186
-2.335028
0.720344
0.234008
-1.469240
1.375010
0.320675
2.201803
-1.152215
