-2.010200
0.205101
3.309056
0.336664
-1.394837
-0.840726
1.990286
-0.436881
1.004517
5.282752
2.348737
5.254000
5.546462
3.122955
7.271154
5.154018
3.515393
5.059597
2.655822
3.109944
6.441177
7.265738
9.067248
5.736462
8.348887
5.114876
5.439768
9.909759
7.234065
6.720085
9.704779
8.977368
10.745387
11.072879
7.253247
6.719799
10.501592
8.382830
10.867522
11.887635
10.379127
9.696006
11.239540
8.888241
12.326700
12.558038
10.067118
9.946976
12.237715
10.841312
8.107803
10.324464
12.017372
7.667038
9.070339
11.568799
11.193751
11.701624
10.478309
8.467734
9.690586
6.591755
12.053798
6.731173
7.023624
9.117889
11.394199
8.492157
8.286877
6.498689
9.349172
4.976026
10.112281
8.771682
6.295995
9.061236
4.500733
5.994174
7.527812
4.676798
2.790833
7.009598
2.590960
5.638875
7.250864
3.606133
5.171526
6.111693
4.017281
0.705742
3.012730
4.129444
1.623648
1.105409
3.717855
-0.461445
0.021098
3.571833
0.887823
2.686407
2.205884
0.709774
-2.911670
-1.118091
-4.041275
1.111582
-2.614036
-3.335983
-2.495075
-0.392235
-3.407990
-1.256072
-2.775337
-6.223695
-5.265115
-5.862126
-4.386689
-3.437586
-4.921802
-4.958859
-4.653362
-8.593578
-4.388141
-4.618778
-6.235878
-8.146909
-7.893439
-8.334610
-8.144775
-9.748109
-10.343225
-5.777791
-9.134240
-10.447551
-7.043163
-8.787817
-11.155911
-9.239573
-8.298029
-8.742415
-8.619962
-12.427045
-8.497039
-10.141024
-10.558194
-9.163763
-12.787209
-10.132295
-8.044573
-7.081100
-10.288559
-11.671733
-7.389908
-11.426098
-8.319074
-11.069368
-11.621355
-11.091996
-8.608412
-9.311683
-10.863307
-8.165366
-8.633145
-8.951099
-8.413518
-9.088358
-6.439066
-7.092458
-8.907293
-6.151144
-10.341285
-5.489280
-8.797157
-8.436494
-8.731752
-8.351611
-4.908349
-7.614609
-6.121892
-7.322328
-6.911282
-5.080274
-5.399385
-2.509900
-1.675284
-5.967704
-2.161893
-5.123792
-4.970853
-5.320478
-3.039977
-3.703434
-4.342768
-3.937346
-0.894278
-3.367403
0.517264
-1.459147
0.472826
-2.207964
