-2.230968
2.905047
-0.495820
0.196562
1.078773
2.747066
4.389257
1.536472
2.572531
5.717117
3.202167
6.671111
5.599069
2.548375
5.446732
3.607249
5.854325
4.213937
7.447396
2.986366
8.500108
6.813847
8.592877
3.875611
4.979038
6.775138
9.944120
9.703135
6.038387
9.812276
7.910407
6.246399
8.924853
6.901213
8.967001
9.272056
10.460469
6.563992
6.471825
11.941752
11.183129
11.218560
10.769664
11.332892
12.818887
9.438965
11.511589
10.468377
7.342992
12.574481
9.775241
12.327936
9.304317
9.707289
8.213030
7.785569
7.011700
11.215778
6.685115
6.610634
8.125867
11.710692
9.821179
8.792229
6.641847
7.552528
7.715387
9.383492
8.457263
5.175515
6.013783
4.890739
7.656209
6.036950
4.265581
8.405065
5.904915
4.080492
8.563810
6.062615
8.103122
7.230367
6.900946
3.132532
4.358097
3.682904
3.780944
3.474812
1.434986
6.027264
3.605934
4.073955
0.658084
0.941097
1.761515
3.522107
0.978336
-0.970087
-1.457560
1.397077
-1.724524
-1.032410
-2.080667
-0.442967
-0.234304
-3.370924
0.453239
-4.531176
-0.646122
-4.816562
-3.315987
-2.781099
-6.101838
-3.485806
-4.892033
-3.095594
-4.994662
-6.296085
-7.140958
-5.952190
-4.474082
-3.417806
-5.730390
-7.949746
-7.513990
-6.226228
-5.378525
-5.468961
-5.930840
-7.959870
-5.542524
-9.776591
-9.851504
-9.499732
-9.172094
-9.043271
-9.674357
-6.341282
-9.316957
-9.991485
-10.840638
-11.668645
-11.328078
-11.071971
-9.126992
-8.599899
-11.497287
-9.104379
-10.457342
-7.528343
-12.454732
-9.268771
-7.825708
-9.441972
-8.246457
-10.440007
-8.447414
-10.008263
-12.247137
-7.831438
-10.312006
-9.224357
-7.669680
-11.958299
-10.327453
-6.039632
-9.965800
-5.974164
-5.793659
-5.433171
-5.464394
-9.727645
-5.981144
-5.905435
-9.796219
-3.954174
-8.306272
-7.481968
-6.427355
-6.893078
-8.054170
-7.971870
-6.456415
-2.972279
-5.064546
-2.479565
-1.762033
-2.889151
-6.183505
-4.436573
-3.826341
-2.692815
-3.144681
1.112617
-3.004869
-3.409257
1.706118
-3.554382
1.611466
-2.681397
