-2.228011
-1.808766
1.679585
0.014768
1.022729
-0.245238
2.087399
5.454695
5.659154
2.176739
5.419787
6.419862
6.439144
3.257572
3.858516
6.701988
4.170920
4.698245
4.106764
5.332602
7.952546
6.229099
7.685887
6.207731
7.173248
8.108056
7.321010
9.422663
8.883902
8.534105
7.744050
8.984569
8.751376
11.221578
6.842457
7.508688
6.278427
8.626278
11.958930
6.628858
10.444720
7.624320
10.671908
8.504144
11.424339
10.562181
10.939613
8.710980
9.362656
11.840708
8.145820
11.311692
9.470569
7.420996
7.979434
11.042733
8.083399
9.259198
8.443065
10.572490
9.962756
9.329266
8.407883
8.465049
6.591876
8.206334
7.954702
10.111009
5.327891
7.351512
9.673575
7.793267
10.336193
6.170661
8.289726
6.101483
8.593816
3.669344
7.732173
5.431086
2.661492
3.705333
2.156315
2.552223
1.940714
2.499160
3.278837
0.727396
1.200181
3.539299
2.176493
2.647558
1.726719
4.612487
2.455163
2.842703
2.623407
-1.668430
0.606887
-0.782436
1.034490
-1.253501
-2.909251
-2.133456
-0.071679
-0.413552
-0.422759
-0.486618
-5.455370
-3.282399
-1.947214
-4.088178
-2.963182
-4.041456
-2.313273
-7.086490
-7.111257
-6.124587
-6.322872
-3.664244
-8.029358
-8.067230
-4.613261
-5.159048
-4.606998
-7.237627
-9.624351
-4.951545
-9.570830
-6.163816
-8.988380
-7.551548
-10.213844
-5.777617
-9.435230
-6.810513
-10.900945
-8.364989
-9.304898
-7.760569
-6.616481
-7.869697
-7.653001
-10.290594
-12.155887
-12.781000
-10.636715
-11.245782
-9.925524
-8.915043
-12.216790
-12.181061
-10.081733
-8.567464
-11.751667
-8.153993
-10.489719
-7.865733
-10.257996
-11.905385
-10.304625
-7.878183
-6.202481
-6.397583
-6.679698
-6.571635
-9.076272
-10.750284
-9.465858
-5.438123
-7.187601
-10.027114
-9.733027
-7.853562
-7.733387
-8.123511
-5.951350
-4.116808
-5.207377
-6.842059
-8.110297
-8.255353
-3.487082
-2.578979
-6.632782
-2.385402
-6.165227
-2.808562
-1.246877
-1.627800
-3.385323
-4.422576
-2.051451
-4.630819
0.592172
-0.357347
1.089407
0.494906
1.599638
1.525250
