0.057724
2.858041
0.753631
0.690820
1.744492
3.876669
1.530815
0.303688
5.414367
4.882554
0.515440
1.689385
1.543815
5.401140
3.466462
6.155508
3.713608
6.456926
8.401920
5.756751
5.403831
5.295250
6.101857
5.882578
9.647243
4.913066
10.252346
5.787979
5.084494
10.301456
5.810158
8.158873
9.758367
6.350312
8.298587
11.822767
9.579539
6.855703
8.530590
9.767226
9.393059
7.304952
12.049464
12.577123
7.354941
10.309254
9.042513
10.139763
9.029620
8.695151
7.201595
8.792516
11.164218
11.449059
9.910626
10.876840
9.650313
8.066721
8.741787
9.132829
7.396566
11.598706
9.876437
7.125298
7.273777
7.065149
10.147124
7.139553
9.644187
8.572669
8.611301
7.769934
7.201365
5.333509
4.816481
5.063147
3.849406
4.778909
7.595163
7.926903
4.291868
5.982354
4.264571
2.792023
6.626758
2.956819
1.763827
2.627838
4.680989
0.396256
2.403317
2.556355
4.910672
1.054159
2.712881
3.086339
3.017384
2.182756
-0.165519
-0.599428
1.642384
-0.328363
-3.538361
-0.165067
-1.542468
0.540770
-4.944801
0.036742
-1.311240
-5.864756
-1.187848
-0.897056
-6.762641
-6.472896
-1.563046
-6.160257
-6.397627
-5.203868
-4.472284
-5.470743
-5.777993
-4.394728
-8.546851
-4.602918
-8.882471
-5.018511
-6.267637
-5.709729
-7.134745
-6.188627
-9.629919
-10.487869
-7.388577
-8.666517
-8.912347
-8.927408
-10.893099
-9.666505
-9.588842
-9.877549
-7.694808
-10.594990
-9.981124
-10.972528
-10.235486
-12.358278
-10.866937
-8.279376
-8.908341
-12.131092
-8.040812
-8.126128
-7.346871
-10.901648
-8.966429
-11.286839
-10.454797
-9.363641
-11.733547
-9.690312
-8.618503
-11.510389
-10.179118
-6.248671
-8.925672
-11.060525
-10.048886
-6.230526
-10.743755
-7.904709
-9.979918
-4.862000
-4.950990
-5.731859
-6.143835
-6.850209
-3.772554
-4.350587
-5.584932
-3.262598
-3.043011
-6.581069
-4.479030
-7.158096
-6.633793
-1.882249
-3.524157
-3.213758
-5.815397
-5.665924
-4.816608
-0.256927
-0.922162
0.792488
-1.786800
-1.020679
-0.168049
-1.053499
-2.434791
-1.451085
