-0.656168
-1.088067
-1.806674
0.330678
2.033751
0.780555
-0.312450
-0.001014
5.495358
3.852922
3.260462
4.445127
2.778377
6.885811
3.453486
5.673237
7.240869
8.329195
6.849633
4.789037
8.543761
3.841640
4.038488
5.122882
5.624376
8.907838
8.195760
6.412951
5.211649
7.054303
8.781744
6.328219
9.045367
6.215857
9.509514
8.670297
7.343583
11.209891
10.514744
11.621762
7.984472
10.330395
10.267551
8.575025
8.980784
12.247653
7.723015
12.668625
9.807015
9.858150
10.890778
12.370506
12.853964
7.984075
9.663766
12.505880
12.267431
11.293751
9.130307
8.147652
9.342279
7.994076
9.834833
11.305797
9.312210
11.520738
7.124537
6.819740
7.212500
6.141663
9.326973
9.021373
7.331358
7.424190
5.394116
7.499097
3.876989
9.123773
5.590223
4.464212
3.188585
5.795205
2.579619
4.769662
3.475880
4.019486
6.624644
4.212261
3.101096
1.701813
0.735389
2.259766
5.101434
0.988949
2.044984
0.940259
3.040840
-1.088231
2.305553
2.807770
-0.767684
-0.591657
1.458935
-2.893460
-3.811831
-4.826914
-2.257989
-3.480351
-0.755502
-1.750224
-0.946919
-4.033224
-3.268581
-5.394738
-6.906289
-5.896847
-2.997133
-7.429545
-6.785027
-4.883455
-7.241074
-6.774867
-3.816012
-8.632835
-8.198746
-5.279088
-4.816299
-9.620940
-8.535942
-9.817880
-9.855924
-6.805915
-11.438073
-6.508036
-10.743630
-11.537519
-7.224978
-10.288987
-8.333872
-11.120129
-10.545613
-7.836054
-12.132756
-9.933362
-9.262256
-11.789666
-10.036847
-9.922196
-10.716833
-9.052443
-10.678896
-8.338837
-9.470924
-11.415402
-11.728962
-9.637519
-7.729432
-8.117665
-7.125114
-11.749344
-8.560743
-12.085430
-11.819489
-9.085524
-11.685787
-10.714493
-9.943771
-6.869494
-7.614507
-9.043996
-7.474155
-6.723506
-7.804776
-8.939660
-9.676956
-7.332418
-6.532496
-7.117649
-6.949620
-7.610221
-3.702794
-5.179110
-5.527098
-4.027816
-5.093027
-7.166957
-2.018917
-1.951620
-1.793133
-1.360891
-4.114204
-3.315790
-0.657731
-0.727822
0.177091
-3.566586
1.585955
-0.582198
1.730728
0.986435
