3.232913
2.418245
-1.393995
0.765225
1.577937
2.259900
4.437350
2.071569
1.499406
2.982228
1.643609
5.676130
3.502039
2.958737
5.312511
7.128609
2.361398
3.554705
7.865168
7.003048
4.723071
6.166651
5.047656
5.738410
6.678021
9.970726
5.735062
10.502206
5.370065
9.634457
9.423331
8.873061
8.518886
9.295604
7.471955
7.940019
9.147915
6.502140
7.252504
11.120543
9.517157
10.666633
10.645733
8.578213
7.996774
7.617056
11.669575
7.497305
11.485423
8.194351
12.117649
10.195338
9.815914
10.292786
11.300691
9.076340
8.430160
9.089429
12.095477
10.183559
9.254317
6.456271
9.784360
6.348949
9.164495
8.067438
7.953625
8.709896
5.641415
8.581075
8.270814
7.264807
5.070064
6.968476
7.869854
5.657444
8.863665
5.479191
7.441700
6.880490
7.445163
6.997941
6.498845
7.383897
6.620312
7.209425
2.385816
5.390132
2.420830
2.760049
4.342272
-0.008705
3.718256
2.620520
2.512652
-1.488499
0.896368
2.090782
1.553806
2.608300
-2.987407
-1.763468
-1.760367
-0.349117
0.804011
-1.018034
-4.419762
-2.257365
-5.488401
-0.796279
-4.921219
-1.004114
-2.017706
-2.770440
-4.690739
-6.017847
-5.662468
-2.486381
-6.785317
-5.322950
-8.830933
-8.937483
-8.179410
-9.798130
-8.617644
-7.850406
-6.531116
-10.210630
-6.022725
-8.350277
-9.746346
-10.177259
-10.320995
-8.921245
-7.346488
-7.003348
-10.950092
-10.665959
-9.014324
-6.901579
-11.798588
-8.446873
-9.811855
-10.741345
-8.048111
-7.088374
-7.461544
-9.731310
-10.080726
-12.055256
-9.855396
-8.611661
-9.072988
-11.399713
-6.990066
-8.513567
-10.444392
-11.127218
-9.044594
-9.536970
-9.976245
-10.329985
-6.555717
-9.532536
-9.485267
-6.548348
-10.413034
-10.185227
-9.655857
-9.339478
-5.697918
-7.325069
-8.507319
-4.904944
-8.684669
-4.844748
-8.339187
-4.488726
-6.020684
-4.303391
-4.422195
-4.872660
-5.959809
-3.643660
-6.038546
-6.106475
-4.305878
-5.456144
-3.590526
-3.441034
-4.534040
-2.025405
-1.397825
0.840320
-4.086008
-1.671095
-1.192127
-3.607569
-0.239054
2.187346
