1.196075
3.580716
3.842509
3.002143
1.879315
0.071072
0.605175
1.556554
2.133522
3.413542
3.209122
6.050068
6.027398
1.498667
5.084454
4.660606
4.799825
3.529838
3.954039
6.524251
3.264655
4.781550
6.053854
8.948678
9.377347
4.950285
7.307688
6.168333
4.977232
8.126211
8.352074
10.314381
11.131103
11.403838
9.223784
6.111895
11.572384
9.702389
9.173515
9.889050
10.471399
11.878420
7.702037
12.136208
11.428026
9.850706
7.581796
9.738015
11.536015
10.840086
12.679992
9.133132
8.564040
6.997910
12.599979
9.078205
12.650917
11.595317
8.541586
8.763227
7.398780
9.186442
9.328116
10.270620
6.770649
6.794774
6.175742
10.174811
5.546835
10.536298
6.069253
5.324265
8.347680
6.320369
5.720215
8.311978
6.631933
4.630821
8.268001
8.141696
3.488090
4.755727
3.962785
7.012302
2.389458
6.678462
2.218834
1.067843
6.079172
2.125235
2.784655
-0.164737
3.244591
3.446468
4.259017
3.506076
0.372274
-0.234333
1.044489
-1.216766
2.025773
-0.318598
-2.278686
-3.788498
0.876647
-2.887483
0.668797
-3.982485
-4.485804
-2.078150
-1.760336
-1.821970
-6.068005
-2.586740
-5.276517
-4.883406
-3.390681
-7.561181
-6.283775
-6.186239
-7.960475
-8.460264
-8.290236
-4.554308
-8.894822
-8.700566
-9.140103
-9.391524
-9.201813
-9.357502
-8.826689
-6.904320
-9.350579
-11.157491
-6.602226
-10.787918
-8.325083
-8.122169
-10.731143
-9.852684
-9.970081
-6.950211
-10.374446
-8.908817
-7.908627
-9.187782
-9.407029
-9.423403
-9.526363
-12.279678
-10.024321
-10.256145
-9.387344
-8.909172
-12.079007
-8.530125
-9.250703
-11.742957
-11.022748
-6.865259
-11.743697
-11.093762
-11.377827
-10.241242
-9.506297
-11.172453
-9.795468
-10.316084
-8.703973
-7.594609
-10.098763
-6.623364
-9.651798
-10.122948
-5.252328
-9.593757
-6.609107
-7.752140
-8.438249
-3.835523
-3.499829
-5.649032
-4.879582
-6.110813
-4.047827
-3.974813
-3.587284
-1.508823
-3.624435
-0.390286
-5.368856
-1.547670
-1.869456
-4.174471
0.805294
-1.326105
-1.166628
-1.312271
0.926947
-1.695484
