2.976824
-2.044189
-1.405465
1.422708
-1.154514
4.760322
-0.786913
1.397236
3.451559
5.042670
1.972327
5.390823
3.001887
3.765149
2.869031
7.061058
5.570547
6.405051
3.104798
8.514984
6.337758
4.860480
6.847801
5.762230
8.140864
6.658486
9.466024
8.032806
8.929416
8.909026
10.078727
9.883719
7.919971
10.853966
6.390974
11.146023
9.931264
6.815104
11.849236
9.942345
9.205149
12.427626
9.204120
9.629042
10.104694
9.672294
9.155107
9.024889
7.843405
10.146789
10.422546
11.567607
8.413056
12.622520
11.976439
6.867516
11.143817
8.004580
9.457679
8.610481
11.463977
11.240128
10.117534
9.027424
10.704175
7.146061
7.544328
5.482241
5.568135
10.016951
5.179886
10.135381
6.071887
8.744116
8.836500
6.310850
3.764183
4.167783
6.641773
6.715788
3.854176
2.923644
2.891892
4.429991
1.828667
2.564217
6.696873
4.579387
5.395617
4.665466
4.142241
0.000922
4.354070
2.377129
-0.311115
0.174463
1.249079
3.554675
1.288127
0.487429
-2.147312
0.491998
-0.792025
1.709193
-2.729480
-0.953467
-0.575254
-1.490129
-1.552810
-3.377436
-6.165313
-1.951617
-5.957794
-2.971763
-4.982819
-2.702732
-3.456225
-6.587490
-6.262511
-5.095226
-4.080284
-6.623244
-7.989239
-4.109545
-7.873206
-10.029777
-6.286123
-5.659256
-10.378494
-6.782890
-5.511840
-7.007566
-5.724428
-10.073403
-8.816071
-11.449310
-9.197891
-10.083711
-11.059155
-6.613168
-7.671795
-7.376548
-11.636288
-11.637851
-8.426985
-9.636886
-12.712860
-10.682585
-10.830588
-10.651736
-7.307173
-7.382873
-12.775705
-12.693754
-9.753074
-9.285030
-8.295712
-9.591477
-6.705395
-8.070522
-11.715890
-7.458617
-11.555943
-10.019293
-6.652210
-6.968625
-5.739876
-10.823772
-8.491526
-7.467697
-8.160918
-7.402454
-8.988573
-8.821166
-4.403250
-8.797330
-6.733516
-8.827776
-9.002137
-6.120862
-4.142784
-5.648747
-7.496843
-2.962133
-2.373473
-2.558187
-3.015432
-2.668268
-4.326585
-2.086865
-4.738851
0.444137
-1.933842
0.085738
-2.597502
-2.942086
-3.644628
-2.728388
-0.226707
1.909321
