-2.662566
-1.202635
1.142474
3.634142
3.950071
-0.641570
0.334042
0.402667
4.930135
5.947785
4.669402
1.464637
5.503370
2.141561
6.294259
5.541338
6.609070
7.882124
3.217287
4.358278
5.278978
6.319221
5.526764
7.901669
4.902456
9.214511
5.798835
8.542898
10.407217
7.674499
8.160774
6.530283
10.859537
8.067042
9.891901
10.293468
9.801069
10.251504
6.792060
7.332257
12.125154
7.770270
9.445961
7.934473
12.869177
10.914057
12.373422
11.726797
10.874100
8.932776
12.896318
7.969397
8.817038
7.117887
12.642279
8.459970
6.803244
9.997845
7.882682
12.222038
11.414518
6.592281
7.468973
8.412027
6.372978
9.169865
7.693899
8.832237
6.944049
10.882625
8.321327
7.874258
4.553268
7.812468
5.114345
6.118835
7.354440
8.654657
6.317273
4.997766
4.733550
3.382932
4.881774
1.986231
3.959364
4.846285
6.771272
3.726746
0.638339
4.170422
1.476866
2.611399
0.523184
-0.851849
3.395959
-1.104986
1.137112
-1.172872
-1.510037
2.447302
1.818626
-3.010670
1.056379
0.379147
-1.618018
-3.485083
-1.275956
-1.610049
-3.725375
-3.801292
-5.702879
-3.235082
-5.350873
-5.388089
-4.535800
-2.858765
-2.480351
-7.497732
-5.208065
-7.176522
-6.797899
-6.049380
-7.356626
-5.018194
-8.087263
-8.768695
-9.688733
-7.701329
-8.256819
-5.671709
-6.860854
-6.821607
-9.844256
-10.108724
-7.898244
-11.943628
-10.376962
-9.389343
-10.885698
-8.475623
-12.567442
-8.588341
-12.619808
-10.823904
-10.504155
-7.245309
-8.167972
-8.978236
-8.213733
-8.474638
-9.421857
-11.063174
-8.602445
-8.611018
-9.664385
-10.951097
-10.255857
-8.170032
-8.495011
-6.521726
-8.750487
-10.848533
-9.612687
-8.224239
-8.602024
-10.030382
-10.091631
-10.918803
-7.634335
-10.275256
-6.249519
-6.978813
-9.415392
-8.857084
-4.529510
-8.352516
-6.399412
-6.050912
-3.577535
-4.390864
-3.184007
-3.009518
-2.254334
-4.077530
-2.464317
-6.907820
-5.839003
-4.546953
-2.027523
-5.887184
-4.168637
-1.654442
0.521561
-2.904575
-0.856521
-3.699586
-2.910662
1.550291
0.068069
-2.132634
