2.296670
3.191695
1.957918
0.345602
1.338556
0.396008
3.199402
0.684001
4.819699
5.129407
4.579262
1.493449
2.049588
2.108076
6.194325
5.151605
7.033500
3.550642
5.064149
7.130731
3.715792
3.623263
8.393090
8.780877
8.618432
6.473438
6.404283
10.523828
8.128976
10.504501
7.286785
5.797323
6.538496
9.981179
9.571450
7.843850
10.721862
11.454576
10.979470
10.140752
11.419270
10.422871
12.490448
8.529946
9.186741
12.920142
10.654740
12.381898
10.294594
7.902857
12.006846
11.880520
11.673044
8.321849
12.752098
9.451209
7.103777
10.788701
7.920419
7.700434
8.636675
9.227924
7.679236
7.219436
9.230768
9.412266
11.408540
7.946960
7.975717
10.308764
8.492501
7.283428
9.517101
4.856902
4.927502
4.111650
7.532578
3.749681
8.780681
8.594197
8.068211
7.206479
3.142281
2.627965
4.314863
6.704573
5.554579
5.520726
4.928583
4.974171
4.946041
3.512316
1.702451
2.303224
3.177872
-1.142874
2.343266
3.227599
-1.351015
1.846454
2.185430
-1.019424
-1.422141
0.331428
0.921683
-0.043088
-1.760480
-2.053688
-2.130896
-3.585809
-4.701224
-0.973365
-5.027299
-3.967982
-6.629562
-4.580400
-5.985088
-7.349454
-5.367243
-3.882976
-7.049672
-4.142709
-6.472927
-9.558171
-9.172399
-5.698832
-6.201328
-7.527862
-9.974435
-6.392404
-8.455285
-8.789906
-7.120270
-10.623251
-7.697789
-11.055260
-6.692537
-10.797377
-10.992861
-8.202598
-8.430158
-9.489736
-10.600895
-11.547678
-8.471857
-9.154557
-10.031286
-11.847201
-12.932972
-8.201632
-8.921866
-9.128264
-12.512602
-11.491959
-9.465725
-10.616711
-7.691836
-10.161226
-10.370881
-8.926936
-8.990505
-11.053917
-8.550776
-6.246115
-11.621713
-11.203790
-6.550859
-6.200390
-5.463176
-10.643815
-5.288939
-5.375347
-10.404905
-6.464517
-7.744938
-6.446090
-6.586767
-5.400722
-7.430516
-7.925093
-3.206666
-4.546036
-7.406362
-3.240850
-2.542506
-4.240701
-6.016450
-1.488997
-3.824165
-1.413046
-5.438385
-4.446894
-2.483724
0.040677
-3.062425
1.742948
2.043147
1.853068
-1.615448
2.788401
