2.602787
-0.373514
1.637912
2.677916
-1.270826
-0.863650
3.594964
1.877761
0.179943
1.985291
1.235072
1.333956
3.398676
4.997052
4.211947
6.909538
6.366316
4.143963
3.075154
3.568240
6.574934
4.414882
9.120190
4.439577
7.297361
9.898492
10.392243
6.435724
4.977006
10.067078
11.097543
6.534000
6.426270
7.399861
10.411630
6.635192
11.549100
12.161021
10.247359
11.503057
7.942245
6.859881
10.647548
7.960403
12.469565
9.455745
7.700202
10.118203
12.230166
12.302599
7.501471
7.262243
9.400048
7.542324
7.846617
8.951203
7.442022
7.219094
8.380232
10.749093
8.665254
8.188748
8.427925
10.260563
9.107467
10.552969
5.691661
10.141641
6.512950
8.888573
9.825010
7.277468
7.311195
4.523790
9.587830
6.046101
7.792673
8.459518
8.570762
8.214798
6.339632
2.595490
4.996224
5.007794
1.570957
3.067975
3.571497
4.654342
0.632227
0.448078
0.194341
1.766251
1.593104
-0.463641
-0.519693
3.902487
-1.241441
-0.906730
-2.651855
-2.137730
-3.103537
-2.843217
-0.063529
-3.619375
-4.369887
-0.252829
-2.760048
-1.553206
-5.465286
-3.335845
-2.893039
-6.303535
-6.564419
-2.966781
-5.422793
-3.170503
-7.256743
-2.909720
-3.899013
-6.503806
-4.494460
-7.996431
-6.067477
-9.457501
-6.555119
-4.646215
-10.432234
-5.770619
-5.648347
-5.438251
-8.701543
-6.433689
-6.586714
-8.795861
-10.573368
-11.653723
-10.410830
-6.976514
-6.809045
-11.613839
-10.933199
-8.957711
-11.335786
-10.390650
-11.453571
-12.243135
-12.725214
-10.732542
-10.806980
-10.427733
-7.917211
-9.561415
-11.871883
-12.525787
-7.559818
-9.915476
-12.683153
-7.387407
-8.374652
-12.172228
-12.218854
-10.372977
-7.566759
-11.205193
-8.413499
-7.957188
-8.517683
-6.108135
-8.436708
-6.165425
-9.801619
-10.177616
-9.550806
-9.997512
-5.563972
-4.360814
-5.856022
-4.847313
-7.122180
-6.660115
-5.875354
-7.140931
-5.707160
-2.358652
-5.010430
-3.964741
-1.231179
-1.863496
-0.556522
-1.960163
-2.617354
-4.115386
-0.422086
-2.390543
-0.243703
-0.290174
-3.294394
1.724322
-3.277724
1.885958
