2.320178
3.088748
3.528592
-1.409857
1.735883
0.916433
2.252700
1.200451
5.365651
3.638224
4.854584
6.488690
2.687075
5.593567
1.978831
2.820184
4.894832
4.629479
6.780397
7.327075
5.276142
6.772325
8.141284
6.499332
4.916111
9.133045
8.563068
5.458301
8.112078
8.318286
8.450531
6.770045
6.450652
9.890723
6.386836
6.496142
10.735331
6.592598
10.248486
11.224575
8.547532
7.428480
6.908825
8.827781
10.782966
8.463673
7.950753
12.375519
7.949455
11.556757
8.574038
8.713387
10.731641
9.108389
12.154221
8.040203
8.504620
8.419839
10.711978
9.784948
9.010892
12.087341
11.134818
8.878740
9.291187
6.643078
10.764347
5.851166
7.773692
5.825304
9.590021
7.789752
5.013377
8.184935
4.555542
4.988947
7.361375
6.673661
6.781637
3.709598
4.067324
4.331826
2.108018
3.102858
6.274680
3.732608
3.915305
4.342211
1.052962
0.434261
4.693848
3.752389
3.128212
4.406639
0.669255
1.111041
0.467897
0.080539
1.153642
2.640123
1.589172
1.674430
-3.048068
-1.796952
-2.949531
-2.643687
-4.724186
-4.756791
-2.034069
-0.918571
-6.273153
-2.424768
-5.075735
-4.336454
-3.861511
-6.046638
-7.721183
-8.050531
-7.001040
-8.775193
-5.898394
-9.121723
-6.239701
-5.332614
-9.812454
-9.915289
-8.552987
-5.279740
-5.412422
-5.705638
-8.388255
-10.468292
-11.156897
-7.846747
-7.544522
-6.277180
-8.946894
-7.685693
-9.351509
-10.973682
-12.546990
-7.961179
-6.849474
-8.182536
-7.550195
-9.466476
-8.397667
-8.929311
-12.949668
-8.979606
-12.946782
-7.929988
-8.813285
-10.120026
-11.963726
-7.874161
-7.342985
-8.509085
-12.171589
-11.561221
-9.982024
-11.241990
-10.892092
-7.558515
-11.888045
-11.174829
-6.322743
-6.818812
-9.341019
-11.071586
-5.748015
-7.073219
-6.758352
-10.119579
-4.383454
-3.895180
-4.835830
-7.287592
-6.993436
-6.962861
-7.603315
-8.004480
-7.279383
-5.374246
-6.694719
-2.813104
-3.974421
-1.652359
-5.920632
-4.089507
-3.962057
-3.682625
-4.045651
-3.831069
-4.467434
1.102714
0.230750
-0.249457
-0.800583
-0.192344
