0.795136
-1.401691
0.902735
-1.480798
3.464371
2.294765
2.575335
1.899206
2.959294
0.363421
5.811781
6.327497
3.687744
6.448843
5.332526
3.687297
3.733323
4.309154
5.325780
4.270792
7.548551
6.494307
7.129241
8.764569
4.963676
7.969596
9.052231
7.262373
10.858071
8.213006
7.590463
6.663936
5.658123
9.599673
8.424696
6.993392
8.562485
9.994432
10.300171
8.633941
9.817125
8.549598
6.998450
11.143471
7.012359
10.768428
12.216883
7.793964
10.585438
7.008962
12.860199
10.542111
7.225249
12.616364
8.843786
11.401338
6.865627
12.285989
7.660658
6.564180
6.986919
10.696083
7.004178
6.420709
6.833835
11.046464
7.262106
7.226675
11.158163
5.424585
6.350145
6.544165
6.036368
7.784306
4.970723
7.726404
6.635419
7.093419
7.590907
6.496322
8.184980
5.424524
4.056889
4.236418
1.544768
2.286909
6.816292
5.606642
5.483060
4.506111
2.271299
0.240491
3.784860
-0.796135
0.620270
-0.166998
-0.971093
0.357342
-0.152406
0.179144
-0.616002
1.618981
-3.759435
-3.406330
-3.165443
-4.544013
-3.952923
-1.247821
-4.432763
-5.046860
-5.246317
-4.207400
-6.138083
-1.637650
-4.423178
-7.586889
-5.062318
-2.486851
-4.654002
-4.682710
-4.411098
-6.902383
-8.296432
-4.701087
-6.620850
-4.304468
-6.870577
-7.352909
-8.001418
-6.937280
-8.266047
-7.022530
-5.981226
-6.010832
-10.117396
-6.466557
-12.084397
-10.629759
-7.205486
-11.768442
-8.079172
-9.262608
-12.534187
-9.923019
-11.271231
-9.626702
-8.172935
-10.343487
-7.703932
-8.464890
-12.271996
-10.126146
-12.628057
-11.273035
-10.915222
-12.756717
-10.257720
-7.958114
-12.523828
-11.777280
-6.663296
-9.869098
-8.860500
-7.026262
-11.222142
-9.409022
-11.285362
-10.646473
-6.789751
-7.566228
-5.561808
-7.056442
-7.200342
-7.737609
-6.754644
-6.616516
-5.106641
-7.447391
-4.647935
-8.621112
-2.842845
-8.194334
-4.784438
-7.630558
-7.143537
-3.124300
-1.640928
-5.852512
-3.547793
-3.173093
-4.724765
0.266822
-3.985011
-0.855438
1.242351
-3.986301
0.311131
1.040319
-0.315214
2.558831
