1.477284
-1.312602
1.522616
1.735455
1.824156
-0.943905
4.829409
2.487669
4.872720
1.429165
5.198406
3.436876
2.168900
2.797033
6.850025
4.486217
5.931696
4.746104
4.850249
6.361696
4.211745
4.949427
6.146693
8.602458
8.805833
9.137815
7.145661
5.372173
8.342984
6.320586
9.120418
6.745556
8.744067
10.712034
6.888945
7.319979
10.996376
11.212135
6.785469
7.016702
11.562398
6.757563
12.458697
8.990170
7.586706
10.711745
9.023094
7.170565
12.247812
9.741120
8.942666
8.971103
8.441733
10.737298
9.827792
9.104837
8.655821
12.591587
9.190661
7.055160
8.308211
8.615024
10.749737
10.243467
8.132341
9.998311
9.319230
9.912369
6.809527
8.854879
8.025806
7.895955
6.392618
8.436127
7.497673
7.763355
6.491067
7.595653
7.548984
5.063277
4.340926
6.037710
4.829636
3.311064
7.449218
3.568475
3.335708
1.530514
1.520425
5.514258
0.388470
2.078624
3.764466
2.474422
-0.819132
1.986822
3.276820
-0.414749
-2.325630
2.867282
-0.233330
-3.145475
-3.324927
0.830527
-2.203287
-3.599055
-1.657298
-4.397444
-4.927100
-4.713765
-0.625234
-4.541249
-3.450489
-2.756625
-2.598176
-4.115041
-6.104000
-6.153440
-3.531503
-5.401108
-7.342447
-8.771026
-4.230274
-6.330079
-6.470712
-9.956751
-7.745178
-6.910593
-6.872523
-5.596322
-9.252357
-10.190839
-6.325421
-8.408025
-6.054523
-6.883316
-7.622484
-6.490260
-9.795858
-7.421630
-9.213377
-7.491733
-10.048192
-11.153040
-7.563733
-7.373054
-9.056635
-8.470339
-11.589912
-11.478328
-12.773954
-12.059032
-8.087436
-7.393240
-7.903572
-11.081738
-9.046219
-10.616201
-10.241896
-9.192428
-11.072042
-10.790419
-7.726690
-8.535523
-9.841975
-8.068284
-6.164985
-8.589989
-8.650988
-10.270558
-8.963540
-5.310007
-6.384891
-9.200764
-9.877999
-5.547331
-4.709456
-6.902938
-3.305335
-6.694487
-3.338230
-4.525349
-3.133852
-3.732567
-6.865896
-3.084337
-3.960691
-3.033345
-5.101919
-3.936594
-5.429003
0.391137
-1.854905
0.607418
-1.662364
0.028536
0.624918
-2.204991
-0.342920
1.243061
