-1.652254
-0.245741
0.698105
-1.268968
1.562158
1.339336
2.790547
0.440881
1.631518
3.281370
0.803998
2.713374
5.886864
4.550402
3.688843
3.008284
7.572258
4.439001
3.644585
8.467500
5.435851
8.983379
6.561675
4.995011
9.690680
9.940976
8.328125
6.804606
5.314848
7.252593
9.517918
6.829563
9.885824
6.261663
9.705437
7.472714
6.336152
10.923107
6.684412
11.574024
12.525546
6.703396
8.689541
10.116634
11.055645
9.852186
12.468965
8.060905
9.128997
11.385093
8.517409
8.584660
9.743320
8.514105
10.449723
7.949675
7.262386
11.231182
8.978192
12.060152
6.926533
8.468139
9.415254
8.355727
11.587765
6.982399
8.007963
10.558689
10.746996
7.541298
8.380739
7.432192
7.649037
7.130664
8.835287
6.667386
9.443794
5.735583
7.321428
5.033190
6.165232
4.681683
6.030084
4.808947
4.822043
1.894187
2.343798
1.832467
3.547253
1.374451
5.319870
5.330434
5.118250
3.557078
1.924012
-1.309232
3.421113
3.199404
2.838379
-1.105669
1.947757
-2.183569
-3.248379
-0.335634
-4.393208
-3.796939
-3.065091
-0.064583
-4.065648
-1.458817
-3.704059
-3.356474
-3.828762
-6.373386
-3.934687
-3.670305
-4.552896
-6.905102
-7.190888
-6.898935
-7.613783
-8.303487
-9.089995
-7.443449
-8.207480
-6.356613
-9.549568
-9.614734
-6.659935
-8.514477
-10.019869
-10.776530
-9.928937
-8.102587
-7.305066
-7.041374
-6.474574
-8.195552
-10.438787
-10.970379
-6.661338
-11.626115
-8.300605
-12.653788
-10.284324
-10.287550
-12.797811
-11.717828
-12.190241
-7.557787
-9.902675
-12.935608
-11.869211
-7.189592
-10.887382
-8.431226
-7.178953
-8.429889
-9.989066
-8.766608
-8.232896
-8.594200
-8.805308
-9.061046
-11.898931
-7.458504
-11.420935
-9.071041
-5.819681
-8.164253
-8.328362
-9.345718
-7.104236
-9.943770
-7.166557
-9.599543
-5.851696
-8.666801
-7.277600
-3.097320
-6.551429
-5.354362
-5.645217
-6.579779
-7.213663
-2.579795
-3.885880
-4.250771
-1.389141
-3.767914
-3.213709
-4.351902
0.451157
-2.896971
-2.387079
-2.731422
-2.574421
-0.558420
-3.163608
1.704314
