0.264758
-0.221625
1.437962
-1.139384
2.701878
-0.985470
3.050571
2.120300
2.848708
0.860877
1.407114
0.806125
4.912133
2.538324
5.101612
4.616929
5.025876
8.071472
8.209833
4.736568
6.233509
5.027569
8.912086
5.405740
7.489891
7.237449
8.829358
5.852169
9.041859
6.604131
5.935164
10.300234
10.018841
8.725630
10.757415
9.642157
12.173150
10.303904
7.915144
8.308099
8.236982
10.611903
6.862671
12.553582
8.215144
9.787739
9.469948
7.507431
9.590804
8.941198
7.677626
10.227334
9.966288
11.427969
10.624211
8.064231
10.447583
11.574805
8.784787
9.777506
9.391017
9.854306
6.331241
11.273361
7.482270
9.491463
10.207273
8.440736
11.064955
9.206309
6.367759
6.444305
10.372095
6.735568
5.155558
6.748954
7.018348
8.216905
7.483344
8.152806
6.116755
5.675616
4.313268
2.748113
4.888325
5.563262
2.084847
6.125451
5.920755
5.919605
3.698573
3.060108
2.545564
3.625037
4.086991
4.168545
3.467788
3.039333
1.353847
1.333163
1.287468
-3.144615
-2.787686
1.648923
-0.532262
-1.989652
-2.956174
-4.336339
-3.767579
-4.785905
-2.203579
-3.537911
-2.849416
-2.892405
-4.057432
-3.504694
-3.495308
-3.053775
-3.587932
-8.775302
-5.910438
-3.475885
-3.805296
-4.835610
-7.338614
-9.992510
-5.799126
-8.943666
-7.008193
-7.682269
-10.868360
-8.836164
-6.973476
-10.626048
-6.209048
-6.480019
-9.511779
-10.405911
-6.802191
-11.833538
-9.953473
-9.833357
-6.785283
-8.213929
-10.787458
-9.444457
-8.707635
-9.431604
-10.510799
-8.766303
-12.779208
-12.082842
-11.160317
-8.306728
-8.713181
-11.597400
-9.762918
-10.647408
-9.697306
-7.783319
-7.892651
-9.651316
-9.097871
-9.943056
-9.442423
-6.678118
-6.237122
-11.102721
-8.624348
-5.721795
-6.131313
-9.576879
-9.613398
-7.490727
-8.534680
-8.833562
-7.656725
-8.061812
-6.226632
-7.141960
-6.466601
-7.399495
-8.061677
-3.169329
-1.656498
-3.254595
-5.487658
-4.029401
-2.048530
-3.405020
-3.753640
-2.168416
-5.112808
0.368474
-2.088656
1.009933
0.800541
-3.527194
1.462426
-0.197626
