2.120964
-2.124968
-1.160651
3.787242
4.499147
4.424684
4.311148
1.231951
-0.145095
5.988860
2.415008
5.021159
2.611264
6.482857
4.359880
7.320324
3.694127
2.453013
3.491822
8.310173
7.499955
3.814229
7.417194
5.738095
4.202874
8.199800
9.825824
5.926188
8.320832
10.751765
6.507371
5.508033
10.916004
6.985571
8.906333
11.365228
7.612259
8.972686
8.668498
9.840270
7.548162
7.995650
8.213520
12.009162
7.932542
11.291961
7.317683
12.441826
8.552619
7.970935
10.416465
10.496295
10.287191
12.170928
8.282330
6.964934
8.129637
10.152898
12.522820
9.851852
8.131126
6.956360
9.621969
8.672499
8.682266
8.010032
6.266272
5.962651
10.047466
7.982012
6.257325
5.436927
8.869674
4.558364
9.233901
5.791478
5.718625
7.099412
6.952643
3.257630
7.571751
6.412281
3.422438
4.592985
6.971636
2.900579
1.402658
2.885566
2.462468
1.196117
0.587456
1.308009
1.613004
3.202600
0.320396
-1.147472
-1.449160
-1.771061
2.194865
-2.373307
-3.251020
-0.049998
-3.940646
-1.537568
-3.471998
-4.157016
-2.640360
-2.124586
-5.221776
-5.164277
-1.178320
-1.649045
-4.654403
-3.762633
-7.245755
-3.617952
-8.039501
-6.418531
-7.071710
-6.767635
-5.838024
-3.885409
-7.314336
-5.078294
-7.213892
-5.825935
-8.412217
-5.681121
-7.707185
-10.066336
-11.019180
-6.046202
-7.216189
-10.013980
-5.938506
-7.984873
-6.375605
-10.409326
-7.051447
-9.023685
-11.847090
-9.362838
-7.410787
-10.834475
-12.525455
-12.686333
-7.513439
-9.799822
-12.886705
-8.654445
-12.146369
-10.864545
-12.109720
-8.485158
-9.494631
-12.633410
-8.668020
-12.617303
-6.843828
-10.810233
-11.248213
-6.546431
-8.508458
-8.710996
-5.939663
-8.651990
-10.107775
-9.467510
-10.605278
-11.064711
-5.557358
-4.810381
-5.710223
-6.946182
-9.880222
-7.813976
-4.195059
-7.639209
-3.338153
-5.022059
-6.716046
-6.833384
-2.212772
-5.454033
-4.780760
-5.916884
-4.608702
-1.134350
-0.697692
-5.364760
-3.490527
-0.855067
-0.366001
-1.588964
-3.990386
1.467294
0.142520
0.037347
-2.777330
2.521394
