1.112948
3.427441
-2.046039
1.796257
3.864101
3.923534
4.225886
2.737488
0.886239
2.809564
1.244896
4.191903
6.012620
4.186968
3.809708
7.109375
5.326251
5.305291
7.257084
4.767742
4.858321
5.911123
4.655403
4.663918
4.866025
7.619907
7.072856
4.883780
7.473309
9.881109
6.526841
9.705736
8.094231
9.680472
7.228769
11.774006
9.173659
10.324577
8.840888
8.212232
10.912020
7.118760
11.360657
12.307383
9.412397
10.269599
10.972109
12.058723
12.794496
9.737296
11.432327
11.518915
8.647934
12.303411
11.786975
9.630751
11.167088
10.560458
11.669643
8.277113
6.718811
9.590539
10.316748
6.230028
6.618762
5.839627
7.870797
8.550386
5.961770
5.805491
6.355242
9.639555
4.654392
6.540241
4.086464
5.096080
9.025907
5.006614
3.260824
3.551097
3.618511
7.480595
4.322633
5.710832
4.743791
5.203940
5.462503
1.767695
5.412593
0.739166
3.416240
0.022828
1.685791
2.925539
-0.323053
1.711624
2.184755
-1.503170
0.314163
0.141291
-2.414307
-0.745473
-2.563587
-1.058198
-3.997995
-2.931068
-4.607724
-3.556470
-5.410737
-1.115266
-5.658289
-3.298226
-2.070566
-2.310146
-4.103947
-7.331722
-3.545731
-7.470449
-7.538010
-3.675511
-3.434434
-7.769117
-5.026243
-9.632524
-8.305134
-6.677704
-8.648978
-8.051583
-8.599305
-8.342943
-10.823202
-7.564591
-6.075433
-6.617241
-8.276368
-6.636206
-10.893740
-12.123830
-11.657591
-6.976483
-8.271390
-12.354672
-10.710536
-8.020549
-12.794236
-8.098853
-9.024104
-12.404930
-12.100030
-8.559396
-7.140846
-11.537469
-11.681431
-10.829656
-11.764789
-12.657735
-7.036059
-7.724417
-7.636807
-11.358250
-8.433145
-9.421980
-11.598923
-6.744863
-8.133642
-11.648403
-10.218233
-5.495067
-9.677515
-9.898964
-10.201787
-8.056778
-9.589826
-6.045567
-4.758547
-5.855266
-8.961723
-6.920395
-8.511585
-3.359645
-4.461897
-5.854126
-2.960309
-7.685505
-7.342328
-6.352590
-1.009450
-0.996329
-3.536755
-4.024633
-1.588558
-0.858971
0.080088
-3.296284
1.090147
-0.695645
-3.619384
-0.772596
-3.135709
0.243061
