2.378303
-0.529224
0.195362
-1.161198
2.140957
3.099667
4.626439
5.363182
5.015581
4.420632
5.542864
4.917927
1.605972
5.895739
2.348615
4.540086
7.742471
3.894561
3.416390
6.931860
6.466256
3.600808
6.473774
7.264290
7.216285
4.671888
6.543098
8.645187
5.168314
9.095877
8.259724
9.319992
10.228029
9.317729
7.990107
6.224840
7.658542
6.922606
11.380148
9.993133
10.128396
11.649071
11.613527
10.377634
9.747317
12.665092
7.984042
12.714703
9.883876
11.810957
11.957140
8.495375
7.862575
12.092895
7.569589
8.907010
11.896408
11.132002
9.117223
8.460376
10.824230
7.197747
11.959402
10.239668
10.257316
5.789568
7.525509
10.774318
6.016084
9.238117
7.627488
7.361932
6.410840
8.534085
9.542251
8.196988
8.775335
6.599744
8.822484
3.975336
3.283295
7.759837
5.636663
3.471720
4.210216
1.311631
5.217000
2.054558
3.220544
1.015770
3.357317
1.220923
1.752540
0.299410
3.913941
-1.409692
0.209582
0.328164
-1.416334
-2.720857
-1.336891
-2.519405
-3.169003
1.419660
-1.156443
-0.206196
-0.195605
-5.054346
-4.911654
-3.808162
-1.926902
-5.943225
-3.929388
-3.564786
-3.198692
-3.841741
-3.172273
-5.853186
-4.905064
-4.460997
-7.679844
-7.122831
-4.548413
-3.968842
-8.124441
-7.870498
-7.242131
-6.475459
-4.980545
-5.648157
-8.559742
-9.511201
-9.686646
-9.988001
-11.768420
-6.273144
-7.694242
-9.550489
-11.431758
-7.123775
-7.151564
-10.090196
-9.210470
-7.962996
-7.103405
-11.336502
-9.286258
-9.772778
-9.071890
-11.097069
-10.699724
-11.774106
-8.459035
-7.661493
-10.667554
-8.994409
-10.244805
-8.928399
-8.567041
-12.163381
-11.210984
-10.045088
-6.217041
-7.375693
-6.210558
-8.036625
-10.944629
-10.673942
-8.948215
-7.276593
-6.285291
-5.624143
-9.728985
-4.934693
-5.093912
-9.409340
-4.685144
-7.196205
-9.117230
-5.393262
-3.090203
-3.346170
-3.786434
-4.085595
-6.882074
-4.629413
-4.416429
-5.237361
-3.627707
-2.257898
-5.457110
-4.368262
-2.451234
0.757072
-0.273612
0.829521
-3.912315
-3.013168
1.069191
0.989863
