2.106087
-0.446484
0.590916
3.215061
-1.156004
4.241047
4.646930
4.505992
1.464163
1.252536
4.369571
4.772722
5.288852
5.753738
4.323614
3.565676
4.546649
6.150090
4.832409
6.174095
8.625640
8.399045
9.065286
5.931903
8.448993
5.132710
4.988488
8.307324
8.429717
5.382568
10.428602
9.983343
8.796910
6.992991
9.988540
10.549791
11.104970
11.992861
6.448281
10.279408
11.640130
10.383946
7.686768
8.800834
7.348885
10.031378
8.658114
7.355263
9.785930
8.021628
8.208569
11.802517
11.844368
7.255244
9.076177
9.908474
9.519446
10.804451
11.628544
8.036746
9.683428
7.524081
7.380371
7.730897
8.610060
6.836033
10.027296
9.691230
10.877424
10.385063
5.045727
9.114802
4.869765
9.619417
5.497735
5.271794
7.585462
7.647816
6.644927
3.676401
7.883800
6.187409
7.551878
5.602726
4.662423
2.040061
3.240617
5.500941
4.657442
2.747086
0.422223
-0.378106
1.890374
3.695789
3.705158
-1.506158
1.647425
2.282271
-0.157689
-1.124236
0.013750
-2.996736
1.906658
1.175360
-1.873144
1.029518
-3.962011
-1.596194
-5.306388
-2.993166
-5.538237
-3.056972
-3.954340
-6.102769
-3.644711
-2.572509
-4.437834
-5.771703
-6.897851
-5.153999
-5.523784
-5.080817
-8.717498
-6.637705
-7.158031
-7.829090
-6.044363
-7.475211
-7.066331
-9.355055
-6.044233
-5.756163
-6.962696
-10.959097
-8.013288
-10.342497
-6.272414
-9.215526
-6.800916
-10.771014
-11.622574
-6.934871
-10.685196
-9.029473
-8.377460
-7.039673
-8.241486
-8.403354
-11.422552
-8.663554
-10.851203
-11.723158
-12.409130
-8.438934
-12.759286
-10.394734
-11.185628
-8.126328
-8.688101
-11.300045
-9.060922
-9.873418
-11.573397
-8.353280
-10.508997
-8.558717
-8.682689
-10.139626
-7.066433
-10.790347
-9.060581
-10.302397
-8.457226
-5.250480
-6.442519
-8.224725
-4.565918
-5.497438
-7.577004
-5.987544
-6.405352
-2.920415
-5.661010
-4.729916
-3.253430
-2.026144
-4.567660
-1.935983
-3.193265
-0.956370
-5.434931
-0.293462
-1.867377
-2.663507
-0.933824
-2.599762
1.733808
-2.823672
0.241311
-1.533390
