2.942722
3.446988
2.452862
1.799428
1.552359
4.809613
1.726329
5.260590
3.186164
3.534133
3.657682
5.001431
6.316591
4.556919
2.864778
3.668267
5.520419
5.206013
8.202880
8.677168
7.397117
6.222565
6.061376
6.080576
7.402819
8.123449
9.133797
6.394961
9.581736
9.486442
5.414270
8.398363
11.151902
5.972360
11.732924
7.102026
6.321966
9.842668
11.121823
9.834899
9.722937
10.985569
12.342929
12.198803
11.401905
11.617488
9.798011
8.262578
7.822573
12.918839
10.059449
7.199722
7.993563
8.966351
8.961476
8.995793
11.499937
12.342183
10.633118
7.560981
12.003630
8.214308
8.050021
11.169105
7.792542
8.988203
10.555200
6.050034
9.181879
5.304894
10.774463
6.518350
7.841148
7.386848
4.359216
6.514424
6.897374
3.778234
6.449516
7.699314
7.510981
6.175493
7.315596
5.717110
6.172235
6.432298
2.157818
1.216902
5.976522
3.772281
4.259244
3.761397
3.561848
0.925288
1.123672
3.034989
-0.692142
0.666532
1.434081
1.564282
1.008778
-0.859804
1.061339
-2.588546
-0.733811
-4.843177
-3.350274
-2.364393
-5.570944
-0.298292
-1.847719
-0.936987
-4.262551
-6.511351
-4.620965
-4.281872
-7.635962
-8.169910
-6.316732
-5.511615
-3.409414
-3.794229
-8.331956
-6.124011
-9.292790
-5.823167
-8.457321
-8.967396
-8.092162
-6.604372
-5.891471
-10.146041
-5.656444
-10.798164
-6.413675
-7.293334
-8.041886
-8.746469
-9.052058
-6.648515
-9.884842
-10.484325
-8.421403
-12.556759
-8.566068
-9.510037
-9.247555
-8.172634
-9.656684
-7.024670
-10.876666
-10.457894
-9.764307
-8.173859
-9.147670
-10.648844
-10.313259
-11.301366
-9.228688
-10.983496
-8.317338
-7.209465
-9.479240
-9.950171
-8.451619
-11.053149
-8.784103
-7.070279
-7.928540
-9.560423
-10.743403
-4.944186
-5.412991
-4.962087
-4.537151
-4.069822
-9.426599
-8.636776
-3.955650
-3.038870
-6.552462
-4.729849
-7.525067
-4.990347
-6.537065
-5.789572
-1.684731
-1.949969
-2.282125
-2.570398
-0.534028
-2.523997
0.127864
0.211432
-3.321529
0.807439
0.379783
-2.256899
-0.928001
1.409503
