0.017102
0.501534
-1.399566
1.807118
4.284861
2.176454
3.931298
3.099166
2.307477
5.240470
2.991982
1.096236
1.657447
7.080500
1.936787
3.988326
3.644675
5.584436
8.002861
6.251132
7.667103
8.139164
9.375837
9.287167
7.104836
7.343590
7.983679
9.186375
6.316399
9.895400
9.403326
6.048054
10.776752
10.436639
10.792138
9.403488
10.169243
11.611717
7.260329
12.293701
10.658931
11.073885
10.504348
9.769965
10.279902
10.312911
9.001904
7.131281
9.096520
10.539413
11.390467
12.883565
8.278716
9.241162
9.343851
7.036308
7.725312
7.162658
11.597496
6.588197
8.445478
7.449473
8.832282
11.467996
10.776184
10.150594
6.956868
8.662868
10.510851
8.136026
6.720395
8.229347
8.261900
7.790150
5.451356
8.860839
6.165182
3.727076
3.908052
6.239879
5.740553
4.245586
7.252613
6.632820
5.795249
3.039445
1.727842
3.201628
2.506688
0.739161
4.476777
4.028821
4.271958
1.147211
2.794630
1.687814
3.341202
2.689070
-2.619977
-0.413898
0.313920
-2.354538
-0.065088
-1.175903
-0.384417
-1.502930
-4.531468
-1.245595
-5.727201
-2.808862
-4.756865
-4.280405
-4.517143
-7.195549
-5.894880
-6.026572
-3.982854
-7.956309
-6.241236
-7.066310
-6.030136
-7.101288
-5.840700
-9.471802
-8.101608
-7.271307
-10.486809
-4.798667
-7.539193
-5.504944
-7.055103
-7.746693
-6.267721
-8.952119
-8.466503
-10.143638
-9.405111
-9.448775
-8.277324
-10.049816
-8.016609
-9.848394
-12.641175
-10.827635
-11.495706
-11.461637
-11.911535
-10.107228
-8.085876
-12.087098
-9.620176
-12.783998
-12.901371
-9.261378
-7.969703
-7.048474
-7.439147
-8.717682
-12.409208
-11.688398
-10.160681
-6.582963
-10.058774
-11.057707
-11.060822
-7.386960
-6.536978
-5.858388
-9.507934
-5.357751
-4.986160
-7.628852
-5.956814
-9.132830
-6.845495
-9.430340
-7.775270
-7.998153
-4.676564
-7.520255
-6.533013
-3.823979
-5.960752
-3.247792
-5.442662
-2.091112
-1.217892
-2.894223
-0.639425
-1.559115
-1.058359
0.107183
-1.740016
-4.724573
-1.573933
-0.347737
-2.738259
1.111099
-1.029119
-1.627811
