3.072280
3.615374
-1.065003
-0.328931
0.808744
0.241098
2.517577
3.206862
4.651638
3.150872
0.578097
1.390820
3.650853
6.219618
3.026764
6.019246
6.402198
6.011383
7.624183
5.476008
8.928159
3.784133
4.615564
5.784858
6.152001
5.117888
5.105678
8.963841
6.453361
7.249618
9.253784
8.191322
9.300060
6.361426
10.287857
8.835553
8.952113
11.936588
12.153645
8.131555
12.105588
9.659205
8.265960
9.707709
10.284671
9.416580
7.285866
9.595905
9.402357
7.618830
10.097397
9.526267
11.679511
10.604161
7.299270
10.321440
10.965532
7.083409
10.001770
8.342170
8.284297
8.018760
6.215728
10.436477
10.409031
8.978284
8.872488
7.066282
5.332346
8.419432
8.139041
8.488478
8.233180
4.467546
4.779926
7.800669
5.801978
6.151911
7.892402
6.391718
8.486727
2.741804
2.478247
1.845646
4.035361
1.662318
6.650296
6.035198
6.139770
5.212547
3.982087
2.062088
2.961403
0.428505
3.298326
3.850263
0.091497
0.042294
-1.280472
-2.646474
-1.679714
-1.939035
0.159149
1.064749
-1.915889
-2.731989
0.296449
-2.750365
-2.877504
-4.136582
-5.356862
-4.888061
-6.841448
-2.558586
-6.462928
-2.588680
-2.514065
-5.266592
-6.565014
-6.430864
-6.573827
-5.927790
-4.688019
-4.043401
-8.841307
-4.783212
-6.072498
-10.272396
-9.031408
-9.481561
-7.054280
-6.971187
-11.584210
-7.126126
-10.443017
-11.450941
-8.456080
-9.389852
-7.173292
-7.430734
-8.329272
-10.433713
-9.301074
-12.106126
-9.937148
-7.977350
-7.571686
-10.941872
-9.461987
-10.456004
-12.808765
-9.577711
-7.318522
-10.154055
-10.828350
-7.689391
-12.142505
-11.894230
-9.962640
-9.112084
-7.508600
-8.025932
-10.315550
-7.568483
-9.190028
-8.256667
-6.190495
-9.800016
-5.318691
-8.788164
-9.951875
-9.928357
-5.135968
-5.770531
-8.294500
-5.786923
-5.431817
-4.786666
-7.180030
-3.358227
-7.349665
-6.929174
-4.849909
-5.979375
-6.336005
-5.677235
-5.479769
-0.883880
-5.984356
-5.659350
-3.307084
-3.674661
-4.055103
-4.575392
-3.340607
-1.392106
1.587726
-3.241291
2.647670
-1.249039
