1.143474
-0.199528
3.056777
1.874605
1.938722
3.300380
1.336426
4.974861
3.331454
3.997810
0.792782
3.059548
5.008410
4.022573
5.312837
7.183133
3.190024
6.376894
3.252483
3.566749
5.775602
5.055825
8.527663
9.434682
10.044924
6.301788
6.372654
7.575829
10.688098
6.204016
7.333343
10.075091
9.983777
9.915982
8.650950
10.083011
11.412609
9.495481
7.133327
7.580801
7.576432
8.900634
8.175666
7.424741
10.787157
7.015561
9.886864
9.063416
11.796078
12.494855
10.751149
7.118600
9.059201
8.197661
10.756131
11.455521
11.728175
10.416970
10.543825
10.605345
8.152842
7.266098
6.391385
9.892268
11.198397
5.955623
8.241658
7.453809
9.242972
6.658420
5.608801
8.737447
10.065726
5.779834
5.704895
6.804627
6.315470
7.553514
3.790573
8.693630
4.670654
2.381297
5.381273
5.418578
4.632886
6.360025
5.362486
6.225504
2.707794
2.838972
3.205760
-0.114197
2.673696
0.771313
3.774445
2.419686
1.920723
0.048017
0.326000
-0.193260
-1.316841
-0.925479
1.144643
0.082887
-2.621781
-4.306410
-1.808552
0.198655
-5.049106
-0.738962
-2.409518
-1.483160
-1.985249
-1.418020
-1.816014
-7.801495
-4.738464
-7.356068
-5.625906
-5.976007
-6.629539
-4.983931
-8.539257
-4.229584
-4.469560
-5.215434
-8.152307
-9.946115
-6.042742
-10.206063
-6.207843
-7.089749
-11.261590
-8.903118
-8.762512
-6.098911
-9.360557
-11.252092
-9.541991
-8.861935
-11.442070
-9.950567
-10.190181
-7.486366
-12.196397
-7.622534
-10.938746
-11.239878
-9.449953
-9.219621
-10.614813
-12.053002
-7.586636
-8.799531
-11.675461
-7.764221
-10.014865
-10.282518
-11.302869
-8.885337
-10.848247
-7.887638
-9.859315
-7.068276
-7.167486
-7.708669
-6.420823
-7.240265
-6.166017
-6.340699
-6.822852
-5.676566
-10.196065
-5.139848
-7.312946
-7.048157
-8.623213
-7.484364
-9.124419
-4.741973
-5.527305
-6.662605
-2.195037
-5.690120
-3.642004
-6.117932
-1.249243
-4.538617
-5.077485
-1.159219
-0.251333
-0.380871
-0.428078
-2.719196
-1.900672
0.778246
1.575415
-1.366845
0.089958
-2.332262
