-0.860065
0.886779
0.499362
-1.174888
0.873084
-0.509022
0.083314
0.299100
4.751534
3.628019
0.921304
1.160887
6.547459
3.107149
5.376387
1.865190
3.060099
4.269142
2.800663
8.201659
8.588662
6.438942
5.650578
9.427354
4.542059
7.608447
7.974315
6.671280
10.180899
8.424438
10.944068
6.504844
9.497599
10.652753
7.639862
11.905881
9.276964
9.691751
9.167944
7.516606
9.401485
12.411926
12.585315
9.208661
8.821571
10.095094
9.152425
9.024588
8.606076
7.040889
9.965922
9.589979
10.278937
7.348989
9.134698
8.443537
12.105509
7.582153
11.706955
8.838219
9.594910
6.630802
10.828992
7.633047
10.929261
6.214247
8.444820
8.984545
9.271336
10.152321
5.794782
9.619008
8.189272
8.120247
4.574863
7.077935
5.977828
6.016995
7.098857
8.362943
3.068565
3.896619
2.841015
7.364997
4.785337
6.248994
3.396668
6.085440
3.584268
0.827412
4.216789
5.105977
1.893216
1.237273
2.423016
1.277014
-0.155490
0.535461
-2.096236
-1.106024
-2.370350
-3.328082
-2.736686
-1.844409
-4.031144
1.057815
-2.404797
-3.657840
-3.720720
-0.991577
-4.043906
-5.889849
-3.347305
-5.728576
-5.191115
-7.349228
-6.974374
-7.951200
-3.041222
-4.608995
-4.927598
-8.898964
-4.624598
-4.879399
-6.187099
-9.944757
-5.090719
-8.741398
-8.494304
-6.045334
-9.688523
-8.327428
-10.609601
-5.804267
-7.336543
-7.071198
-9.567619
-11.140705
-8.757299
-7.996844
-11.872131
-12.400558
-11.352229
-10.747009
-11.236693
-8.245107
-9.411051
-11.262168
-7.702247
-9.110424
-11.228226
-8.346061
-12.061318
-11.730388
-8.602292
-11.109555
-9.966348
-9.353393
-7.523606
-6.617461
-9.998980
-10.427561
-8.380054
-9.621322
-10.067052
-6.201464
-8.400015
-9.566518
-8.828121
-10.277480
-6.964477
-8.308580
-9.151376
-5.921842
-6.959763
-5.188003
-9.577449
-8.128332
-7.743955
-3.396715
-7.499297
-6.822083
-7.451469
-4.130837
-3.003046
-4.199667
-3.661590
-4.643928
-2.104648
-2.461269
-2.528401
-2.080262
-1.924589
-2.448526
-2.550478
-0.848077
-3.858649
-1.840887
-2.524515
0.776151
