0.534644
1.760658
-1.166863
0.012368
4.010638
3.922856
3.966595
1.394423
2.224664
1.964310
1.443389
2.706050
6.529044
2.410037
2.430841
4.718116
6.293909
4.984005
6.008411
6.397538
7.570625
3.872733
7.008342
5.116300
9.479618
9.842725
7.619228
5.326540
7.865271
10.099285
9.350508
10.426888
8.802448
11.611643
10.710357
7.167123
11.640358
9.728530
7.898922
10.592357
10.025039
11.922526
9.819613
7.904552
9.789747
7.327785
10.627754
8.003390
7.768783
10.295657
10.056595
11.539729
7.408551
8.108547
7.947377
7.772504
11.382768
7.697276
12.156196
6.654848
6.713676
8.919938
9.230722
7.437028
6.691017
7.778651
10.404676
5.814124
10.452237
5.272523
8.841931
10.265307
5.674821
7.824228
8.582728
4.017066
5.257691
4.677919
7.311671
4.816081
3.283743
4.874229
5.390261
6.844476
3.697383
6.410088
6.793744
4.312395
1.093812
5.128201
4.850968
3.615983
1.301834
1.061924
-0.306255
3.622766
2.034306
0.353907
-0.204966
0.888308
0.762515
-3.353088
-1.120601
1.365759
-3.794437
-1.983998
-1.013147
-0.143143
-2.227887
-3.804206
-1.721671
-1.559234
-1.020773
-6.468060
-1.910312
-2.989574
-2.886532
-7.521733
-8.554058
-3.141811
-4.581197
-6.211697
-7.438790
-4.318381
-7.253525
-9.035785
-6.040735
-4.736587
-10.819655
-9.899807
-10.641980
-7.460831
-6.852896
-6.240975
-7.367578
-11.036580
-8.882085
-9.055268
-11.925905
-8.007898
-9.080843
-12.025361
-10.692002
-10.987160
-8.696351
-11.851832
-10.345880
-7.903630
-10.590240
-8.283260
-8.446097
-7.052039
-12.514591
-9.074714
-9.885395
-10.339083
-10.665197
-7.811372
-9.237775
-9.808690
-9.319519
-8.346751
-10.938577
-11.627998
-6.544132
-11.067412
-11.534840
-6.286076
-5.946343
-9.413713
-5.467900
-9.662157
-5.866447
-9.339587
-9.805676
-6.585098
-4.838780
-6.342090
-8.254581
-4.154102
-8.007612
-6.349384
-6.963698
-3.263251
-1.770101
-4.422340
-6.064795
-6.637565
-3.665586
-4.177235
-4.828158
-3.892498
-4.502509
-4.629447
-4.085061
-4.092248
0.265992
-3.461261
2.629576
-1.257302
