2.522297
2.472343
3.509730
1.303039
-0.704969
4.495181
2.871315
5.071957
3.371311
4.262849
3.067849
5.348389
6.705791
4.969947
6.656174
6.320801
6.133687
6.535515
3.863754
3.063080
7.196575
8.528513
8.393820
6.369488
7.112705
10.162911
7.320785
5.964315
9.474129
6.294948
10.661751
10.714069
7.133653
5.819949
6.652743
8.105836
6.564584
9.569603
12.100257
12.343283
8.780672
8.032463
10.184985
10.103672
9.991644
9.040432
8.386068
10.112432
12.357922
7.301471
8.765261
11.967417
7.746547
12.155623
8.816083
9.874181
10.293608
11.201658
7.105907
11.270293
11.304347
9.391464
12.106153
6.458421
11.169584
8.739379
7.654780
11.226688
6.293029
5.501996
10.112086
5.729970
8.494041
8.090262
5.011945
4.319430
4.525744
8.913620
4.713898
7.520207
6.965400
4.553685
4.827705
2.039191
4.387276
4.692825
3.111352
6.173667
4.574484
1.445899
1.838793
3.568970
-0.034611
1.453215
-0.843804
2.606079
2.426259
0.362533
-0.610836
1.632470
-0.445496
-3.483063
0.508220
-2.365847
-2.487317
-4.565431
-1.864666
-0.472675
-2.244787
-5.287619
-3.982140
-2.459414
-6.166251
-6.081677
-5.801110
-4.531766
-2.594459
-3.315364
-6.136364
-5.150956
-8.925410
-4.991296
-7.435310
-7.177878
-5.066324
-9.902262
-5.869509
-8.736141
-6.094487
-11.048278
-7.324077
-6.479253
-8.543177
-10.522419
-11.514837
-11.397956
-7.805873
-10.271272
-9.684171
-11.879822
-9.600657
-11.292683
-11.923094
-9.216061
-11.932642
-9.345921
-7.231065
-8.428270
-7.295898
-10.876297
-9.797493
-9.913921
-11.813793
-8.258416
-8.278683
-7.342823
-11.087667
-11.692277
-10.116790
-10.439998
-6.505360
-9.590145
-7.471947
-11.148231
-6.851674
-11.530585
-8.574706
-7.820451
-9.941257
-7.745912
-9.489478
-8.286763
-6.277752
-5.855826
-9.938640
-6.858453
-7.704916
-8.158709
-3.751939
-7.901882
-6.527171
-6.921371
-5.982399
-4.295514
-6.788515
-1.943647
-2.437120
-5.214897
-1.801377
-5.986889
-2.198254
-4.923489
-3.189570
-2.743912
-4.035353
-2.148310
0.836772
-1.211853
-1.226787
1.810470
