0.168861
0.808095
0.563769
-1.727106
-1.164055
4.397240
4.112444
3.581304
0.950172
1.595968
4.370424
2.017020
1.099743
5.345415
4.261858
4.759846
3.594013
2.827923
5.707223
4.041031
5.108728
9.222192
3.818866
4.877977
4.446502
7.899888
6.521949
8.524848
5.644883
7.599922
11.179223
8.854189
7.195010
10.794086
7.323219
9.305736
11.004450
10.719250
8.702685
10.430121
11.497895
11.229488
12.204310
11.761664
8.477758
8.108894
11.476532
7.316002
12.610281
12.251512
9.282704
10.429283
11.480299
11.219601
10.382659
7.650950
10.899346
11.070120
10.726025
8.313693
10.409667
10.947741
10.529431
7.186131
6.907328
8.739224
7.376126
8.156203
6.437522
10.868981
8.798703
10.674670
9.957035
8.582553
7.076789
7.777058
5.474523
5.476523
3.462191
6.547208
3.329816
6.233925
4.593037
3.265619
5.531169
2.997439
1.110686
2.654814
1.907658
0.552774
4.395132
3.815324
2.097397
1.510208
1.312182
-0.391796
3.341666
2.816759
-1.532224
-2.680261
-0.110829
1.671257
-1.790373
-3.421681
1.225631
0.595358
-1.583777
-2.463020
-5.470515
-4.506582
-0.916048
-3.597208
-5.063412
-5.743237
-2.502693
-2.529690
-4.285753
-4.836715
-5.803455
-4.601084
-6.729537
-7.017350
-7.112620
-9.095812
-9.820075
-8.447627
-7.418881
-10.063495
-9.440654
-9.694245
-7.330512
-9.267846
-10.851864
-6.924108
-6.526998
-9.846370
-6.452014
-8.295848
-9.498578
-10.968517
-11.354808
-8.449048
-7.137727
-8.707577
-8.791331
-10.916024
-8.214147
-11.662211
-7.527812
-12.334016
-8.735086
-12.397896
-9.246892
-11.678830
-10.847004
-11.003418
-12.636443
-10.074976
-9.325546
-8.454672
-10.180733
-6.971756
-7.032334
-8.310682
-7.079016
-7.707003
-9.492798
-7.199659
-7.254309
-11.058716
-9.182299
-5.585494
-8.142673
-8.259543
-7.608470
-8.895055
-6.087221
-7.331008
-5.100802
-4.648149
-6.998891
-7.511254
-2.229696
-7.172441
-4.523848
-7.063287
-2.743804
-6.231907
-5.983790
-2.408531
-5.307941
-3.224071
-1.763719
0.185670
0.674032
-1.464581
-3.722156
-0.830910
0.720552
-1.683874
