1.187306
-0.238896
0.142137
-1.052914
4.093152
4.782659
-0.509539
4.186830
2.596375
3.330328
1.881843
2.147112
3.119940
4.949642
5.897402
3.915938
5.970559
3.267385
6.883096
5.860597
5.622877
5.339187
6.557656
5.491803
8.380998
5.968440
7.835230
6.031535
9.727946
11.051222
6.002897
7.359750
8.808467
10.392847
10.940976
11.533437
9.597805
8.713853
8.630272
6.991313
8.636422
8.132622
11.892656
11.060487
10.287700
7.338763
7.228797
9.354897
10.327929
8.503697
10.707052
10.244414
8.457759
8.508398
9.967440
11.343252
11.262524
9.723913
10.588071
7.429895
8.187474
6.982311
8.614054
10.540563
9.933103
10.644303
10.760331
10.751545
6.584586
7.895664
6.658977
8.645346
6.101847
9.370219
5.119000
4.872822
5.937375
5.197698
4.089126
4.985736
3.758230
6.596739
4.619690
4.025934
3.482730
6.203413
3.998739
2.481641
1.434574
1.905086
3.864008
4.380561
0.524143
-0.284688
2.869697
1.126145
0.287563
2.951461
1.652855
1.635908
2.204742
-0.532948
-0.623719
1.240501
-2.291920
-2.872047
-4.242923
-0.406158
-1.094894
-4.905310
-4.456914
-1.600009
-5.476694
-5.351967
-2.866237
-6.278701
-6.041541
-2.871423
-2.650373
-2.965017
-3.639871
-4.427596
-8.861381
-3.981519
-6.480361
-8.671026
-6.831110
-8.597460
-7.701172
-7.195418
-10.028468
-10.232306
-11.020180
-9.919755
-11.269582
-12.046051
-10.971488
-7.707765
-10.193938
-8.847380
-9.897759
-6.733528
-12.511524
-7.750266
-10.560810
-9.513469
-11.128087
-8.357275
-11.863564
-7.092626
-8.157516
-10.235792
-12.694564
-7.925611
-9.370366
-10.172254
-10.033324
-11.833213
-9.561546
-10.868508
-8.106101
-11.538316
-9.990536
-8.122141
-8.850543
-8.985738
-8.722008
-5.876186
-9.176938
-10.783127
-6.103912
-9.905039
-6.608063
-6.575264
-4.185688
-7.657636
-8.714075
-3.938462
-7.628272
-7.778234
-4.575611
-4.709536
-7.652420
-6.576449
-1.560781
-5.107013
-3.256692
-2.446383
-3.553982
-1.472801
-0.565559
0.018782
-4.200172
0.835382
-3.546373
1.561316
-0.651576
-1.585011
-3.312749
1.170733
