-1.984683
1.582217
0.613940
-1.228618
3.156311
1.472973
0.583369
5.186981
3.458984
0.945292
1.959621
4.790888
2.105649
4.350248
1.882717
7.515789
8.049934
3.180857
5.533482
6.244772
4.717918
5.645707
4.519120
5.704379
5.087173
7.719596
8.709675
6.348345
7.264621
6.689974
7.415608
6.598945
8.233018
9.760798
11.590426
10.193488
9.902637
9.806972
8.536313
7.782156
11.658054
6.885374
9.927547
11.958110
8.887569
8.029042
12.312943
12.574306
11.531238
7.519837
11.706241
10.047477
12.019210
9.237941
7.783214
10.413193
8.548883
10.723768
10.565629
10.768901
10.908616
12.281381
8.952144
10.870191
8.343526
9.657556
5.729284
6.728266
6.835071
5.666729
8.115652
6.781659
7.869446
6.673454
4.653518
4.266091
4.529322
8.557706
4.721003
6.757917
5.614700
4.217231
6.999022
5.622940
6.092975
1.952251
2.923234
6.563025
2.094920
3.113671
4.337571
2.070594
4.382871
3.919726
1.282139
0.823724
-1.109011
1.687748
-2.172824
-0.383461
-1.205335
-2.231295
-3.092245
1.069701
-1.456935
-0.736887
-0.825268
-2.493410
-0.383421
-0.939968
-2.549754
-1.067737
-4.873906
-1.436367
-3.478837
-4.283229
-5.952496
-6.652678
-6.122904
-6.445060
-4.482717
-5.593945
-7.151581
-4.254958
-6.101299
-9.062755
-6.553495
-10.003172
-5.107106
-7.822733
-10.171247
-10.145077
-9.877928
-10.046381
-6.265813
-6.410754
-8.406338
-11.552679
-9.156630
-8.904779
-8.337194
-8.677462
-7.031689
-12.174081
-7.233490
-11.787115
-7.022586
-9.443827
-10.296314
-10.984639
-9.246635
-10.997156
-11.666609
-9.755520
-9.527757
-10.677962
-9.627502
-10.526543
-8.792826
-10.957979
-10.360651
-9.204706
-6.320827
-6.674272
-11.734247
-6.700044
-11.235656
-7.281556
-7.305305
-11.060643
-6.310870
-5.075575
-7.468181
-7.405014
-9.394354
-7.700118
-5.038488
-4.521242
-6.959472
-8.575025
-6.026436
-7.170371
-7.618357
-3.030409
-6.146256
-7.036579
-4.149227
-2.971272
-5.041473
-5.899888
-0.763225
-3.995575
-3.413917
0.458047
0.270539
1.231247
-2.157053
2.099714
-1.399323
-1.458415
