-2.448055
1.773762
-0.453264
-1.712044
1.272242
2.368460
0.798069
2.846611
1.381657
2.155312
0.968075
6.553539
3.814817
4.623883
1.894774
3.593431
5.197035
5.256311
2.807369
3.800992
8.918466
3.378367
6.562291
8.429019
9.701741
5.381964
8.694913
8.359875
6.707759
6.335157
9.730422
6.434152
6.829494
7.590553
6.319347
11.645743
11.131743
10.487631
8.712108
8.986726
10.973478
12.679065
6.855665
7.022924
8.812116
12.345157
8.543837
8.678701
8.940062
8.538765
11.815196
7.977693
8.041201
9.326962
12.649328
11.274375
7.184749
10.057911
12.486199
6.704392
11.941443
8.863910
11.209705
8.291451
8.229964
6.439307
6.631206
6.941160
6.287160
6.038573
9.398020
6.930033
6.158391
6.176527
7.853871
4.880184
7.207791
7.956600
3.242079
5.812227
5.271574
6.231797
4.639053
5.418511
2.367461
1.321307
5.957270
2.964212
1.515121
2.077472
5.627790
2.351658
5.084094
0.806715
0.437829
1.066556
2.053227
2.583408
1.938187
2.820494
1.890929
-2.529048
0.950861
-3.131152
0.706633
-0.883425
-0.307272
-5.046362
-1.708303
-4.440778
-6.036898
-5.432621
-5.694209
-5.331613
-4.712326
-6.015120
-5.120732
-6.057923
-8.084799
-4.564064
-5.485351
-5.682800
-7.332742
-8.277239
-8.194983
-5.837493
-8.215612
-8.786563
-7.340896
-9.069128
-8.405418
-11.406991
-7.524061
-5.825109
-9.545284
-6.320938
-9.306134
-10.947096
-11.136825
-10.302285
-11.049168
-8.097527
-10.828959
-7.645514
-12.757668
-12.800663
-10.070505
-10.649565
-7.257983
-9.299590
-9.681956
-7.538258
-12.733238
-7.445837
-7.361374
-12.588641
-10.725036
-9.597767
-12.557288
-9.379364
-10.094600
-9.770780
-8.393141
-11.989608
-8.321963
-10.702516
-11.441928
-6.651332
-6.715024
-9.536013
-10.512496
-9.097115
-5.724835
-5.199725
-4.490053
-5.176427
-4.331979
-5.021546
-7.169869
-6.522985
-3.548907
-3.171680
-3.685253
-6.399134
-3.719558
-4.536302
-2.802135
-0.884210
-2.468959
-0.801076
-4.418004
-0.797193
-4.846337
-4.463918
-0.717953
-1.576450
-1.953520
0.107263
1.222957
2.061106
