2.410316
-0.201435
1.388380
1.962076
-0.202664
3.054015
5.097189
2.766060
1.522477
0.887422
1.898943
5.225318
4.758717
6.363932
6.053020
2.511303
2.613829
3.926490
8.401384
5.060941
7.575402
8.567760
7.464386
7.872478
8.182414
5.968395
6.281199
9.536475
5.185978
9.162399
9.132414
10.932028
6.965549
9.695635
6.682698
7.776962
10.159198
6.967171
8.473636
7.557354
7.366966
9.906535
11.985047
8.493677
7.032389
9.803654
11.696886
8.117735
8.203456
12.689053
12.598886
9.651878
10.486723
8.844221
9.296728
12.549321
10.388412
7.380397
11.788684
10.115719
6.869003
6.473374
6.221573
10.642271
7.173585
9.429123
6.614055
7.168442
9.908881
5.321506
6.518470
7.325467
4.507610
9.057142
6.990577
7.028276
5.438229
5.700287
8.418159
4.896968
3.517317
7.551293
3.561615
2.207030
2.527293
4.140552
1.069640
5.194497
6.221409
1.006785
3.616086
2.050941
1.213041
0.753537
3.717003
-0.357790
3.083000
-0.620330
-1.677052
-2.616568
-1.364691
-2.257681
-1.787447
-0.454083
1.292345
-1.542842
-0.191124
-1.538958
-0.006143
-5.133779
-2.164910
-5.286061
-4.656488
-6.063902
-3.956227
-3.977689
-7.396589
-6.278589
-4.765185
-6.999053
-3.828779
-7.840099
-5.012934
-7.642415
-8.361704
-8.685382
-10.035692
-9.025133
-6.915518
-7.762554
-6.171485
-6.417273
-9.735914
-10.582062
-11.534991
-10.526408
-7.058045
-11.548119
-9.989151
-8.887505
-11.784626
-9.128970
-8.295280
-8.673117
-10.486836
-12.258893
-11.407773
-9.363472
-8.725010
-12.694115
-12.364104
-9.856047
-11.100034
-7.959016
-10.395022
-7.059021
-10.951870
-11.971477
-12.273357
-11.196075
-8.854956
-10.133090
-8.814552
-6.281206
-11.159979
-11.671627
-6.278240
-9.190844
-7.750516
-8.084715
-6.849106
-5.634900
-7.869619
-4.290607
-7.905006
-8.339999
-8.105133
-7.754310
-5.817104
-7.706177
-6.164199
-6.434415
-7.609782
-1.965878
-1.983756
-1.631404
-4.351977
-5.190052
-2.931735
-1.932037
-1.904364
-3.221668
-4.366219
-0.530505
-2.217536
-2.267431
1.866631
0.682918
0.351842
1.976483
