-0.056398
1.920146
-1.569167
1.206543
3.749258
4.149157
1.423024
0.433547
2.359630
4.470766
0.848025
5.374281
6.083792
3.496362
2.956007
7.222260
5.607854
5.347938
3.963269
8.863018
5.632561
4.045742
4.874389
4.776766
5.766671
5.629264
8.533337
7.147417
8.888568
7.143682
10.418788
5.945154
10.945504
7.791795
8.129678
10.091434
10.287345
10.277012
10.836436
11.710079
7.607520
11.599331
11.626794
11.736492
11.780434
12.211390
11.243045
12.628633
9.568306
9.455764
10.911970
12.603106
9.517244
8.042641
11.807250
9.824902
7.328129
12.467146
6.705688
8.398167
9.546184
12.018814
9.296946
9.058741
11.860315
7.501280
9.556593
5.986463
5.945650
10.397735
8.641864
6.562494
7.568206
8.796749
6.788359
9.081727
9.194503
7.861058
5.715196
8.308816
3.408907
7.453766
6.132097
4.536964
6.780700
6.013678
1.267266
3.403088
5.064205
5.840012
1.846429
0.966901
1.057953
2.275826
3.661645
1.902272
-0.541713
2.352203
1.576880
1.862236
-0.686810
-2.533539
-2.179754
1.448749
-2.928033
-3.354325
0.673222
-1.464656
-0.169368
-5.562337
-2.989391
-4.598209
-5.468486
-5.100765
-2.602076
-6.861837
-5.039877
-4.655276
-6.552878
-8.001865
-4.401919
-4.773718
-6.582856
-6.931577
-5.075342
-8.102159
-9.268350
-7.880216
-9.277631
-6.104536
-9.603591
-9.668433
-10.917086
-9.754125
-8.873873
-7.381329
-8.302610
-6.974133
-10.227583
-6.651237
-7.900987
-7.671287
-8.823666
-12.052783
-9.530126
-11.913799
-7.367902
-11.615368
-12.200533
-9.210620
-8.285182
-9.096334
-9.845745
-10.947923
-10.402140
-11.108268
-7.165082
-10.581101
-9.749622
-9.785582
-9.525222
-8.652193
-11.272163
-8.005029
-11.596717
-8.363659
-10.308182
-9.197707
-5.699904
-8.281889
-6.650988
-8.698973
-9.382740
-7.535032
-9.767251
-6.850110
-4.243147
-5.766759
-8.567804
-7.369674
-7.636769
-2.678351
-6.867442
-6.701758
-2.819754
-4.482963
-1.006806
-4.025167
-5.965876
-1.533880
-5.405094
-2.353617
-1.179650
-4.283992
0.342309
1.588934
0.025659
1.015613
-3.146817
-2.737400
