-0.378043
-1.222058
0.433870
3.577830
-0.708611
1.497455
2.568496
0.397851
0.693453
0.598711
3.254350
6.537861
6.103795
1.857099
3.791564
3.735566
5.277195
6.131744
5.334817
3.786660
4.753039
7.644928
4.489491
4.573351
7.246948
4.875420
9.121737
7.383744
9.907316
5.564057
10.014431
9.606076
6.750599
7.591206
6.188427
7.782571
10.111355
8.919179
10.927501
9.360376
11.226378
11.949025
7.067757
8.857046
7.940884
8.688578
8.950358
8.614844
10.565200
8.135432
7.762510
11.078748
11.462946
12.899590
9.829295
11.883807
10.235485
11.743706
8.785575
8.671992
8.574751
8.021610
7.422261
8.452939
7.101119
6.331775
9.479976
7.846714
10.418895
5.181525
5.591968
5.000391
6.717836
10.006018
6.521731
4.323004
4.008992
7.740053
6.871176
4.870989
4.710332
5.848228
7.879615
1.906943
5.652125
6.203036
3.767940
3.185033
2.299092
0.217668
4.233480
1.092713
3.018353
0.332420
-0.378035
-1.698374
-0.293703
-2.260138
3.239597
1.480268
-1.154989
-0.648603
-3.907075
0.193636
-4.125293
-2.639238
-4.232414
-5.303788
-1.589722
-2.759804
-4.408628
-1.810982
-2.707491
-3.602640
-6.543061
-2.352886
-7.644910
-7.328255
-8.509176
-5.280053
-5.773450
-4.507165
-6.459926
-5.813906
-9.806700
-9.699368
-9.679825
-10.424676
-6.490626
-10.199068
-8.156994
-10.998882
-8.186615
-11.301043
-11.122906
-8.306852
-11.272504
-10.513328
-6.701667
-11.975652
-6.728635
-9.777322
-10.089371
-9.953654
-10.767706
-12.797122
-8.888676
-8.197166
-7.557963
-12.413374
-12.410009
-11.857524
-9.051567
-7.324006
-12.732225
-10.567868
-11.851161
-10.951471
-12.476778
-12.444480
-6.673691
-12.174483
-8.294358
-9.910469
-6.917028
-7.911310
-8.119893
-6.345129
-9.014310
-6.691051
-9.101773
-4.886401
-7.282332
-6.995783
-5.732556
-4.050893
-3.992469
-7.772627
-7.786174
-4.152256
-3.318591
-5.251876
-3.004877
-1.898771
-5.970951
-1.434544
-4.286302
-3.837786
-1.705007
-6.009503
-5.592511
0.307250
-4.502556
-2.363710
-1.247346
-0.412278
-1.903120
-2.806102
-1.658812
-1.466903
