-2.170688
1.185432
2.438638
3.689189
3.994700
1.684416
0.365492
1.855422
5.386772
3.362859
5.388004
6.484251
3.227016
5.055798
3.206317
1.830935
4.928756
7.823978
7.455875
8.728148
5.418783
8.561713
5.775928
5.265690
9.659160
7.852727
6.603035
4.743151
10.175595
10.974381
11.053309
8.783348
5.738520
7.491320
8.266690
10.636697
9.403559
11.640458
10.123757
7.097709
12.193702
12.257852
9.356995
11.376055
7.140635
7.194570
8.943059
10.612394
7.304073
10.413731
9.757841
10.856275
9.442669
12.745391
8.847612
10.559174
11.840088
7.536271
10.498943
11.427385
7.055683
7.805358
10.417003
11.094893
7.411769
6.866483
10.001439
7.355969
9.042304
6.642502
5.490285
8.712010
4.519851
6.275255
5.650846
3.988489
5.303933
7.825518
8.823435
8.533401
6.824225
4.068023
3.220124
3.094886
5.479424
5.939010
5.918666
2.643728
4.700799
2.054224
4.824945
1.573841
0.521153
3.400422
0.239730
2.982759
0.368773
3.058819
-0.770640
1.615257
1.582966
-1.284040
-1.552552
-1.899341
0.635544
-1.299630
-2.123613
-3.755142
0.125531
-4.246740
-2.526923
-2.514623
-6.755334
-6.924418
-6.077795
-3.173755
-4.933519
-3.406443
-5.874988
-4.449680
-4.333886
-4.870147
-4.447138
-5.035915
-4.228684
-4.692823
-6.898411
-6.336816
-6.261635
-6.249054
-8.083051
-11.419830
-9.601041
-8.907415
-8.058529
-9.812298
-8.843782
-6.549603
-9.980989
-10.521692
-10.779138
-10.089744
-7.015653
-10.998986
-7.883849
-9.334194
-12.396954
-9.227871
-11.180172
-12.517026
-8.324530
-8.315575
-10.337266
-8.163348
-8.622319
-8.288017
-6.923016
-9.773637
-7.703495
-10.116072
-10.319341
-8.573349
-11.442407
-11.545433
-10.140847
-10.488387
-6.882099
-6.581182
-10.645194
-8.057396
-6.808978
-5.562600
-4.654869
-4.302511
-9.484943
-6.029964
-8.022305
-4.407590
-3.304681
-5.247888
-7.403007
-4.984969
-3.287846
-2.875264
-2.744911
-1.784073
-4.439499
-4.001998
-6.063884
-4.964094
-5.121194
-5.188094
-4.769736
-4.687714
1.211964
-1.941164
1.016206
1.812732
1.087482
-1.359137
