1.547410
-1.698956
1.055195
1.543747
3.824320
1.404035
4.426748
3.199158
1.350113
4.727378
0.781260
1.511886
4.982210
4.334021
2.626724
6.101987
3.279414
7.125901
6.847968
8.555994
4.065411
3.971435
9.342385
5.127739
6.844144
5.516172
7.934271
4.986233
6.906687
6.989395
8.907440
10.650276
7.867235
7.900647
7.031644
10.755104
11.393598
8.249325
7.176463
10.637610
10.805439
7.612021
6.836500
9.206321
12.511158
9.797241
12.006746
7.944876
9.212985
11.282400
9.306948
10.567052
7.061619
9.464074
8.421762
9.492394
10.998205
8.212743
6.991519
9.163949
11.427294
9.313451
11.629043
7.444265
7.799028
6.569081
6.225195
6.727076
11.150717
11.016155
10.195831
9.423722
5.238516
8.907997
4.207080
5.866182
4.171449
5.404542
9.103226
7.137591
5.581474
7.856493
7.645322
5.131583
3.978092
4.700779
1.552396
2.316833
4.778769
3.308303
0.122635
2.743446
1.194600
0.338956
0.065223
4.183494
2.074905
3.430915
1.718394
-2.614654
-0.298586
0.267276
-0.929983
-2.468845
-1.185975
-3.146544
0.701493
-3.211885
-0.184097
-2.736796
-4.519349
-5.661414
-6.389357
-4.530128
-1.848647
-6.337315
-4.429274
-3.929036
-6.280271
-4.378939
-5.997753
-7.288184
-7.155474
-8.709905
-9.338286
-4.882370
-6.813501
-6.702710
-6.088762
-6.148702
-5.939208
-8.676670
-8.291758
-6.806539
-8.778838
-9.958192
-9.722766
-7.466450
-8.851670
-8.522699
-7.675082
-11.100523
-8.585435
-9.664956
-12.210801
-7.530701
-9.311325
-7.433801
-11.076867
-9.273522
-11.163071
-9.036878
-7.796811
-11.011776
-12.769296
-11.135534
-9.201926
-10.635556
-9.541816
-12.430575
-8.718485
-12.207381
-7.490134
-8.932651
-6.971309
-7.518765
-7.028687
-9.957270
-8.994618
-6.619544
-7.720777
-4.931841
-4.867388
-9.369047
-5.787006
-6.044432
-4.275077
-8.842408
-6.224374
-6.727109
-8.178947
-5.193451
-2.386664
-4.731371
-6.908553
-2.681759
-5.890598
-3.630397
-5.993971
-0.425705
-0.843846
0.497999
-3.263149
-3.280254
-3.910247
-0.116433
1.976034
-3.482573
2.445766
2.912841
