0.703629
-0.044094
3.077831
-0.503754
0.668704
0.220475
3.042067
3.013379
1.521210
1.001211
6.138861
6.199569
6.713304
4.123072
7.486901
3.072324
2.270593
8.153943
6.496096
7.575034
4.558300
5.577630
5.227952
4.671078
8.228008
7.052802
6.378469
8.919374
6.624761
7.267686
10.861502
5.453820
9.040701
7.182836
8.136867
9.226902
12.107622
11.682358
9.968006
12.269488
8.103746
8.252138
11.778749
6.867720
11.804360
12.433139
12.845727
9.995742
10.601463
10.161355
8.081073
12.598313
10.894914
12.906985
8.109671
8.307750
10.711102
10.178619
11.353990
9.476115
6.577993
11.326281
7.653067
6.493668
9.200316
11.006308
6.588135
6.741654
5.772399
7.953599
10.220652
7.861456
5.559635
4.646206
6.759374
7.944530
6.511153
3.571288
5.138801
5.238185
5.866665
5.902944
5.813952
3.410642
5.333369
3.569019
6.237455
3.303322
5.178795
3.091988
4.642173
-0.210519
2.014902
1.867114
4.369553
0.175898
0.278467
-0.684695
-0.520484
2.806449
2.562014
-0.047827
1.615257
-1.262323
-0.042949
-4.083606
-1.510114
-4.870449
-4.044403
-5.077979
-1.650102
-2.728564
-5.352614
-1.831513
-6.479027
-2.319968
-3.514460
-6.305298
-5.322917
-3.933210
-3.482617
-7.605864
-6.617596
-5.219431
-4.509274
-5.719742
-6.683150
-8.046666
-5.207591
-7.943478
-9.266276
-8.935703
-9.458242
-6.206283
-7.095561
-8.562387
-8.834102
-10.880985
-7.597297
-11.897043
-11.783062
-8.496632
-9.059790
-8.980945
-12.117495
-9.013542
-10.393146
-9.162722
-9.310285
-7.901767
-10.534276
-10.780004
-12.385514
-7.002969
-11.058371
-7.932239
-7.457489
-11.240039
-7.017141
-6.864617
-6.720356
-12.128326
-12.095974
-7.956707
-8.475201
-9.642317
-10.594272
-11.045304
-10.792057
-7.014110
-8.104446
-8.995705
-8.934463
-9.058674
-4.874807
-4.331972
-8.889601
-7.287145
-5.697397
-5.327178
-6.241893
-4.510703
-7.371502
-1.928712
-3.851417
-5.683398
-1.012977
-6.198126
-0.751462
-0.716724
-2.533040
-5.206994
-1.154227
-1.761326
-0.789709
-1.421826
0.124683
1.489026
-3.071780
-1.475025
