-0.992846
-1.114263
-0.229623
2.148374
0.085554
4.494524
2.380082
-0.124177
2.369550
5.322658
3.846780
5.145846
6.225410
4.511049
6.060570
5.383255
5.315605
6.858687
8.609776
8.517500
7.896746
9.122662
4.324584
7.010809
9.715194
8.069082
7.374756
6.748475
5.977844
9.866146
8.275462
10.317960
9.444725
6.135266
10.353177
11.674772
10.646777
8.428403
8.505369
11.226730
12.574013
11.049849
12.054160
10.587721
11.788391
8.985832
10.266620
11.554467
11.527532
10.605492
9.503171
8.399954
10.892210
8.596906
12.499687
11.086496
11.659877
9.890991
11.910686
11.193079
12.151339
9.695959
9.078133
11.389141
8.625607
7.668291
6.119617
9.915169
9.534722
6.386385
8.249680
6.621301
4.686663
10.091844
7.385056
4.300641
8.083518
6.923654
6.478792
8.370513
5.390587
5.919982
4.190873
7.347714
3.797143
6.633050
2.052356
5.338325
3.512210
0.600191
0.920263
5.030147
4.079506
-0.697532
0.637399
1.000440
2.391846
-0.642030
-2.372880
-2.823803
1.842686
-3.302539
-1.717268
0.749439
0.381802
-1.105010
-0.539853
0.045937
-2.785921
-4.568636
-1.958302
-0.919393
-3.527040
-1.870148
-3.474670
-7.418799
-3.921249
-8.296002
-3.689675
-7.843742
-6.231509
-5.261702
-4.025599
-4.456769
-5.814709
-7.684427
-8.561960
-9.528517
-6.915377
-9.342758
-9.214563
-9.692406
-9.829272
-7.276932
-9.341486
-10.050639
-8.806928
-8.319101
-10.031464
-10.720059
-8.298928
-11.476294
-10.800687
-10.052053
-10.008342
-9.113594
-8.037392
-9.289238
-10.792172
-8.028872
-12.462845
-12.929951
-11.198738
-10.601361
-9.121907
-8.808464
-9.978341
-11.478032
-9.203000
-9.264277
-6.990575
-9.238934
-7.404343
-10.230755
-10.656091
-11.002329
-5.674660
-8.102070
-5.289851
-10.409478
-7.427513
-6.716776
-5.824779
-8.915718
-6.878606
-8.322488
-5.013653
-9.353774
-6.219019
-8.783467
-8.273499
-7.551901
-3.269192
-5.369051
-6.946134
-6.255691
-2.775039
-5.276955
-4.243794
-3.505674
-3.905001
-2.682449
-4.830860
-4.490950
-1.845465
-3.072931
-3.321059
-3.495358
1.455183
-0.810822
