1.093289
1.363210
-1.651162
-0.191559
3.061277
2.767305
3.107383
3.477913
5.732438
3.677014
0.881374
3.531392
4.072209
2.583713
6.827524
7.221755
5.824586
4.318875
3.992499
3.159492
5.909049
8.420032
6.990327
5.325984
4.349113
7.042874
8.108724
5.010507
8.397979
10.657367
5.956588
6.368035
10.008649
8.101556
8.085650
9.592224
10.707402
8.048226
11.679332
9.830686
8.325990
7.727630
7.134833
9.949989
8.496121
8.241605
11.464622
8.054979
12.439858
7.373195
9.441128
12.810238
7.369180
8.219158
10.759847
7.208358
7.348549
8.692065
6.767696
7.990157
7.120830
9.882288
10.940709
11.257608
10.294648
9.220204
6.296816
5.879025
10.935765
10.803215
7.889286
7.264783
8.657844
9.978177
5.885745
7.604442
9.185238
6.983461
7.769218
4.298299
4.005946
7.452517
6.936053
5.785468
2.307536
4.178109
1.027367
6.002740
2.119976
4.962099
4.073364
3.029150
5.098765
-1.120163
-1.136700
0.620435
1.837056
1.059209
-1.025293
-0.294646
-2.426200
-2.637447
-2.128130
-1.249830
-2.438424
-1.329919
-1.168298
-0.169715
-3.468452
-1.195794
-4.215276
-4.263729
-1.571036
-1.847430
-2.765906
-6.233585
-2.638818
-4.034750
-5.221995
-7.141764
-4.518269
-9.054315
-3.833094
-4.800134
-4.715380
-6.221504
-7.084242
-6.554565
-6.384840
-6.821625
-10.795301
-11.084160
-11.256773
-9.278670
-7.135609
-6.286888
-10.317452
-9.445672
-7.844836
-8.692953
-12.032883
-10.900369
-10.430156
-9.586345
-10.769695
-12.173827
-7.411123
-12.451606
-8.700975
-9.199287
-11.033558
-11.696208
-11.940922
-12.242013
-9.129299
-9.124418
-11.379921
-7.759685
-6.740008
-9.086557
-7.193906
-9.695648
-9.244211
-7.657391
-10.130938
-9.250172
-10.408888
-11.271304
-9.782348
-8.052208
-5.711186
-9.975234
-4.671404
-9.846223
-5.537083
-7.987851
-4.073340
-7.781362
-4.423938
-5.513997
-5.923920
-4.744350
-7.533410
-6.390442
-6.499523
-2.096572
-6.249229
-4.569785
-4.383453
-1.529347
-5.305269
-0.516586
-3.822663
-2.018280
-3.828747
-1.543892
-2.571511
-2.804065
1.076535
-1.280589
