1.224916
1.304748
3.183800
3.009396
2.910895
1.328740
5.167353
3.229750
1.908903
1.186509
2.312805
2.214886
6.617987
6.615233
7.468218
7.532369
7.335656
3.331729
3.500964
6.776671
7.869586
3.808050
5.080235
3.909714
5.466316
5.818816
9.974238
6.910412
5.129754
8.995164
10.169007
5.945782
5.676307
7.956759
8.386658
8.544396
8.957802
9.093804
9.697759
9.706711
9.649092
11.372380
8.498959
10.125884
10.324875
8.144496
10.287041
8.264963
10.290006
7.418619
12.157751
8.230564
8.387412
9.204658
8.601082
11.326011
8.672801
7.330050
11.439752
8.022916
9.432237
6.536870
9.922709
8.372920
7.759708
7.755367
11.196980
8.251217
5.271232
9.444853
7.298448
4.842674
8.327565
6.925798
7.621683
7.553379
6.337699
3.668752
7.447236
7.318410
5.049627
2.666743
7.778442
7.081858
6.505805
3.949612
6.278327
5.803556
4.273800
3.130870
0.246049
1.661340
0.567979
4.034896
2.370685
2.642075
-1.120785
3.325787
-0.283355
0.668320
1.476828
0.490314
-3.940793
-1.237386
1.349375
-4.831791
-4.935856
-4.866361
-2.169472
-5.813028
-3.856148
-4.546067
-2.785456
-5.079927
-5.592575
-3.752682
-4.590900
-6.915539
-6.371634
-7.649445
-7.577218
-4.290353
-7.050873
-5.903573
-6.883437
-4.667572
-8.500576
-8.539661
-6.422589
-5.906593
-11.138483
-6.346136
-6.761668
-8.506369
-9.307367
-8.433649
-10.166915
-7.629122
-11.828489
-9.798835
-8.031242
-8.930832
-12.750218
-12.719838
-10.135759
-11.591763
-10.727096
-10.332874
-12.630928
-10.815746
-10.733851
-11.172826
-7.445285
-10.057043
-11.794529
-11.040647
-7.783371
-8.977088
-8.621340
-8.813345
-10.841207
-7.062773
-12.145337
-9.856739
-8.358234
-6.214032
-8.859391
-8.898030
-7.341036
-6.504752
-8.623689
-7.980719
-6.638299
-5.878759
-6.268138
-5.147805
-9.406197
-8.769066
-8.878626
-7.914742
-3.610816
-5.001663
-7.058284
-2.184743
-4.286949
-2.276246
-5.066816
-5.284809
-2.175416
-2.971468
-4.073033
-5.320861
-4.264615
-0.170277
-1.451833
-1.752395
-3.289798
0.160661
-2.553706
0.483862
