0.689404
-0.672423
2.604516
3.152635
1.708659
4.435455
2.550262
0.323477
2.017391
0.223788
3.978799
1.721911
3.120459
3.988297
5.089238
2.850689
6.169749
8.030520
5.974707
5.473860
3.937194
5.641140
5.464299
9.182660
8.142088
8.102683
7.048958
6.062075
8.589815
6.823534
6.572835
11.003290
7.070021
8.263261
7.042501
10.546807
7.495565
8.360960
6.440547
8.122758
8.550807
7.165231
8.863028
9.755430
12.451622
9.457327
10.333935
10.991715
8.505344
8.605513
9.177806
7.113195
11.393318
10.746459
8.294314
6.824104
8.898721
8.822053
8.823025
9.506566
10.304549
11.291012
10.196110
11.160383
8.170151
8.422782
9.943016
11.362328
9.401567
6.620724
5.094021
8.339993
7.609855
6.126172
5.319946
6.655569
6.059436
4.681051
7.103034
4.172118
8.033583
7.375428
5.955083
2.260097
3.417847
5.445625
6.725670
1.299351
2.120178
0.849952
-0.118627
1.208345
3.455762
-0.863714
1.130934
-0.391560
1.545696
-2.351454
2.344921
-0.010969
-2.563145
1.861961
-2.033131
1.298896
0.699791
-0.835960
-3.205985
-2.521542
-4.295221
-2.288873
-0.880657
-2.298929
-2.455456
-6.299304
-4.427741
-4.360501
-3.860725
-6.896384
-7.106232
-5.552920
-3.420341
-7.916367
-9.367716
-6.759671
-8.162242
-5.857916
-8.527502
-7.738534
-5.642585
-7.709802
-10.446536
-8.860816
-8.077883
-6.332382
-9.521207
-11.329816
-11.383167
-11.437198
-7.042632
-7.233400
-7.323395
-9.729948
-11.415739
-10.926364
-7.747662
-12.672711
-8.277861
-11.217617
-11.628901
-8.850905
-9.141561
-11.128489
-11.900908
-8.732283
-9.935113
-7.770568
-12.028772
-7.661721
-10.418177
-9.052849
-11.064588
-7.171529
-9.031046
-9.322948
-6.291922
-8.168439
-9.332737
-7.918363
-6.287337
-9.128463
-8.986921
-5.279082
-9.513823
-5.321073
-8.619474
-5.449136
-7.724295
-8.787744
-6.166524
-8.725030
-3.455023
-2.775741
-4.021295
-6.958575
-5.575260
-1.734010
-3.749258
-3.495238
-3.038489
-4.047188
-3.632348
-1.992838
0.390121
-0.667102
0.145379
0.386100
0.996258
-2.341234
1.776153
-2.158966
