2.293849
2.707224
0.603222
0.991667
-0.674753
-0.124092
2.763257
5.199718
2.296062
4.020084
3.826468
6.657487
2.244592
4.680383
4.878221
4.737013
4.225030
2.995578
3.251947
3.036706
5.180660
3.773974
5.006789
5.667193
5.509258
8.230516
8.810616
9.721591
6.977529
10.982842
7.755031
9.441222
7.791986
6.092593
10.487924
11.434658
6.724220
9.024968
10.248029
8.482121
6.672196
10.384216
9.980348
7.831413
9.017758
9.022181
11.489482
11.919001
10.778367
7.945692
12.539555
12.835410
10.970444
10.268994
9.804461
9.184211
10.510077
9.080766
12.001506
10.417817
9.739314
8.357573
10.943718
11.760522
10.821070
8.209682
9.996963
9.233489
7.519639
6.440630
5.001329
9.828840
5.419931
5.074241
6.898578
6.106372
5.240428
6.860497
4.982799
5.534816
5.794545
7.763602
2.804330
6.182371
5.884268
5.041013
1.498678
4.476504
3.059680
1.502269
3.206322
4.523993
2.762790
3.270788
-0.796382
2.550359
1.171296
-2.359675
2.350745
-0.927274
-0.021050
1.913459
1.219227
1.640848
-1.217132
-3.888308
-5.019630
-0.456773
-3.800051
-0.960368
-4.673334
-6.678156
-3.865543
-6.662673
-3.751535
-3.865269
-2.490902
-5.173194
-6.103294
-5.205708
-8.421276
-7.496709
-4.072062
-9.758281
-7.205498
-7.252546
-8.594534
-10.386589
-10.697182
-10.311441
-10.543682
-10.463407
-11.438259
-5.866082
-7.311238
-8.455993
-8.515770
-11.539734
-9.041430
-10.872701
-12.450783
-7.916905
-12.736801
-12.431390
-11.736232
-10.381370
-8.652939
-12.123159
-11.783721
-9.585601
-9.609698
-8.808151
-12.281845
-12.195370
-8.606527
-11.217071
-8.878397
-10.560952
-6.747427
-8.144568
-11.221768
-8.558187
-7.382034
-11.275446
-6.011999
-11.244806
-10.472745
-5.529444
-8.723782
-5.472292
-7.240484
-5.958904
-6.948648
-4.404773
-5.203981
-7.258775
-8.335448
-5.906741
-5.836777
-4.932970
-4.798920
-5.121808
-5.341389
-4.001527
-1.620420
-7.224442
-5.923877
-3.445053
-3.447834
-0.863040
-2.244925
-4.793230
-1.258111
-1.901123
-4.403920
-1.155046
1.541849
-1.609665
-0.775426
-2.238975
