1.182272
0.319191
3.077000
2.753123
3.369017
1.004580
3.744894
2.406088
2.254090
1.156060
5.768276
2.257041
6.272166
6.979064
4.118943
7.026009
3.507831
3.877444
2.872352
3.773401
4.256754
8.734331
7.669896
6.395615
8.009625
10.272897
8.106301
5.078561
8.037744
8.538634
7.898302
8.107085
8.180280
6.612015
8.434564
11.468762
11.365451
6.619085
11.038518
11.112923
6.823525
11.713811
12.618937
8.787580
11.747344
7.747196
7.601040
8.680229
11.811842
9.809834
10.523836
7.765087
11.003564
8.863066
9.880101
7.726778
12.227628
10.925566
10.000743
8.220521
9.590580
11.295083
11.008632
6.975630
6.609509
7.311153
8.358484
9.184652
6.260049
9.112422
4.911830
5.335596
4.706379
4.814073
4.596660
5.500325
4.192446
6.400635
4.838689
5.756911
3.700161
4.384959
4.901087
6.243322
2.407246
3.387896
3.596275
2.281802
5.249375
6.021922
3.459089
4.811405
4.780355
3.167815
4.539998
-1.050596
3.139649
2.555969
2.211497
0.651241
-2.915844
-3.322607
-3.211807
0.781560
0.714111
-4.834176
-0.938890
-2.663202
-1.453805
-5.048764
-4.150483
-5.295294
-2.976239
-3.678387
-4.353269
-6.908098
-3.064009
-3.073942
-3.368754
-7.145144
-8.620990
-6.252943
-4.073039
-8.982532
-6.480779
-9.094820
-8.855642
-6.245969
-9.283362
-6.093650
-10.927752
-8.471804
-6.868811
-8.870077
-7.030114
-7.602110
-10.886478
-11.932654
-7.882258
-7.005789
-11.364952
-9.085675
-9.064197
-8.200289
-7.677674
-11.083598
-12.179732
-8.002767
-10.349459
-10.741382
-11.936466
-8.389161
-8.271646
-10.084011
-11.879659
-7.214891
-9.741268
-6.968132
-9.785434
-11.520172
-10.515124
-9.238973
-10.354843
-8.759095
-6.118351
-10.163854
-7.506814
-10.892864
-11.015336
-8.500530
-7.635926
-10.371181
-9.138538
-9.134810
-5.094520
-9.563867
-4.253800
-7.867733
-8.676552
-8.079170
-7.097237
-5.583326
-7.045000
-6.603870
-2.647153
-3.055607
-4.589173
-2.313142
-1.863306
-4.636818
-5.484601
-2.076182
-0.597546
-4.395725
-2.820909
0.031037
-3.802244
-3.328654
1.398555
-0.025482
