1.543624
-1.771532
-1.554781
2.572272
-0.119305
1.632992
1.711043
3.371684
4.642082
1.271451
3.611922
0.728593
6.250162
5.478826
4.698348
3.412576
5.467879
3.871837
4.290532
5.741789
3.882845
6.799571
8.848597
6.615986
4.994826
6.425451
8.519379
8.965040
5.558158
8.830126
9.092054
9.484161
5.798322
7.841240
6.712762
8.923032
7.446906
12.140245
9.591711
11.279832
12.263104
7.071955
11.204686
11.366170
6.946459
8.846673
8.380651
12.082675
11.591949
11.598477
10.608572
8.213833
10.918373
9.513654
7.271857
8.743342
8.560861
12.535889
11.246333
9.451456
11.567914
10.735992
8.283953
10.872531
11.300516
9.176634
7.713045
5.863654
10.340277
5.353421
9.556769
4.733478
8.074313
9.500877
8.299131
6.020339
7.497643
5.477772
3.525314
7.548515
8.417134
4.469182
3.864247
6.440683
5.163436
2.865888
2.454876
6.410858
0.957120
0.197797
1.386835
5.439294
2.630333
-0.786229
1.588851
-0.097052
1.840139
2.148177
0.861980
-2.447962
-0.772311
-3.590762
1.595757
-4.212839
1.179947
-2.156260
-4.932587
-2.647008
-3.713941
-5.413034
-2.059259
-5.327259
-3.283426
-3.365286
-7.100567
-2.022669
-4.708382
-6.214608
-6.339009
-4.801620
-4.896199
-9.181124
-6.530519
-8.819959
-7.201220
-6.268619
-6.576066
-5.300924
-8.291936
-9.459319
-7.154302
-6.555913
-10.270974
-7.141750
-8.285165
-7.426503
-11.639819
-8.214334
-8.116990
-11.092459
-10.831375
-12.309214
-9.841001
-8.717046
-11.879666
-9.468413
-7.857652
-12.260287
-9.073230
-7.084302
-7.938168
-8.778274
-8.818823
-11.536316
-7.685364
-7.468231
-9.548003
-7.519524
-11.824380
-9.662517
-11.233840
-10.913289
-11.727547
-11.754329
-9.400545
-10.334280
-9.792129
-7.564489
-6.169380
-6.652490
-9.462080
-6.808384
-7.595637
-8.257818
-6.431229
-8.904337
-4.837098
-8.316376
-5.409428
-5.293048
-4.094838
-7.262172
-7.281361
-1.930677
-5.025460
-6.037812
-1.045897
-0.896088
-4.505535
-5.397944
-2.129920
-1.717088
-1.847637
-1.892688
-4.183538
0.138125
-2.441811
-1.811745
2.505012
-2.448669
