-0.029006
-1.984268
-1.133557
-0.773830
-1.288113
3.320969
2.377121
0.289294
3.035998
5.990585
5.161262
6.272408
5.596008
2.267562
3.690066
4.968551
6.205211
6.610559
7.066262
5.202335
6.969524
4.017835
6.361246
8.732487
5.370708
10.032369
10.404349
9.269830
9.559630
7.628608
5.482074
10.368764
7.246011
8.750304
8.072696
7.268668
10.531853
10.691074
7.527635
10.482932
11.153925
10.714837
10.328982
10.482484
8.961456
8.653471
9.924284
8.975220
11.233669
10.083673
7.917258
10.586272
10.115029
8.857519
9.828313
7.697580
8.973030
12.159211
11.522562
6.968172
7.028194
6.362107
6.280775
10.734076
7.316676
7.431242
9.004845
9.715962
6.941717
8.754094
7.201529
8.655573
7.010616
7.982796
7.232837
4.167318
8.191426
8.949941
7.925063
7.245233
7.775255
7.714140
5.436626
3.658866
7.010960
5.782273
3.115729
4.408518
4.047215
4.783065
4.998757
1.388760
3.415796
3.707782
0.014417
-0.314827
-1.158225
1.041665
0.012718
-0.672676
-0.644114
-1.906595
-0.277152
-0.369339
1.165256
-3.496306
-3.936636
-3.301327
0.109183
-3.545195
-2.746307
-6.008608
-6.546825
-6.390485
-4.490347
-5.534807
-4.152497
-2.945229
-8.243184
-3.836701
-3.462846
-3.785707
-3.914694
-8.394162
-4.533592
-6.383885
-9.344047
-8.074601
-9.745682
-5.475289
-7.153065
-7.153782
-7.905201
-10.549458
-8.625152
-8.319724
-10.043591
-7.345657
-9.710178
-9.925045
-7.456536
-11.292735
-11.579270
-11.083582
-8.655422
-8.994575
-10.405554
-8.278176
-8.751931
-12.099539
-8.943565
-11.750601
-9.997232
-9.990538
-9.522196
-12.639103
-7.158605
-9.900916
-10.820720
-8.708312
-7.478115
-7.946868
-7.670644
-7.219643
-7.815037
-7.101727
-7.583615
-8.067457
-6.591382
-9.518179
-5.461985
-5.459124
-7.416288
-6.221452
-8.018337
-8.159027
-6.758787
-5.954490
-7.271125
-8.359643
-5.357493
-3.763519
-3.689968
-7.513712
-3.558011
-3.635134
-4.807093
-6.358703
-3.783061
-4.194793
-0.048956
0.064105
-1.926923
-1.930506
-0.428393
-0.994109
-2.593684
-1.874326
1.984874
2.077860
