-0.673857
3.450259
0.208760
1.554186
-1.126923
-0.040241
5.017275
5.221930
4.236036
2.929356
2.921520
3.026876
3.976110
4.917366
3.251194
7.012209
6.738807
6.173006
5.259543
3.181033
6.226864
6.542598
7.872740
4.323975
5.111376
5.494268
10.337400
8.802992
7.163632
5.698576
10.463450
8.985631
9.921422
7.267643
11.747003
7.238935
10.296300
10.421527
7.481941
11.488054
8.780158
11.215864
8.282520
9.530549
7.025906
9.632817
9.286048
12.874889
11.471871
12.363110
12.767393
9.252330
12.538243
9.155535
10.296759
7.778451
8.223239
8.465288
7.302059
12.132555
8.050594
9.428772
8.247391
9.148180
7.909854
6.374672
8.199096
9.609293
5.387566
11.000441
9.319265
7.554578
6.111240
6.412766
5.259369
9.780999
7.344525
4.648564
6.627465
4.867103
4.070063
7.962384
7.833369
3.328066
4.114887
3.601101
2.231802
1.935452
5.253857
2.677683
2.979735
1.184330
2.551393
2.986720
-0.569176
2.316182
-1.962571
3.088063
2.817765
-1.455508
-1.668609
-1.929511
-2.273943
-4.017810
-0.201204
0.314892
-3.561974
-3.397590
-0.342148
-5.635886
-6.267030
-5.468955
-5.033267
-3.665231
-2.148265
-2.658066
-3.442279
-5.914214
-3.471562
-3.366351
-5.004571
-5.907102
-8.224506
-6.903463
-9.712625
-6.122787
-8.027573
-6.888283
-7.578292
-8.437652
-5.536690
-10.911969
-6.043633
-6.574348
-9.529406
-9.168350
-12.109362
-11.579798
-11.639098
-8.326514
-10.967449
-7.350853
-10.146801
-12.281394
-11.647583
-11.781551
-10.700000
-10.220821
-6.995880
-8.784006
-10.102560
-8.437930
-9.329481
-9.532789
-12.827366
-9.406522
-10.563226
-8.732815
-7.879528
-11.680322
-8.916559
-9.503603
-8.554277
-6.873048
-5.989329
-9.910989
-5.612977
-7.587808
-7.541153
-9.602770
-10.883485
-9.474548
-8.893993
-5.797522
-6.354463
-9.385716
-3.863951
-7.668785
-6.530502
-4.126056
-7.773580
-5.891680
-3.941500
-5.226956
-6.277904
-1.525747
-2.071101
-2.132871
-1.001204
-4.030776
-3.934373
-0.304590
-4.364089
0.406822
-4.458960
-3.754037
-0.937665
0.352138
1.094823
-0.309527
