2.922509
1.958021
0.627992
3.607254
2.852876
-0.614975
1.715591
-0.123624
2.209049
1.719746
5.766229
6.076325
1.795881
5.856655
7.496945
7.132411
3.434661
3.955784
5.130497
5.869920
8.793765
8.745348
4.938446
4.100491
9.179902
5.727027
8.073630
9.759771
9.280228
7.129186
9.808957
6.956836
8.243726
9.993892
11.545994
6.068879
11.981615
9.673334
9.027020
10.894793
10.483836
9.667761
11.807979
9.473291
7.143917
7.928386
12.809774
9.592329
7.824545
12.362067
9.975292
10.085431
12.091732
11.018483
11.362420
12.487918
11.768035
8.912149
9.640694
9.319682
10.080296
9.578740
9.710584
11.659515
10.038648
9.709607
10.463403
6.078493
10.848987
5.174304
6.215388
5.800338
5.647207
4.538804
7.777663
8.040761
8.233372
3.701754
8.429216
3.004763
7.859992
7.968239
2.872631
7.482816
4.072964
4.522622
3.438201
1.925816
4.259982
1.294079
0.724667
4.076843
1.410154
4.155168
4.230482
1.440539
0.067220
3.132780
-1.505305
-0.831492
0.741100
0.996315
1.755971
-1.758659
-2.316868
-0.643943
-2.836556
-0.619393
-0.096319
-2.748882
-1.515410
-2.111314
-2.547503
-2.867770
-1.633464
-4.544117
-7.132383
-3.696124
-3.665295
-5.746104
-5.093716
-3.571617
-5.966016
-5.788628
-4.666758
-4.500769
-7.362178
-5.941229
-8.168302
-10.897246
-7.862952
-7.497300
-6.519796
-7.364896
-9.900700
-10.288413
-6.779036
-10.927327
-11.513069
-7.278111
-8.666190
-10.575689
-10.894903
-10.280470
-8.779365
-10.222542
-9.927381
-11.478302
-9.023982
-12.853911
-7.795456
-9.081056
-11.208643
-8.980614
-8.129659
-9.352248
-9.379127
-11.989614
-8.286367
-12.017969
-8.106457
-10.617467
-6.984443
-6.836545
-7.905768
-8.448128
-6.967258
-10.774076
-9.696419
-6.129023
-7.015925
-8.005930
-8.799385
-5.395923
-10.010014
-4.442642
-6.974521
-5.680336
-4.866092
-3.892547
-6.275850
-6.350932
-7.145524
-3.544921
-6.084578
-5.062626
-6.148734
-4.862537
-2.819192
-1.581932
-0.899899
-4.977222
-3.514064
-1.440667
0.881805
-0.410372
-3.554144
-0.693381
-2.101058
1.109707
