-0.805930
-2.371844
1.561136
1.014545
3.754708
-0.552166
2.238691
5.053892
4.345697
4.089218
1.432592
6.276472
4.750649
1.302600
2.690950
7.592367
2.281220
7.220178
5.231703
8.204915
3.206589
4.823103
8.854491
9.807226
10.024154
6.507813
5.237479
5.197754
6.444369
7.717946
6.689555
6.984969
5.645388
10.625040
7.229056
10.484874
8.093834
10.471784
7.973259
10.738281
8.671227
8.713750
9.347648
8.350212
8.373614
9.232619
11.798528
10.255366
11.225265
8.779868
11.805617
9.353391
12.149964
7.303968
6.930309
11.516594
10.507424
11.013181
10.794805
11.736020
9.845217
6.831519
7.990992
11.139006
6.614952
5.955434
8.599782
5.447265
7.192360
8.768172
9.318776
10.548391
8.708734
6.972916
5.160824
9.694805
8.627623
8.467791
8.034850
3.775897
6.215512
4.844226
5.699861
3.429625
4.378658
3.087665
2.159255
0.761767
2.501008
0.386300
3.266775
1.675913
2.723363
0.571320
2.631162
0.569550
-1.458710
3.171287
-1.760903
1.747302
1.630704
-0.279390
-0.158643
-0.768065
-2.775070
0.694480
-2.529594
0.439459
-5.402600
-5.701189
-2.505049
-3.984578
-3.104538
-5.327567
-6.064315
-3.800250
-3.492556
-3.383817
-4.286387
-7.799751
-6.690055
-4.313938
-8.653651
-9.456528
-8.670783
-6.807931
-4.976128
-5.923483
-6.789241
-6.912357
-9.948262
-10.046453
-7.855245
-10.563600
-11.680024
-9.330275
-9.186345
-8.271122
-12.244140
-10.842252
-10.522978
-8.807594
-7.766554
-7.327654
-8.475033
-9.075169
-8.352235
-10.571139
-11.270201
-12.374962
-11.370325
-8.311215
-12.576099
-11.358508
-7.820873
-10.857715
-8.732444
-7.706087
-10.455077
-12.263314
-7.150318
-6.410207
-10.207324
-11.409242
-7.030396
-11.677475
-7.745093
-9.057160
-10.169780
-6.343408
-7.036348
-5.930266
-8.987649
-4.750973
-10.036471
-7.558703
-6.617724
-6.018571
-3.692315
-3.223914
-4.231167
-8.314053
-5.602016
-6.677368
-7.158367
-1.904380
-6.677088
-1.952793
-5.276085
-2.575985
-3.386263
-4.558776
-4.729722
-4.107485
0.117519
-3.345773
-0.944611
-1.242897
-1.847062
1.748437
