1.522141
-1.990837
-1.699532
-1.592798
-1.173746
3.328242
3.632315
2.347719
0.146537
5.820919
1.811264
5.196882
4.574720
6.311326
6.042484
5.265069
4.483624
5.441177
5.165124
8.322607
7.634631
7.596219
6.535860
4.890503
7.973924
7.037958
5.372028
6.542021
7.583634
6.488302
8.168986
6.635150
10.828782
10.924536
9.445641
9.737314
9.113477
7.228334
11.928560
7.185313
8.156914
10.917026
8.373180
7.062529
7.924147
7.179603
8.692706
12.023740
9.327959
12.119025
9.535807
8.416344
12.711950
11.624644
10.093001
6.962601
6.796703
8.731240
10.354827
11.967502
7.390813
7.313428
11.330745
8.932127
8.306993
11.439916
9.808694
6.372242
9.605690
9.056028
5.862842
5.252492
8.230473
9.210431
9.110656
9.256113
7.617131
6.957210
8.298965
5.587555
5.467831
3.284256
5.567718
3.564186
6.171700
1.943370
3.533699
6.539504
2.497576
1.672729
2.775854
2.337572
3.359666
-0.572320
2.087688
-1.222591
2.839775
-0.833672
-2.560887
-0.964315
-1.895268
0.890014
-0.975798
1.254583
-3.273819
-2.819152
-2.720894
-0.676857
-0.525744
-4.429444
-0.614577
-2.140791
-5.474595
-6.447120
-1.548323
-7.765697
-2.817397
-4.303417
-3.967978
-5.929986
-3.297602
-4.937211
-4.243207
-6.482460
-6.620116
-10.057153
-7.691306
-5.002813
-9.004342
-6.486671
-6.900907
-8.763058
-6.159244
-6.947633
-8.975943
-9.013412
-7.005421
-8.577874
-9.884255
-6.818057
-11.293373
-8.362779
-9.365590
-12.446622
-12.202516
-7.679069
-7.074505
-10.886962
-7.325577
-10.733613
-8.240603
-9.622806
-12.841298
-9.507366
-9.749861
-12.504234
-8.965055
-7.198522
-9.830160
-7.339315
-12.388715
-6.799465
-7.015194
-7.875625
-11.462537
-8.925738
-7.482052
-6.663995
-11.117189
-9.857505
-7.366640
-10.117660
-8.778780
-8.327284
-4.091442
-9.257393
-4.607725
-5.825691
-4.508052
-5.154756
-5.350600
-6.137231
-6.346367
-7.025489
-5.671503
-6.141974
-2.228816
-4.714323
-4.363970
-1.716993
-4.266162
-2.421690
-0.379746
-4.635090
-2.987533
0.025032
0.801709
1.583602
-2.413917
2.716354
