-1.970260
-0.382282
1.825266
3.463616
3.469353
-0.796904
0.181096
0.539888
5.516534
0.900263
3.233042
5.315980
1.301039
4.335954
7.337440
5.565688
4.951368
2.647157
2.778255
8.348694
8.410411
8.315866
7.536692
7.216988
5.677817
9.635586
10.177706
7.496494
7.457640
6.317104
10.331711
6.839427
6.013264
8.076054
6.038087
7.692809
7.935622
9.170928
9.264177
11.705893
12.521143
11.153702
7.639136
11.345462
11.524356
7.624822
8.895564
10.867435
9.243113
7.058744
11.231162
7.700190
7.870822
12.591592
11.258349
11.381314
10.938584
7.176466
11.238307
10.540246
7.893942
9.275750
9.464047
8.614077
11.029325
6.600610
8.510623
6.858835
9.481025
7.396521
10.820336
6.840320
9.836358
7.835563
8.326778
8.182672
6.504820
5.052532
4.659229
3.771601
5.703385
6.927726
2.245651
5.480432
6.567954
4.576366
6.479644
1.974974
6.349400
1.298847
1.327936
1.669598
-0.262680
2.084769
2.550080
1.615902
0.671447
0.738149
0.016320
0.765401
2.323575
-1.112535
-1.264328
-3.763959
-2.646250
-1.987447
-0.543916
0.138283
-4.149738
-5.932617
-2.453122
-4.438822
-2.697769
-2.279003
-2.866919
-1.925649
-7.636554
-4.676821
-5.226810
-5.533457
-3.758993
-4.765191
-5.128524
-4.272668
-4.294610
-6.852998
-6.331802
-10.583039
-7.796880
-6.748885
-10.952572
-8.273767
-11.550684
-8.022807
-9.805383
-6.285185
-8.563255
-6.918162
-12.226051
-10.110319
-11.806911
-7.730211
-9.201704
-9.774673
-7.222757
-7.662147
-8.813454
-10.040814
-7.326000
-11.128085
-7.305946
-9.571618
-8.223721
-7.042109
-9.986185
-8.805796
-8.169873
-8.594043
-7.658773
-7.201512
-9.976157
-10.815121
-8.082148
-7.029972
-6.415817
-7.431659
-6.747256
-11.364100
-7.416863
-6.854149
-8.856143
-6.259111
-8.390774
-4.432602
-5.130804
-9.117116
-5.349327
-4.425793
-5.241284
-4.391439
-8.551538
-4.425874
-4.127029
-4.850445
-3.425627
-6.704371
-2.098492
-5.434919
-2.820762
-0.790624
-1.134142
-5.416433
-2.084268
-4.843777
-1.997203
-3.941440
1.062486
-1.438885
-3.122727
2.452025
