1.567688
2.631692
3.580291
2.439838
0.633779
3.868947
2.423698
-0.166612
2.601115
2.113927
0.688568
0.993682
1.388620
6.836278
2.468662
2.485427
3.393913
8.228219
7.725548
7.677913
5.283929
8.269406
8.416287
4.685349
5.193719
9.777502
4.594721
7.112586
7.558502
9.962376
7.313799
9.947639
6.241336
6.647330
9.544029
8.373795
6.581242
8.955803
10.878032
11.152087
6.630633
10.932628
10.123164
8.002292
8.471072
10.022917
8.757296
10.434018
9.182353
9.490287
9.822905
9.780824
12.397937
11.784111
7.192840
10.397479
8.607697
6.686180
10.004666
7.862235
7.910654
11.621752
7.712318
11.943765
11.880081
9.533892
8.242730
7.690837
6.488251
8.826647
10.426356
5.218633
4.642590
6.019893
9.816741
4.005184
7.751360
6.637781
4.673119
5.917719
8.079647
6.409727
7.852773
7.686470
2.956236
6.798835
6.531490
2.267356
2.509300
2.975421
-0.071570
5.411594
3.440580
3.853218
2.106652
-0.902624
2.118603
-1.575396
-0.278548
0.894176
-2.972470
-0.527304
-2.711829
-3.762306
-1.272821
-0.654772
-2.976279
-0.482357
-0.132617
-1.785674
-3.596532
-5.555554
-4.520374
-4.307592
-4.185558
-3.238454
-2.236192
-2.884214
-4.347626
-5.274147
-7.347270
-6.588895
-8.480662
-6.081956
-6.547229
-4.520739
-6.708722
-9.292541
-6.535386
-8.259822
-5.914172
-5.644206
-9.669552
-10.338569
-10.939718
-6.096628
-10.980763
-6.610697
-6.484440
-9.620515
-9.207721
-9.325791
-8.143350
-10.559345
-10.236873
-9.451981
-12.895674
-9.228017
-7.050443
-11.071404
-7.741167
-7.294004
-9.454107
-9.705476
-11.249718
-7.097699
-8.753663
-8.362877
-8.694103
-11.003505
-8.466860
-10.763818
-9.259289
-6.684499
-6.677237
-11.755463
-9.739515
-7.260747
-7.701868
-9.973719
-6.285408
-7.873238
-7.564291
-4.633625
-7.573208
-6.795189
-8.954186
-8.911461
-5.904586
-7.498879
-5.664916
-6.965328
-6.351229
-7.499652
-4.203101
-2.443015
-3.602468
-4.848964
-1.065504
-4.194781
-5.055916
-3.960893
-3.090811
0.090389
-0.440504
-0.587974
1.922610
-2.489175
-1.934870
1.197765
