-1.223342
-1.365686
1.807594
-1.670617
-1.370452
1.354922
1.122265
1.554589
1.254981
2.549291
0.675989
6.370409
1.193994
4.461672
4.682253
2.337564
3.480854
4.659186
5.169150
7.519558
8.246873
9.048724
4.322518
4.971786
4.725805
7.016501
5.714151
6.405054
6.942498
8.752424
9.210836
11.321327
8.149676
10.775245
7.046886
8.395672
9.550189
12.038801
6.674117
6.897769
12.052951
10.849640
11.884907
11.457078
12.625177
9.217054
9.482048
8.545107
9.979987
7.057432
12.267678
8.959723
8.119680
8.613721
12.577315
10.671192
8.433721
8.529209
9.259950
11.860178
8.360830
8.545015
10.830429
9.992842
5.946129
6.288495
7.105940
7.012959
5.945572
8.058872
7.728920
7.921846
10.106626
4.662233
4.576916
8.657337
6.669079
5.713000
3.841375
6.809307
4.186211
5.480949
2.294754
7.593473
7.133941
4.394313
4.736152
5.754733
5.640041
0.415202
0.217528
0.659329
2.431266
2.151572
0.135570
-0.490413
2.358284
0.064489
0.407047
1.263475
2.634714
-2.692177
-1.094756
-1.377647
-2.020858
-1.949769
0.784245
-4.998731
-5.707068
-0.170938
-0.686296
-1.975556
-6.525929
-4.752256
-5.384483
-1.897353
-2.456143
-8.265656
-5.781266
-3.488884
-8.267079
-7.899888
-8.824324
-5.626992
-8.090786
-9.668830
-9.173211
-5.604123
-6.172849
-9.976145
-8.901736
-9.885494
-8.014812
-7.756150
-11.451425
-9.692180
-10.788174
-6.620746
-10.252312
-10.766214
-12.027270
-8.816174
-9.782460
-11.224242
-8.479668
-7.225350
-7.161308
-8.009545
-11.855782
-8.293167
-10.236718
-12.228042
-10.656928
-12.516597
-7.413849
-6.970431
-8.570703
-11.210068
-8.550309
-11.971127
-6.598655
-8.309087
-11.498420
-11.551674
-11.694931
-8.331226
-6.569709
-6.833194
-5.273088
-7.459534
-8.698128
-10.603671
-9.088438
-6.214058
-7.497016
-8.847780
-6.356662
-5.842571
-4.259431
-6.044592
-3.110014
-3.177352
-4.959392
-4.643912
-3.462394
-3.167686
-5.837109
-3.847731
-2.685645
-0.534612
-4.793016
-0.302205
-3.535857
-1.429976
-3.815519
-1.147496
-3.456024
-1.406289
0.730460
-2.841935
