-1.373726
3.534969
3.108299
2.168432
-0.408964
2.260804
4.050115
4.844646
4.935679
1.669517
3.791359
6.334266
2.881284
1.877466
3.027753
3.968819
7.860406
3.407522
4.795850
3.764066
3.712141
6.284687
7.411650
8.871981
5.310315
10.014908
8.637303
8.608206
8.587815
7.402552
7.144074
8.833774
10.115365
11.309836
9.874420
10.960353
6.243564
10.839815
7.214261
9.904042
11.135200
7.109425
8.437140
7.676846
12.552224
7.236112
12.306601
12.088324
10.183313
12.423609
8.535682
8.579119
10.316887
7.422216
11.257473
9.275375
9.126908
12.589542
6.900358
7.283575
7.695864
10.536593
10.249955
9.354976
6.983395
5.984977
11.418222
5.595381
7.320425
5.901004
5.126909
8.157049
7.056434
8.682377
8.185203
4.547637
5.481787
7.550166
6.541696
7.443733
2.703522
3.600013
3.977648
5.779149
1.772437
6.610666
4.097119
2.330410
5.414146
1.889622
2.917211
0.791604
3.957681
3.771549
1.952591
4.180689
3.384729
-1.403846
-0.172232
-1.286064
0.758431
2.052235
0.944254
-3.580215
-1.429765
-3.752325
-0.514819
0.126688
-0.645915
-5.217423
-1.978582
-4.799031
-6.681221
-5.012003
-2.108092
-5.969128
-6.935997
-6.132880
-3.560486
-3.724264
-5.293653
-4.569743
-7.015084
-3.911176
-5.001990
-8.101283
-5.899095
-7.216898
-7.742564
-5.827671
-6.211286
-6.840258
-6.061457
-6.121815
-6.386214
-10.572014
-11.063566
-7.555393
-8.021635
-7.152059
-10.266522
-10.417623
-11.035113
-10.465331
-11.404615
-10.316092
-11.082685
-8.418895
-12.478580
-9.213885
-9.175823
-9.160544
-9.762776
-12.333675
-7.379884
-10.019924
-6.892153
-6.770400
-8.514351
-6.710527
-10.290312
-9.877831
-9.638172
-7.879750
-11.186276
-9.413033
-10.221738
-5.605037
-6.252353
-8.516883
-10.305499
-10.166966
-5.089143
-7.550842
-8.428799
-4.313591
-4.900420
-3.614142
-7.556755
-3.614815
-6.364306
-6.790971
-7.232529
-3.842280
-7.421921
-6.054700
-1.608760
-4.773534
-3.606021
-4.182649
-1.131953
-2.491423
-3.032154
-1.311379
0.625188
-3.871916
-0.379254
1.478992
-2.701711
2.243985
