-1.080955
2.502801
-1.732814
2.759063
-0.906851
1.360902
1.853670
2.958420
3.541087
5.316600
5.108855
5.851110
4.718713
2.226310
1.860058
3.758931
2.931419
3.618071
5.139719
7.241932
3.749882
7.545211
4.702057
9.035650
4.121249
9.517692
8.368214
7.336069
8.266681
7.010963
9.780020
8.152812
6.218351
7.375270
10.924850
12.047838
10.041632
8.135615
10.155503
8.927805
11.083906
9.285465
11.107751
6.850789
10.521098
11.384708
10.360847
12.347152
10.021145
12.135248
12.493796
8.777261
7.944197
8.597477
12.744266
9.174355
7.673808
10.016526
11.216294
8.029173
7.152056
11.349915
6.542350
8.040758
6.931741
8.491572
7.296428
7.972625
9.770705
6.729082
6.206139
5.481563
5.519088
9.688497
10.003754
9.344538
4.531818
5.218063
3.744820
4.546355
7.514870
5.989188
5.670756
4.394909
1.780163
4.841923
4.819638
3.574297
1.521067
5.049765
1.129244
1.120294
4.564122
4.044562
3.176611
2.883915
-0.873268
-2.044824
3.248772
2.841672
-2.547338
0.850410
-0.998307
0.679651
0.364518
-4.402131
-0.181954
-1.867766
-4.885284
-5.334187
-1.167337
-6.490882
-2.277081
-5.842770
-2.611019
-3.752339
-4.958094
-5.699105
-4.704774
-8.564391
-7.232102
-5.595892
-5.076371
-4.115552
-7.808104
-10.287007
-7.551705
-6.779735
-10.777811
-10.913317
-9.795504
-7.550496
-6.171816
-10.222555
-8.816390
-11.286381
-7.840278
-8.854664
-9.531450
-9.234327
-10.171080
-10.117685
-9.589162
-7.446106
-7.513048
-11.601223
-12.053315
-10.021225
-7.010044
-10.112363
-9.068208
-12.469979
-10.764833
-9.710465
-9.013867
-11.492746
-7.335875
-8.085023
-11.491694
-9.896482
-11.936518
-7.762364
-11.408252
-9.435000
-8.695196
-9.338426
-11.046354
-8.575119
-8.193565
-6.574222
-9.091935
-7.794648
-8.127071
-7.573685
-6.177174
-7.181867
-7.670440
-5.695635
-6.761077
-4.899294
-6.869994
-3.707075
-4.017671
-5.782592
-3.381803
-6.848023
-4.120099
-2.852495
-4.098732
-4.449353
-0.110243
0.200365
-3.860987
1.112250
-3.282261
-3.372237
-1.237629
-3.250663
-2.202216
0.719118
