-0.559731
2.603844
3.115833
1.784741
-1.197951
0.318705
3.183710
4.282167
3.505158
0.170860
1.460933
2.039975
6.024784
5.260125
6.576843
6.524869
5.084762
7.551355
5.934242
3.684478
4.630114
5.632753
4.419796
9.532781
9.762395
4.571143
7.015062
10.391167
10.703221
10.458419
8.774383
9.139154
7.460773
9.413291
10.209210
6.527003
11.971715
9.084347
7.854554
9.671361
8.832069
8.976511
8.823057
12.525268
9.220500
10.489436
10.748435
12.669116
11.549232
11.289327
7.503898
8.154739
7.154251
11.096573
10.474306
12.337918
12.301180
10.103526
11.545418
11.487511
7.676367
8.042915
10.536097
9.218688
11.276945
10.280357
6.624118
7.628438
8.811480
9.958270
8.827041
8.253540
5.561270
7.525344
7.631850
4.281614
7.744578
5.405428
5.105603
4.286623
3.334251
3.094239
3.930408
6.206201
5.513691
3.733889
6.262927
1.208487
3.761508
5.575657
0.422442
3.770531
-0.354150
-1.076636
3.629601
-0.950204
2.539187
3.218070
2.489460
-0.749409
-1.832094
1.537628
0.854122
-3.713845
-1.864610
-2.733256
-4.562339
-4.380056
-1.957459
-1.457891
-1.786764
-4.300966
-3.650676
-2.773736
-6.089679
-7.190082
-2.939402
-5.780869
-6.994091
-8.783139
-5.838970
-4.740172
-3.940274
-8.952717
-4.127587
-9.647030
-7.138558
-7.387971
-5.689933
-6.990357
-11.251689
-6.061766
-8.646520
-11.511226
-10.289909
-11.598072
-9.744560
-10.671703
-12.039217
-8.635666
-11.209270
-9.514540
-8.453258
-11.233485
-8.386207
-9.348664
-10.305757
-12.432787
-8.720729
-8.081427
-8.754297
-11.163367
-12.897612
-7.413110
-11.239240
-9.563450
-7.389850
-7.811372
-12.452443
-8.414545
-8.301971
-11.965205
-6.826523
-6.954075
-8.611214
-7.253984
-6.661936
-10.569943
-8.670840
-8.469210
-8.538635
-6.085100
-4.695808
-9.249914
-6.890840
-8.044642
-8.553259
-4.606101
-5.134084
-8.650271
-7.348765
-8.005005
-6.677508
-3.245809
-1.723850
-1.693276
-2.267682
-5.792281
-0.455452
-2.739369
-0.953073
-3.748692
-1.284179
-1.572990
0.285896
-2.255812
-0.827991
-1.508113
-2.961911
-0.526023
