-0.603432
-0.121644
2.561931
3.933668
2.900854
1.321889
3.514913
0.472194
2.326982
1.098148
6.335659
1.679083
2.708182
4.554260
3.095467
3.626230
6.461282
5.849229
3.212372
6.172253
7.098147
9.005048
5.040050
6.950868
5.717906
9.778140
8.427226
5.256237
7.205913
10.244474
6.526125
11.108494
10.562213
6.387378
10.470070
6.276761
7.536394
7.944949
10.994695
8.325553
11.556193
9.820064
8.310419
10.057450
7.996547
12.663299
7.194214
9.482817
11.631525
12.661885
7.111904
11.663148
11.630161
6.981845
8.632242
7.463330
7.117562
9.970272
12.303579
12.412483
10.717230
8.259263
7.378931
6.549865
8.156205
10.930026
6.273845
10.312830
8.079787
7.509951
5.219782
10.227949
5.092017
5.273212
7.605707
7.820508
3.731974
7.661728
5.099956
7.743321
4.134096
3.307882
4.710495
4.455509
1.811538
6.599676
6.764575
1.231856
3.500700
4.514982
2.982065
-0.336691
0.601224
4.135829
2.606044
-0.958103
-1.829487
1.357753
-0.653218
1.479595
0.120173
-1.081644
0.913888
0.169134
-0.419193
-0.336093
-1.728650
-2.356172
0.050598
-2.142463
-5.231893
-3.009354
-1.264141
-4.569855
-6.060404
-4.855351
-5.013792
-3.979991
-8.069485
-7.275063
-7.524978
-4.682968
-3.921632
-7.879040
-6.802121
-9.416758
-6.860608
-6.810880
-5.787037
-6.612898
-9.301787
-8.497441
-10.712814
-10.235773
-11.131732
-6.999171
-7.138670
-7.798754
-9.671230
-8.972922
-11.583500
-8.360443
-11.680692
-7.580137
-8.986591
-8.268162
-11.716583
-12.190452
-8.782475
-11.832345
-10.696051
-12.464091
-9.514006
-10.713174
-10.235056
-10.382540
-10.300508
-8.747678
-6.641596
-6.695679
-7.448729
-10.426848
-11.927017
-7.516780
-5.918607
-7.293111
-8.813733
-7.621947
-10.356746
-10.836857
-6.539133
-9.932155
-8.101430
-6.050658
-9.860834
-8.689320
-9.072167
-8.723481
-5.999683
-4.460798
-8.607587
-2.709823
-7.221521
-1.943537
-6.235022
-5.197816
-2.172829
-5.834713
-4.822137
-3.269289
-5.297930
-1.333492
0.034582
-1.688159
1.199395
-1.120204
-3.842588
-2.347125
2.070178
-1.770313
