-0.073888
2.643115
-1.128050
3.878260
2.846177
3.866186
1.870365
2.096437
1.080360
5.832142
5.144519
4.634563
1.787935
6.013472
4.950658
3.636688
6.869349
4.146798
4.159574
4.717115
7.769677
3.454002
4.205473
4.235132
5.616309
6.780467
6.468760
10.304913
9.826306
5.673805
7.974719
7.318364
5.857748
7.240189
7.639805
10.813693
10.187941
7.054241
10.730676
8.388878
8.550811
8.091391
10.377238
11.066650
11.906720
12.573440
8.352971
8.786177
8.391459
11.204931
12.411093
10.962929
11.845753
10.656157
10.699783
10.911922
10.518137
7.488890
9.483171
6.847307
9.065495
10.345770
11.627352
7.473571
7.322051
9.803527
9.394811
7.076231
5.682214
7.850862
7.410759
9.226301
6.856908
5.484948
8.614345
4.452542
4.198868
5.203947
3.995791
5.754904
3.266801
4.181557
2.516825
2.592605
7.293245
1.288529
4.183683
0.805276
3.658167
2.685959
2.228094
-0.495018
2.832936
2.397919
-1.228565
0.299142
-0.873009
-0.807275
1.020610
-0.519521
-0.824519
-2.538467
-1.874904
-0.628150
-0.000137
0.573315
-1.638327
-5.053721
-5.190687
-2.446655
-5.348111
-6.464254
-6.454794
-1.298118
-4.576181
-6.580840
-4.262083
-4.667907
-5.849724
-5.318812
-5.482017
-5.658401
-5.342581
-9.787004
-7.110263
-5.841372
-8.161558
-6.593294
-6.198581
-10.708251
-7.241418
-8.931065
-8.426692
-9.790681
-7.003905
-10.232838
-7.238495
-11.052770
-6.768744
-11.263328
-11.401336
-12.486519
-8.733855
-11.893294
-11.776517
-10.090800
-8.848530
-9.425260
-8.921595
-9.323887
-10.464408
-11.190705
-10.071307
-7.483677
-7.476085
-12.261423
-9.358880
-7.709246
-10.433904
-9.952570
-10.313015
-11.869457
-9.280507
-7.992495
-11.128530
-8.832161
-11.575495
-8.321587
-10.494806
-7.256339
-7.260460
-7.437253
-4.587553
-4.623483
-8.102046
-5.005351
-4.178808
-9.357198
-4.180474
-6.183660
-7.826984
-7.420287
-4.173810
-2.498717
-7.072635
-6.840049
-1.318961
-5.337137
-5.383551
-5.574124
-3.900360
-2.183496
-4.530186
-1.587985
-3.761624
-1.590875
0.872803
1.092626
2.413000
-2.757155
