-2.196466
-1.884871
3.556973
3.663565
1.963217
1.855218
0.321643
0.640013
5.161137
2.903492
2.690009
1.696255
3.066902
3.760320
6.791129
5.959359
5.235983
6.463276
3.669962
5.381497
3.192216
9.105223
8.962047
3.850825
6.611440
7.510093
4.962253
8.207521
8.997350
8.698932
6.778445
6.616194
6.830983
6.576045
8.355601
6.850847
12.038599
11.897477
10.599519
12.000481
11.050582
10.695771
7.600275
12.151920
10.895004
8.199755
9.348081
8.537708
7.771865
9.157051
10.775328
9.655829
10.180064
12.360036
10.740232
10.036636
6.968950
12.626841
10.502694
12.353260
10.130676
7.203870
9.072269
6.989696
7.286449
7.011587
6.016887
6.287689
9.552347
7.925355
8.854228
9.029006
8.673775
4.778138
7.414989
7.329865
4.675361
4.415537
7.028075
6.308415
6.126074
5.602410
5.910284
4.462670
4.097158
3.129387
3.339442
6.390743
3.520070
0.239296
2.822966
4.548265
0.111717
3.993098
1.243966
2.633255
1.219798
-0.136294
-1.814210
-0.502189
1.209477
1.301614
-0.022964
0.496167
-0.234180
0.199013
-2.009204
0.152141
-3.954684
-1.073815
-4.401839
-3.412297
-6.497672
-5.739203
-3.935057
-4.663894
-4.430538
-5.997311
-6.943414
-6.202624
-6.604604
-4.030694
-4.806595
-9.573099
-7.757066
-9.025255
-5.515199
-7.294908
-7.092927
-6.147782
-9.889776
-10.406942
-6.153367
-11.653915
-8.263836
-10.263015
-7.621226
-10.698850
-11.805923
-6.723675
-8.164047
-9.087512
-8.460569
-8.708914
-8.926472
-7.420730
-10.063694
-9.170034
-12.618364
-8.566768
-8.925758
-11.425344
-8.869581
-11.041691
-10.566877
-9.281035
-9.857550
-9.671702
-7.499462
-10.453141
-11.093599
-10.540196
-6.476812
-12.018950
-11.314835
-8.945075
-11.123008
-7.584420
-8.497247
-5.493357
-6.527478
-8.058401
-9.259176
-6.123118
-5.263703
-7.217583
-4.645185
-8.978781
-5.879716
-5.074760
-7.424738
-4.919828
-2.559045
-5.506903
-1.705435
-6.672759
-2.889632
-6.195730
-3.194014
-4.083053
-5.417087
-2.957067
-4.439928
-3.377744
-2.144778
-2.650462
-1.890581
1.515949
0.448720
1.686674
