0.297324
0.597256
-0.908843
-0.317932
1.385559
-1.030678
0.899035
4.386404
3.155133
3.229510
2.923843
3.168701
3.565754
3.975569
3.926798
2.274874
7.958793
3.347147
4.048905
3.245699
8.423675
3.802546
4.295797
7.936819
8.868224
9.894485
9.622441
5.738897
9.448639
8.201666
10.606798
7.359288
7.912289
8.831505
8.623183
9.165553
7.288853
8.530179
7.988195
11.515084
7.254283
11.893435
11.409376
9.022925
8.170344
12.148422
8.459837
11.938943
9.805865
10.767926
9.206269
9.982391
8.103636
11.411720
9.516751
7.011039
8.325262
11.957016
6.994812
12.455732
11.783424
6.430513
7.715603
11.704789
8.024992
11.148000
5.629480
7.997690
6.392613
7.797443
5.714956
4.782987
9.982933
4.543590
5.600046
5.820165
7.415022
5.094908
7.947346
6.802243
3.178163
5.551995
2.850337
2.750514
3.624721
7.204884
2.420567
2.819999
3.509310
4.480837
3.438463
2.367267
3.031853
2.891981
2.448276
2.417372
3.893026
-0.194570
-1.628182
-2.533372
2.049695
1.605779
0.074445
0.775864
0.480962
-2.438628
-1.611776
-2.162018
-0.525585
-3.347199
-3.220569
-4.431247
-2.028363
-3.441012
-2.674920
-7.173974
-2.606647
-2.559533
-6.389435
-8.799964
-7.451630
-6.762954
-9.269603
-9.808820
-6.364488
-8.645435
-7.298385
-5.095858
-8.624627
-7.991195
-5.317039
-8.497216
-10.781271
-6.305956
-8.126626
-7.194627
-6.359894
-7.131292
-9.545268
-12.483494
-10.463578
-10.037630
-8.652090
-8.047074
-10.385336
-7.978396
-7.156505
-11.487950
-7.840319
-11.595512
-10.666406
-8.293138
-7.924167
-8.185359
-10.177187
-7.792595
-10.609705
-11.500630
-10.664717
-7.268253
-9.446790
-6.941288
-10.304114
-6.736450
-10.816326
-11.331441
-7.999675
-9.600510
-8.292132
-9.922909
-6.112894
-8.317837
-9.292739
-5.658252
-8.561400
-4.448254
-7.219411
-8.844686
-7.522080
-8.180528
-7.414746
-4.223335
-5.247260
-4.723934
-6.535881
-3.844737
-1.411610
-6.469787
-3.399574
-3.910251
-1.663939
-1.860644
-1.585822
-3.687577
-0.714292
0.119804
-2.672470
-1.781055
-0.756580
-1.382812
