-1.946318
3.457363
-1.497624
0.829995
0.291645
1.093488
0.531644
3.753137
3.576525
3.959669
1.812159
2.691616
1.115536
3.116489
7.047526
4.011783
4.709207
7.553875
7.692204
7.085249
8.129361
3.954327
4.816773
7.461708
5.315637
9.895546
5.755873
5.581492
8.654384
9.470743
6.265539
6.284396
9.643330
9.113733
9.870024
8.386347
6.328767
10.985423
8.405959
11.850366
11.311219
12.683282
10.231502
10.043681
7.273807
6.973115
8.626056
10.372246
9.167480
10.760711
10.725504
9.296216
11.809540
10.987410
11.429346
8.420680
8.384459
9.544334
9.799447
11.791616
6.834818
7.429256
9.291566
7.718124
8.863742
9.302115
6.503148
9.682841
9.176714
6.895186
7.796404
9.484219
5.217184
8.969979
6.775366
9.778177
7.465009
7.897875
8.518136
4.488283
3.180361
3.301088
2.550168
6.760563
5.462424
6.831372
5.671856
1.369837
0.866030
3.370868
1.462745
1.938728
4.461559
1.234624
1.009898
2.890283
-0.013800
2.938772
2.436762
1.333473
-1.601432
-0.703297
-1.391377
-2.757319
0.798403
-2.901032
-0.789408
0.378698
-3.625995
-5.390551
-3.669324
-3.783017
-5.642337
-1.420669
-1.549757
-6.776061
-3.302620
-3.603378
-8.155337
-3.450752
-6.074046
-8.826862
-7.648980
-7.427094
-8.976775
-8.441077
-4.533505
-5.067735
-9.082243
-6.861769
-5.450289
-6.394423
-11.159462
-9.033234
-8.310673
-7.659429
-10.917434
-8.122274
-7.522092
-9.673347
-11.187653
-10.020151
-12.460257
-11.316676
-9.135610
-9.650982
-10.181486
-11.501073
-7.599094
-8.134351
-9.635808
-9.259589
-7.922155
-7.270552
-10.545433
-8.342990
-11.283373
-7.281877
-12.207947
-8.761828
-8.871639
-8.004484
-8.182274
-11.705879
-8.838870
-5.826892
-6.968400
-7.677981
-8.228314
-8.194763
-6.811242
-7.347218
-6.742589
-8.666329
-7.762607
-5.026387
-6.127485
-7.057732
-6.205864
-8.698346
-7.729410
-6.261362
-6.390026
-6.101575
-3.012674
-5.315896
-6.853800
-5.102328
-2.858113
-5.587956
0.141678
-3.703415
-4.435228
-2.446967
-3.768822
0.238680
-1.711372
0.242980
-1.253658
-2.765086
