2.318860
-0.257692
0.243383
1.528729
0.231171
-0.983017
4.490997
0.329374
1.998540
3.602991
5.739987
5.630925
5.389595
3.309254
5.329336
2.316049
5.865435
7.174209
5.547934
5.890332
5.004831
6.947042
9.474519
4.164458
7.119448
7.865120
10.365837
7.255375
9.412972
5.738401
6.084566
9.337471
8.472497
9.916273
11.548115
7.781298
9.002968
10.222378
9.995658
11.780817
9.687610
6.983472
11.220183
6.848424
8.137980
12.606865
8.440313
8.940992
8.101652
9.672713
9.347338
8.722107
9.649291
7.932510
9.827331
11.210899
11.836506
10.407172
10.902588
7.949833
11.288806
8.211633
11.360024
9.743386
10.505371
9.343782
9.853925
10.683640
8.706624
8.186150
8.080014
6.358817
5.823516
4.581313
9.549033
5.553662
5.541783
6.344553
4.273659
3.964432
2.997158
6.392808
5.653512
3.729991
6.010816
6.855068
6.379012
4.969158
3.609599
3.217220
4.160821
0.839177
1.674084
0.176165
0.266389
1.057580
0.588249
-1.495097
3.178626
0.894338
-1.940041
-2.513395
-0.912090
0.104541
-2.755832
1.073630
-2.594160
0.426752
-0.111767
-3.710831
-5.897524
-1.650003
-3.387534
-6.050941
-3.202373
-2.871685
-5.407866
-7.837103
-5.684926
-6.633193
-9.080497
-9.355354
-4.789786
-9.815536
-4.590148
-9.834957
-7.713640
-4.809518
-5.450528
-9.093380
-6.291376
-10.845194
-5.687274
-5.769915
-11.442565
-10.106288
-11.921697
-12.074858
-12.081446
-9.677987
-6.807159
-11.367347
-10.519184
-7.367264
-8.786632
-8.520731
-8.872474
-8.546305
-7.083431
-11.508766
-10.492587
-11.642658
-10.319292
-11.621339
-11.238155
-6.958819
-11.038477
-7.708819
-6.740119
-10.401722
-10.179819
-10.547005
-8.209741
-11.876558
-7.504559
-8.889799
-10.206421
-10.769306
-5.672786
-6.822321
-6.768325
-9.830866
-6.251038
-7.200227
-8.911902
-4.295719
-3.850162
-5.027422
-7.510230
-7.522647
-7.237224
-3.353685
-7.155694
-3.715813
-2.768377
-2.389776
-5.008996
-1.021885
-0.919213
-5.409975
-3.974806
-1.642922
0.178126
-0.434254
-1.331090
-1.207888
0.258868
-0.473290
1.516307
-0.249953
