-1.703722
0.747874
3.561550
-0.627148
0.371009
1.179911
4.950072
5.394942
0.395239
5.092123
1.417400
1.398887
1.873596
4.031605
4.994782
3.192568
7.077698
4.892511
5.299089
8.301489
3.370285
8.612594
6.453349
5.227883
5.053195
6.578510
7.031443
7.415892
9.597811
10.642407
8.258017
10.792689
6.620886
6.343636
9.188116
10.309361
11.713045
9.551813
9.694741
10.552583
11.216971
10.715380
8.698375
9.321940
9.289505
12.795941
8.886630
10.909963
7.979322
12.785096
7.179761
8.154784
11.313370
9.023365
7.682873
7.799508
11.111988
10.190670
9.653099
10.336223
11.382800
7.840507
10.414384
10.009696
10.058309
10.583772
8.729729
10.906366
8.551649
9.298542
9.096242
8.627953
8.339650
6.217256
6.706508
5.820911
5.446999
8.444491
8.365794
5.632434
3.023545
7.453202
5.535869
6.621810
6.612252
1.630160
3.420304
2.151998
4.540769
3.637902
0.495670
2.799144
0.508780
3.389338
0.831064
1.973238
1.625764
0.652220
-0.775770
-2.051966
1.435554
0.514807
0.572532
-2.518642
0.548044
-1.975480
-3.712107
-4.618841
-0.304892
-0.854543
-3.069035
-1.305828
-2.418107
-3.254176
-5.981414
-5.523046
-4.241946
-6.621425
-8.281663
-5.372763
-7.174409
-6.011342
-8.135129
-6.083220
-5.173668
-8.864611
-7.888893
-7.599349
-7.519010
-7.391631
-10.816336
-8.924484
-11.470416
-6.186067
-11.249129
-11.395272
-12.068677
-10.530043
-11.338667
-8.925197
-10.672400
-7.213428
-11.465720
-10.518050
-8.869988
-7.112942
-9.488772
-7.803948
-9.749303
-8.729118
-9.813305
-8.550591
-11.817421
-7.667111
-7.102763
-12.261373
-6.763410
-12.040659
-7.282999
-8.329665
-11.144380
-8.263966
-9.584070
-6.152832
-8.293041
-8.365050
-6.745862
-11.239152
-9.261374
-10.165735
-6.637309
-9.596819
-8.306653
-9.747700
-9.049098
-5.617986
-7.682253
-4.388412
-8.618536
-8.273498
-3.474902
-3.453918
-6.553843
-6.761569
-5.850700
-2.459718
-2.414797
-0.888262
-0.513033
-2.418950
0.175904
-3.863710
-2.175785
-2.373716
-2.888942
-0.703274
-2.870112
0.406267
1.846692
0.459991
