-2.638694
-1.157981
-1.880601
-0.602464
3.451965
-0.705274
1.971125
2.763951
3.862587
4.050949
5.008894
6.196950
4.967561
5.061803
2.019668
3.046912
6.401601
2.890309
4.342371
7.251157
6.575415
8.805467
5.944620
6.168153
7.250503
8.949697
8.977749
6.714416
4.961506
8.114449
6.331830
9.267382
8.172482
10.063800
9.549102
8.018587
10.444768
10.642408
6.879553
12.369565
12.226715
10.862790
12.722782
9.461162
12.254964
7.596713
7.051973
8.232703
9.602634
7.970914
10.443111
9.798244
7.955912
11.276764
10.700189
10.727991
11.420122
10.697069
9.884182
10.995241
9.969389
7.962604
8.250551
8.374266
8.353544
9.607637
6.842157
8.975322
11.095427
7.693371
8.339105
10.253713
9.103035
9.716485
8.148872
4.297606
5.080720
9.349285
7.584084
8.141689
4.245108
4.097434
5.995132
3.170247
7.007738
1.297833
6.340656
6.522439
2.170690
4.913283
-0.198726
1.500465
1.983400
2.671948
0.799138
3.749202
1.518602
-0.240760
-2.279960
-2.726460
0.741179
1.848109
-3.119400
-2.782582
-1.696212
1.105830
0.101368
-2.507751
-5.667874
-4.887497
-5.729290
-5.787930
-6.310960
-7.062772
-4.352614
-2.421470
-8.065721
-7.465119
-3.676449
-8.699744
-5.157740
-6.756696
-9.554340
-9.380688
-9.316368
-6.538617
-8.437647
-7.820773
-7.947038
-6.629215
-9.642304
-9.158821
-11.536194
-6.768444
-11.067091
-9.315445
-6.887001
-10.527083
-9.808643
-9.259731
-9.503880
-7.101281
-11.479853
-7.247392
-7.367155
-12.163367
-8.807450
-10.279506
-7.873480
-8.468371
-7.954575
-7.664107
-12.879776
-11.866999
-10.082129
-8.873213
-9.664695
-8.995630
-8.913378
-10.227403
-9.753970
-6.864163
-9.746470
-8.470571
-11.219328
-8.948391
-7.921222
-6.278206
-11.252635
-7.128821
-5.524510
-6.073556
-6.763410
-4.687877
-6.271130
-5.779493
-3.883731
-3.857946
-8.652793
-7.629524
-3.284852
-2.992476
-2.283754
-4.638616
-7.160096
-5.682449
-4.553371
-2.975684
-4.653647
-4.551372
-3.955686
-4.967930
-2.517928
0.835641
-4.108442
-0.135997
-3.323881
-2.031883
-2.400106
1.590255
