1.719250
2.070785
1.980425
0.467614
1.151067
0.907393
3.052864
5.075220
2.736387
4.996466
2.906656
2.973014
4.682822
1.528702
4.131707
7.700169
6.234793
2.960875
5.505263
8.198108
7.209816
4.448050
6.068099
5.618604
8.119386
6.650399
7.228883
10.537214
7.361634
7.099584
6.983025
5.586334
9.998003
8.052168
7.705912
11.008068
11.427399
8.224003
6.659939
6.751900
10.949982
11.292669
8.211684
7.201170
8.382128
12.076923
8.919915
8.142503
8.999288
11.708746
10.149260
12.283419
10.683904
10.288460
11.870182
7.093191
9.767585
9.902386
7.675475
10.075081
10.786255
8.313816
6.493919
11.798635
10.676593
10.148953
8.908217
7.179920
6.609052
7.966446
8.882450
8.616592
4.921376
4.735906
8.287537
7.260812
6.177409
4.869944
3.157517
6.435805
3.702589
6.469237
6.056654
2.269999
7.380350
6.599558
3.553267
4.068379
4.695867
0.356722
4.656201
3.424572
2.644580
-0.065969
-1.319248
0.019565
-0.465926
-2.029363
-0.212429
2.661197
1.431006
-2.514000
-1.024427
-0.059549
-0.365993
-2.991796
-4.493439
-4.763352
-5.501498
-2.886500
-5.626297
-6.103574
-4.511940
-6.777687
-7.287155
-5.173174
-6.127980
-6.640222
-6.725574
-3.810969
-3.457075
-7.060434
-6.968707
-4.042599
-4.888964
-9.924232
-6.646872
-10.601128
-10.255379
-9.377724
-6.681204
-8.758896
-10.786419
-11.620521
-7.695233
-10.028739
-7.095128
-6.982379
-6.706497
-7.036540
-12.289988
-11.867592
-12.608810
-8.445331
-10.410237
-9.050390
-10.167799
-7.540394
-8.778696
-12.116307
-9.048708
-8.861038
-7.793997
-11.130648
-11.476741
-8.465507
-9.504004
-9.222232
-11.252184
-8.819958
-7.877352
-11.308908
-10.049332
-8.841821
-8.521059
-9.623222
-10.497684
-10.623100
-8.594535
-6.578529
-8.854371
-6.041687
-8.007631
-5.254547
-5.936410
-3.969022
-6.239730
-5.787632
-8.240597
-3.246102
-6.015257
-6.718886
-4.145597
-2.495262
-4.796412
-5.994355
-1.606417
-4.873972
-1.443094
-4.771620
-1.772520
-2.994312
-4.970280
-2.201923
-0.581949
-1.493847
-3.829345
1.655836
1.396684
-2.700118
