3.226628
2.045531
-0.020930
0.768793
-0.736777
4.521807
4.850093
4.748789
1.581154
2.085244
0.850959
4.878081
5.420563
4.036737
3.469484
7.083293
5.229564
4.271467
6.549187
7.762493
8.502559
5.698893
3.983818
9.282196
8.620347
8.345880
4.585385
6.521394
6.981460
7.239469
7.998409
10.402452
10.242810
9.390426
7.632223
10.353843
11.121213
10.273193
9.943159
8.559988
7.038926
12.636946
9.992480
7.202078
9.261939
12.543112
7.760193
9.643819
9.269507
8.171299
8.018881
9.970511
9.015172
8.843244
12.132866
12.247606
7.950560
7.532328
10.764886
11.909618
10.202020
10.553235
10.792050
10.821139
9.601890
6.717842
11.033013
11.298144
11.210247
10.088728
10.507942
6.082487
4.787239
6.522782
9.820135
5.786710
5.042518
3.635498
6.142597
3.331610
7.744231
6.379984
6.971689
3.665608
4.272772
4.168723
1.820266
3.951555
2.432069
3.412356
5.443276
3.965524
0.570719
0.506197
0.135958
3.613985
0.610057
-0.417768
2.799490
1.050612
-2.133634
-3.057910
0.448194
-3.710591
1.064826
-3.826784
-2.091675
-0.100498
-4.380060
-5.369801
-5.398733
-1.837159
-1.574964
-3.248174
-2.115325
-4.209615
-3.596748
-2.366301
-6.683705
-3.260255
-9.060421
-5.693438
-8.192345
-9.400240
-5.689264
-5.826865
-6.680188
-6.186523
-7.385050
-10.160185
-7.163134
-10.084844
-10.910397
-10.871039
-11.710008
-8.407440
-8.955069
-10.343888
-8.223998
-11.829852
-11.923729
-10.636492
-10.758476
-12.428802
-10.303546
-11.158695
-9.726440
-12.321726
-8.273897
-7.753181
-10.240451
-10.130866
-10.937055
-8.286943
-11.286189
-8.631266
-11.974514
-7.239983
-12.278478
-10.732337
-8.928849
-7.179385
-6.706666
-7.598427
-6.627103
-9.118784
-6.574536
-8.224143
-9.251104
-7.169767
-8.615313
-5.040052
-10.256449
-4.332146
-7.149980
-9.518765
-5.953653
-4.162036
-6.164213
-8.449039
-7.518374
-2.865907
-7.845407
-3.902535
-3.591866
-4.898976
-2.457187
-5.079450
-5.659237
-2.029502
-4.822412
-0.813297
-2.738478
-2.657185
-1.130866
-2.421392
-2.801409
-1.276195
-1.273904
1.686190
