1.780774
2.664001
-0.484325
1.338761
1.244989
0.921080
4.216283
5.381854
3.548698
1.177821
1.125481
4.161058
2.942694
2.866911
4.841340
2.900638
6.161365
2.692399
2.825177
4.596963
3.593411
8.777674
8.692754
6.219662
5.086359
6.872400
6.998420
9.077713
7.340392
10.801015
10.742716
11.151765
7.683427
7.504532
11.230270
7.308455
6.962806
9.420860
11.841584
8.925747
7.897504
7.158269
12.357527
10.440102
9.141836
10.910736
11.708761
8.981220
11.151019
8.222894
12.747347
11.251262
7.957059
9.577810
10.674845
12.402676
9.935153
10.444678
10.687850
12.049750
7.325813
8.732090
8.052402
10.211664
11.254192
8.707093
10.442361
7.401913
8.570081
7.422876
10.282524
8.761853
9.471492
4.950219
5.746432
8.451288
4.909458
3.578613
5.748382
8.499035
4.193368
5.776741
4.247732
1.978569
4.542420
6.219882
2.525373
0.956556
1.866209
4.054563
1.766369
3.443876
-0.740543
3.182220
0.911058
-1.545636
0.377176
1.925751
2.842126
2.904094
2.586418
1.749931
1.253136
0.552433
-1.234472
-2.360580
-4.418697
-1.559174
-0.606122
-4.442579
-1.346396
-6.256714
-4.698726
-5.648776
-6.622378
-4.031539
-6.192165
-2.603597
-5.628790
-4.446201
-9.052537
-5.742121
-6.154411
-5.001198
-6.141259
-5.020316
-5.086873
-9.791735
-9.746070
-6.344316
-10.906575
-9.104316
-9.807625
-7.357987
-11.284810
-7.292818
-7.481173
-9.103379
-10.888694
-12.084838
-8.848117
-12.537743
-12.386913
-12.045201
-10.173199
-8.887132
-7.818955
-9.989595
-12.702359
-11.117006
-9.145279
-8.261947
-11.220717
-9.933939
-7.966276
-9.252103
-9.540620
-10.700593
-10.132795
-7.746528
-10.349558
-9.522124
-9.970604
-7.970847
-8.503391
-7.852406
-8.660738
-9.052530
-8.405900
-10.690644
-8.435379
-4.890581
-5.816785
-5.915579
-5.477164
-5.305986
-4.553497
-4.753299
-3.257105
-8.209696
-6.244372
-5.405904
-6.541846
-7.595739
-1.693617
-2.899237
-6.083690
-5.793878
-2.158435
-3.804209
-5.331442
-3.021857
-4.323489
-0.080292
1.017144
-4.225015
-0.040840
0.443290
-1.792371
2.059085
