-1.894676
-1.460513
1.972098
-0.231349
1.028859
-0.856247
0.529674
1.838493
3.203386
1.347856
4.505067
2.437264
4.699249
5.187895
3.661548
5.944545
7.966156
7.150002
7.996415
6.115626
8.978690
5.071138
8.865722
6.237630
6.969438
7.247976
5.808211
9.135625
6.843633
8.941253
10.305603
10.514697
8.888475
7.530253
10.986615
8.575003
10.592634
9.813478
8.190412
8.196041
11.835720
10.200830
10.287149
7.986563
11.346450
10.633442
9.894517
9.028481
11.475066
9.220909
8.616659
10.054177
11.474696
12.331832
10.645244
10.385362
11.886586
8.328251
6.867834
9.370180
6.611531
7.792560
8.094300
7.341272
7.905275
6.071752
7.764597
9.428352
7.947855
8.570270
7.038845
5.270022
8.454235
6.301379
4.716098
9.048996
6.159624
6.832323
4.218758
5.080249
6.949619
3.608114
4.394857
6.917868
6.371774
3.068189
5.774640
3.962438
2.824426
1.163320
2.234553
2.032527
0.363338
-0.440717
2.757347
1.177396
3.395300
2.986291
-0.101378
1.481709
2.182584
0.611767
-0.881917
1.631739
-4.248962
-2.677082
-1.898136
-1.279286
-2.901799
-3.601306
-5.658020
-4.878214
-4.743212
-6.145132
-6.453379
-4.318854
-4.636085
-3.201480
-4.175427
-4.531732
-7.757852
-7.324851
-6.625905
-3.890954
-6.640176
-7.488529
-8.794893
-8.166873
-10.605498
-8.443256
-9.004599
-7.931998
-6.670106
-7.393947
-8.912905
-7.464292
-7.091420
-10.555995
-8.173706
-8.654300
-7.620056
-8.448308
-12.011406
-7.413188
-10.379100
-12.853694
-12.905777
-8.982976
-11.301356
-11.181925
-12.725121
-8.580293
-9.928494
-11.846291
-8.682138
-10.941617
-8.507886
-9.414011
-7.285575
-8.279907
-9.895110
-8.751297
-6.942526
-9.065220
-8.037571
-8.455095
-6.287507
-11.409462
-11.042156
-9.644464
-6.459895
-8.435828
-9.455077
-10.112703
-9.458226
-9.083505
-3.963408
-5.234904
-8.891209
-6.339300
-7.362901
-6.541750
-3.051474
-6.485713
-3.511369
-4.090574
-4.173212
-2.063125
-2.460911
-2.070686
-3.298075
-0.766047
-0.516147
0.356238
-1.859118
-1.458792
1.980970
-2.115517
-2.442725
-2.974724
