0.136197
-0.773153
-1.483107
3.311694
2.565098
1.858604
-0.624656
-0.139135
0.610847
5.072351
4.133200
2.325279
1.258325
1.318677
3.050582
5.385670
6.963793
3.920222
4.237896
7.199704
3.280827
3.376648
4.983602
8.463607
5.676920
10.082784
10.130030
9.855042
8.448701
8.716126
6.518548
7.721591
6.090970
7.126456
6.781581
11.457464
10.505182
10.585495
6.541857
10.625241
8.193047
8.953227
10.499763
7.172490
11.920426
12.288958
11.587715
9.046500
7.268746
8.880574
11.971078
10.002069
9.111542
12.251818
10.559629
9.745399
12.391119
6.777749
8.853530
11.830413
10.392502
9.858433
8.133518
9.696918
10.243150
8.729948
6.952369
8.396559
6.639309
5.430161
6.300204
9.161256
5.492995
9.601792
4.430404
7.731231
4.985250
4.569398
8.597431
6.947868
5.449920
6.863529
2.552972
4.341079
2.030601
1.607770
3.577840
3.121882
1.755829
0.139430
2.344446
2.665428
-0.518528
0.201350
0.764585
0.082325
2.229207
1.744721
0.335627
2.983616
1.900038
-1.615762
-3.033293
-1.766224
0.329150
-2.546399
-0.973936
-4.908272
-2.943960
-5.000800
-3.058241
-0.886842
-4.935370
-2.068024
-6.950023
-7.307911
-2.535645
-8.152845
-3.958992
-5.547627
-8.168574
-7.834080
-9.449926
-9.593707
-5.986199
-10.144748
-9.282435
-8.267502
-7.442617
-8.291166
-10.400391
-8.362686
-8.203223
-9.425360
-10.851887
-12.029146
-8.365550
-12.150576
-7.731487
-9.742350
-8.049840
-12.495151
-10.992868
-9.076127
-10.714493
-12.431391
-9.041370
-9.936511
-12.546830
-11.686573
-9.382260
-10.278791
-11.296737
-10.777712
-11.126693
-7.684538
-9.283541
-11.884868
-7.285703
-10.767697
-10.995465
-10.176688
-10.013707
-6.457345
-10.172795
-9.349498
-6.086337
-10.941075
-5.758979
-7.549498
-10.718161
-6.035703
-5.183634
-9.069232
-7.168522
-5.783373
-8.881525
-9.291792
-9.101511
-2.964623
-4.175841
-5.186290
-5.569437
-1.968353
-7.490832
-6.141538
-1.461022
-6.446492
-4.217159
-3.831197
-4.758074
-5.210456
-0.773623
0.425292
-2.060128
-3.698212
-2.186750
-0.624567
-0.340912
-2.570054
