1.416952
2.671752
-0.394117
0.247182
2.253403
-1.000460
4.124326
0.261440
2.686412
0.921055
5.850379
2.615827
3.764534
5.670430
5.639536
4.076960
4.421315
3.663978
6.376244
8.573269
5.412340
8.200953
5.505153
7.718878
4.937619
4.610055
8.296734
9.796889
9.433115
10.393571
6.036661
8.794344
10.936106
7.492329
11.523949
8.775322
7.025558
6.663293
8.112796
10.396159
10.980210
8.619905
7.158779
7.442520
7.228679
12.548740
7.544291
11.754772
12.535596
10.166014
7.502548
10.340801
8.666010
11.981734
8.311291
7.675180
8.135065
7.628328
8.236084
9.210539
9.273992
10.828946
10.304487
6.089233
8.337797
7.540339
11.181045
9.288433
7.023336
5.408838
6.136611
7.144499
4.976391
9.086362
9.725423
6.136562
9.596006
4.618791
6.016997
6.865577
2.965609
4.210277
2.481377
5.986902
6.840068
4.201647
6.783996
0.780754
3.029067
1.686349
4.672879
4.457187
-0.120851
-0.769901
3.035440
2.047511
3.070247
0.589036
1.061613
-2.980951
1.481347
-0.969250
-0.138473
-3.704729
-0.076469
-1.447149
-0.191420
-3.436143
-3.990434
-1.507165
-4.304863
-4.654085
-6.770454
-6.971021
-6.801164
-4.539203
-8.029877
-6.250179
-6.392093
-7.970684
-3.442313
-6.490368
-6.879490
-4.070336
-8.148251
-9.696964
-9.716970
-5.399950
-8.509278
-8.118015
-6.360450
-11.396591
-6.962723
-5.911041
-6.014342
-10.608947
-8.556884
-8.151502
-8.265475
-12.497713
-11.720780
-12.186438
-9.430832
-10.523760
-7.667981
-12.095236
-9.830721
-8.265663
-7.816061
-7.969470
-8.882155
-7.289767
-7.100783
-11.668263
-10.277892
-10.638742
-10.179443
-11.289122
-11.546825
-11.777812
-11.590431
-8.960269
-10.535729
-10.592902
-10.720269
-11.154479
-9.245371
-8.633115
-10.479922
-5.374925
-10.527834
-5.011130
-6.139762
-8.089638
-7.892544
-7.956439
-5.066424
-7.177137
-8.862947
-3.071321
-3.349144
-5.099233
-5.725852
-4.219443
-1.546388
-2.313912
-0.982486
-5.956847
-0.511575
-2.363892
-2.278659
-4.226656
0.006677
-0.284843
0.144433
-1.187903
-3.825429
-3.181868
1.681942
-0.074819
