-2.152294
-0.750291
2.433422
-1.207570
-1.339631
0.442410
0.600595
4.401879
0.651445
3.422808
4.874827
1.928919
2.229543
2.380260
5.661670
4.445867
4.169068
4.679636
8.110081
5.345757
4.090434
7.747429
6.806502
5.629332
7.959887
5.019804
8.069890
8.611447
10.645665
6.482370
10.236263
5.719819
8.170233
9.479671
7.310957
9.122309
11.015341
10.798838
8.211990
10.991542
6.832716
9.855133
10.862627
11.966721
10.210405
10.709813
12.868086
10.084698
11.250602
9.578742
8.066275
7.112375
11.119323
7.864759
12.831603
8.283759
8.104909
10.231503
7.223618
11.752364
8.455386
9.184192
8.857116
9.981198
9.539536
6.292137
9.470892
9.948159
7.148293
9.453469
10.397468
7.724341
9.855457
6.919213
6.960447
5.348245
7.175896
8.005396
5.336760
4.938408
4.415653
2.458281
6.098015
5.043011
2.402725
4.549435
4.846492
6.306602
4.313606
5.811327
2.560299
1.227000
1.261986
2.209865
-0.042295
1.536072
3.389365
-1.837156
0.963295
2.008037
-2.987945
1.365665
0.040363
1.237896
-1.489947
-2.899267
-0.036719
-2.200391
-4.929784
-3.587651
-2.116716
-2.318174
-1.906394
-3.455937
-5.128945
-7.551398
-2.888169
-4.223914
-3.334923
-8.171774
-5.508177
-4.547921
-8.633777
-7.974425
-6.798116
-6.604015
-5.284213
-9.562030
-5.815015
-9.658280
-5.664635
-7.297640
-7.949994
-6.500556
-7.610065
-11.107747
-8.886207
-9.397916
-11.459462
-11.194150
-10.371807
-7.561062
-10.982867
-10.139652
-10.270841
-11.843853
-9.439958
-7.760978
-10.834252
-10.260664
-9.823155
-7.241835
-10.171642
-11.510976
-11.042990
-7.714026
-9.947887
-10.856941
-10.768914
-11.576366
-9.180434
-9.598321
-7.954619
-7.237653
-7.008852
-6.545220
-7.480372
-5.978321
-10.329030
-9.829256
-10.872453
-9.258864
-7.650654
-6.179427
-6.302719
-4.314013
-6.663473
-5.902332
-7.777253
-7.746670
-5.030164
-5.655215
-5.518331
-4.606185
-4.697096
-7.046334
-5.121575
-2.206121
-5.583378
-1.744785
-1.823776
-4.808315
0.668732
-3.149414
-2.418816
-0.605819
-3.749895
-3.460679
1.516785
2.873804
