-0.920660
-1.952292
-0.221851
2.428088
1.532032
-0.696909
2.803962
3.538461
0.536058
3.763385
4.885152
4.869071
2.507506
1.993851
5.221771
6.719024
8.052175
6.885528
5.558664
3.805222
5.787456
8.405381
6.076798
3.968104
4.499379
4.873800
5.865644
8.748770
5.736133
5.310104
10.741756
7.672266
8.829730
7.507621
8.713764
11.552371
10.381500
9.546735
9.966674
6.915694
10.695395
10.813690
12.372531
8.643989
11.417115
7.550211
11.757818
12.682960
12.070592
12.340702
9.297165
7.321225
10.845044
12.049400
9.709001
11.295308
7.720750
11.076187
7.079598
8.183738
7.456491
6.753185
11.946374
9.174420
7.194534
8.961988
7.012227
7.081738
9.053252
8.379822
7.794998
9.828822
6.116248
5.901726
6.219175
4.793577
8.268622
6.314658
7.349729
8.768922
6.042826
7.098063
4.450301
6.161785
4.566800
4.747237
5.112785
2.982239
0.622778
0.677186
0.915659
2.088222
3.507107
1.459317
0.824367
3.551119
3.833544
-1.565493
1.770501
-2.464145
-1.615658
1.479144
-2.573915
1.007239
-2.457555
0.660514
-3.728648
-3.046188
-1.516717
-4.063751
-2.884969
-4.794596
-3.251981
-3.146800
-5.422322
-7.713986
-2.610737
-6.235374
-5.047695
-6.592172
-6.273196
-6.384186
-8.254816
-9.720284
-7.619760
-8.007639
-7.998872
-5.254140
-7.013125
-5.563885
-9.397086
-7.856993
-8.432139
-10.600750
-7.935336
-10.159145
-8.176058
-6.342424
-10.179278
-10.188540
-8.379381
-7.542554
-9.675372
-8.855204
-10.444114
-12.273510
-10.945038
-11.914026
-9.154810
-10.471334
-12.737821
-9.322197
-9.056190
-7.262481
-7.393078
-11.661025
-9.505695
-10.567142
-11.485392
-11.019479
-9.649450
-8.517397
-11.773432
-9.017194
-8.685340
-9.136967
-9.414768
-7.048150
-10.432328
-8.704842
-10.579751
-5.229169
-8.642883
-7.607020
-4.501471
-4.943770
-8.649369
-9.324288
-4.575332
-4.547260
-5.884463
-3.663601
-6.818365
-6.620628
-5.606285
-2.709239
-4.305106
-1.086652
-2.989320
-5.143167
-2.543498
-5.185208
-0.206105
-4.308700
-0.172061
0.248084
-0.105684
-1.473595
-3.242013
-0.893285
