-1.324461
2.910422
2.889834
2.212445
2.292481
3.563252
3.365609
2.125162
4.507472
6.014756
5.274798
2.300504
3.913428
3.945956
3.851318
5.219506
5.633175
7.415443
4.285193
5.652690
6.219099
8.559915
6.022175
9.371430
8.995192
9.240150
4.537370
9.697020
9.334711
7.260853
6.471126
9.344515
10.367493
5.874468
8.016777
9.702690
12.166990
7.480364
8.553139
7.438822
9.134196
11.809979
12.475120
10.197109
8.396309
9.658997
10.176391
9.000905
9.087631
11.709207
11.088290
11.504342
11.247475
8.290411
9.510245
11.713563
11.196796
7.318460
7.967895
12.221687
9.264192
8.435042
6.645383
6.518185
10.648441
10.418298
10.355159
5.891164
9.878553
7.307176
7.111553
5.303870
5.951820
5.202759
7.626611
8.897609
5.715904
8.790226
3.795221
3.832846
3.083537
2.902433
2.661469
3.999329
1.552119
4.434863
3.618576
2.095809
3.455252
2.189601
0.171922
-0.018890
2.705172
1.226597
2.998173
-1.268977
1.341942
3.002282
3.178467
-1.623960
0.937540
-0.219920
1.021200
-1.588502
0.939926
-2.922352
-0.542691
-4.360514
-1.380168
-5.153442
-4.530378
-1.967047
-2.278819
-5.848223
-7.529595
-5.867043
-5.155481
-3.272401
-3.192153
-7.495460
-5.922024
-9.325814
-8.598430
-9.667445
-5.996806
-7.408528
-10.374085
-9.040365
-9.859207
-10.820587
-9.607930
-7.733252
-10.784921
-11.535482
-9.116928
-11.441140
-10.502541
-10.917036
-7.066902
-11.556590
-10.655865
-11.865936
-9.754589
-7.190542
-10.334145
-8.414616
-7.278688
-11.892767
-10.535774
-10.984569
-10.913471
-11.492324
-7.864121
-12.163766
-12.781218
-10.467712
-11.055743
-8.399375
-8.775035
-10.806193
-10.578360
-10.378080
-9.987463
-10.724029
-9.129874
-7.988909
-8.901066
-5.960949
-7.306207
-7.045390
-9.762206
-8.658428
-5.405464
-4.413801
-8.169700
-5.449952
-7.001594
-4.981214
-3.484521
-7.021765
-6.353514
-7.953863
-8.047366
-6.688200
-1.607839
-7.124197
-1.580462
-5.003751
-1.213705
-2.550914
-1.466540
-1.337088
-3.396597
-2.461225
-3.813501
-1.459005
-0.948538
0.412851
-2.339246
0.083506
