-1.501274
0.151121
-0.957742
3.968041
4.143412
1.646546
0.929333
3.696594
3.309379
3.756409
2.233362
6.593093
6.541348
3.134739
1.560599
3.079961
3.213497
6.923357
6.400225
8.254533
7.123330
6.775789
5.393117
6.793031
8.736862
4.558469
8.470991
6.189009
10.001565
8.515997
8.926922
6.069097
8.248334
8.574738
10.275162
10.787444
6.739137
6.554474
9.191620
7.696538
11.222572
7.284383
7.706965
7.061956
12.284636
8.299861
7.986246
12.335989
9.414519
10.098318
7.141511
9.448677
10.418603
9.718531
7.107514
10.223466
12.191801
11.084950
10.181590
12.296170
7.606599
9.195597
8.714033
6.477644
6.504292
11.000516
7.489897
9.692398
10.780857
8.598531
7.020890
6.317261
4.723919
4.495093
6.545972
6.581190
6.551860
5.521713
6.430111
7.445556
6.996352
3.080884
5.605013
4.317907
7.477353
5.955638
3.111070
1.217999
2.515445
3.723790
3.087610
-0.147396
0.647034
-0.409075
0.399649
2.084621
-1.901722
-1.239052
1.603461
-1.532000
0.816427
-1.109661
-0.221927
0.279009
-3.076004
-4.381646
-4.843531
-0.518441
-3.074275
-3.442198
-5.085111
-3.153856
-3.186068
-3.058333
-6.127946
-6.430676
-6.200950
-5.016755
-4.496233
-7.452379
-3.250772
-8.386574
-5.369573
-9.014353
-9.302186
-6.335916
-7.872444
-9.911690
-9.967239
-9.292715
-7.559898
-9.007574
-10.668163
-11.007533
-8.909381
-6.473256
-8.611832
-12.004149
-8.685632
-9.651249
-8.442698
-7.090256
-7.048518
-9.636661
-12.802392
-9.314134
-9.041270
-12.967943
-9.765914
-9.009754
-12.190364
-8.334862
-7.111545
-11.162715
-9.804417
-8.933931
-11.493096
-10.776910
-10.450909
-12.132573
-11.693006
-8.599769
-11.871543
-7.992395
-7.368291
-8.829771
-8.045203
-11.249372
-9.470297
-8.828923
-7.697757
-6.285738
-4.634842
-7.257523
-5.837894
-5.992453
-6.211979
-8.804938
-7.024763
-8.321963
-2.645852
-5.672072
-7.877070
-7.274839
-1.571535
-2.997585
-3.134811
-1.280418
-2.515636
-2.005659
-3.434578
-0.644501
-2.692681
-2.519359
1.211465
-1.558337
1.663226
-0.464956
0.859395
-2.492311
