-1.021971
-1.041573
-0.648540
1.118089
3.387082
-0.407318
4.643655
0.233409
4.444947
1.725654
1.032717
5.803576
3.694614
3.509594
4.772743
6.501084
6.915223
6.369644
3.610025
6.006494
6.753035
7.085213
8.324302
9.753182
6.477897
4.532486
6.162864
5.494198
4.943676
8.727415
10.819251
7.766752
8.324664
10.478446
8.648695
10.238754
11.945797
12.102877
11.670443
11.813711
12.452242
10.802713
8.697147
12.680087
12.173358
9.034352
12.471103
12.590251
10.999293
9.166483
8.945992
8.835925
11.667825
7.410032
8.107829
8.789879
7.124149
6.999178
12.590980
11.944878
10.966944
10.377692
9.079895
9.639835
10.678441
7.216317
9.337368
8.375671
7.814224
5.614199
5.511904
7.508256
5.455002
4.746895
6.924186
9.708054
6.931920
5.876904
5.255044
2.889602
5.703158
4.434079
7.049133
3.811637
1.867568
2.306851
6.074183
3.537849
4.481484
3.678185
3.379722
4.641845
2.014681
1.612232
-0.601253
-0.351078
3.735743
0.153601
-2.198333
-2.233160
-0.177079
-1.576774
-0.596870
1.224894
-2.105499
-3.089753
-4.200372
-2.394002
-3.765304
-1.734644
-4.578050
-1.821788
-2.962542
-6.160263
-2.116806
-4.339821
-7.789564
-6.096905
-7.027030
-4.227919
-7.847248
-5.105938
-6.024358
-9.837583
-6.748122
-10.208435
-6.990784
-8.699196
-9.577093
-9.861534
-9.346597
-8.932715
-6.085197
-10.273010
-10.566704
-6.533389
-9.649419
-10.865152
-7.241782
-9.084155
-10.771661
-11.313371
-8.627154
-7.747865
-7.029667
-12.429389
-7.751256
-9.463727
-8.976319
-8.324579
-12.408908
-8.500011
-12.269078
-7.702591
-11.868552
-9.793694
-11.289811
-9.025756
-11.308958
-7.525812
-7.239938
-9.095725
-9.953554
-11.577935
-6.715567
-11.656191
-7.708860
-10.064503
-11.135308
-10.528526
-9.128593
-8.444845
-8.215267
-6.132677
-6.106622
-9.643364
-4.871653
-6.699884
-5.673261
-3.698596
-8.178954
-5.387195
-5.501355
-7.598922
-3.105086
-6.788192
-4.560426
-3.651404
-3.156851
-2.919284
-3.558606
-2.146002
-2.619150
-1.002776
-4.519401
0.158815
-1.421792
1.242592
0.867921
1.109593
