-1.372961
2.542906
0.124769
-0.756202
2.241294
4.835791
2.790599
2.406036
2.540807
5.714487
2.264203
0.839983
2.686458
2.108950
3.929785
3.163649
2.174272
3.042327
6.594920
6.170633
7.576241
5.094176
4.663328
9.688132
6.168723
5.814668
6.809039
8.843130
8.969476
8.683052
9.175679
10.129945
5.759241
9.892437
6.375840
10.201508
9.595203
11.264716
11.723349
9.993161
10.265021
9.727337
9.249073
12.100724
7.036154
9.129503
9.792818
9.183237
8.769511
12.715495
9.869574
11.749007
9.202946
8.762906
9.696685
10.039446
9.665670
8.493869
8.904848
10.682364
6.734135
10.255573
7.488923
6.274076
11.606699
5.882833
11.373561
10.839286
8.834603
7.828693
8.779983
7.251228
5.835203
7.412069
4.096381
8.896442
5.622469
6.439778
4.645294
5.934613
6.059695
4.627382
5.988585
4.284081
3.879544
1.787957
5.133689
2.065096
5.895268
0.766440
3.404197
2.256065
2.904200
-0.516243
0.545929
0.654879
-1.080837
3.622724
-0.188922
1.376848
-0.350617
-2.447827
-0.135947
-0.578797
-2.069408
-0.480257
-0.728382
-3.492662
-2.700333
-5.079732
-5.314112
-1.947134
-1.153109
-6.293794
-5.268777
-3.946894
-7.219613
-6.729599
-5.474347
-8.376343
-4.452334
-8.270781
-7.513702
-8.865886
-9.067041
-5.218068
-7.473805
-7.856641
-5.081306
-9.022978
-6.353670
-8.795941
-7.932904
-8.496020
-10.893456
-10.488267
-12.148001
-11.809352
-10.146865
-8.628984
-10.835222
-11.244254
-12.734060
-7.216379
-9.048086
-9.327175
-11.872085
-7.604166
-9.254457
-10.073658
-10.868081
-10.801170
-9.132654
-12.213416
-12.223420
-9.480955
-12.469108
-8.257629
-8.912865
-9.272779
-6.769557
-11.854852
-8.975044
-11.880602
-11.203058
-9.430545
-8.995941
-10.837374
-6.938738
-7.457213
-9.293232
-6.654341
-6.903489
-7.475109
-4.622612
-4.885143
-9.595732
-8.897446
-8.865531
-5.336899
-7.355813
-5.792389
-5.506094
-3.993426
-7.361852
-1.381745
-3.527455
-1.436395
-5.399037
-0.976828
-2.396090
-5.301229
-2.668641
0.199885
-1.806145
-3.544202
-0.429969
2.290466
2.198206
-1.339050
