0.665167
-0.010767
2.888545
2.883193
3.849595
-0.506127
2.353179
0.441446
-0.139258
0.881939
3.466741
5.032245
1.704803
2.388473
1.785889
2.778692
7.177125
6.249988
8.133215
5.115704
4.860432
3.526578
7.320854
7.384167
7.140101
8.973213
8.216161
10.413716
6.737607
7.995978
9.499901
6.746774
10.292048
7.068046
10.077020
8.101070
7.715298
6.795488
9.496820
10.088180
10.878293
10.775581
11.182429
8.192952
7.624697
12.196619
7.040005
12.219813
10.344634
9.657979
12.951782
8.042573
11.890459
12.272972
9.286433
9.524021
11.059605
7.404716
9.163205
8.680399
9.473594
8.074737
10.125165
11.720032
9.669227
8.679320
9.621893
6.793406
9.249738
8.098187
5.239944
10.627524
5.326571
9.232425
6.468018
4.719242
7.409833
4.722913
7.067985
5.606933
2.899323
3.515254
2.344121
6.620704
1.611977
5.566196
2.228142
3.922171
1.783781
3.548304
4.361402
-0.329322
3.268239
0.928233
-1.096938
2.526827
1.895735
-0.245274
0.119180
0.377223
1.276780
-1.310428
-1.773739
1.477602
-1.953675
-3.328543
-1.994970
-0.464524
-0.768667
-3.745712
-5.494149
-2.468242
-5.666933
-5.973478
-7.442089
-7.369392
-2.379187
-5.370276
-7.866213
-5.558482
-8.487000
-6.406890
-8.504734
-8.244622
-5.208529
-9.087205
-5.418152
-10.230758
-10.690479
-9.699005
-7.744907
-7.251117
-6.226250
-11.290386
-6.857267
-11.518112
-6.972552
-7.559517
-9.914364
-9.342337
-10.649578
-9.556075
-10.959722
-9.192465
-10.420072
-9.414441
-11.264754
-10.333219
-9.385773
-9.602407
-11.814423
-11.261602
-8.372147
-6.945746
-9.139519
-8.515941
-9.687618
-8.440288
-9.828095
-10.111425
-8.190808
-11.703831
-6.559702
-10.763269
-11.587027
-7.629370
-10.788501
-7.429538
-11.222349
-8.890813
-8.999928
-8.501845
-4.949973
-7.421046
-4.128121
-5.158611
-9.117268
-8.878732
-4.740166
-4.618282
-5.695724
-7.364944
-5.652662
-6.548879
-7.052059
-5.497105
-2.778150
-1.441913
-1.542401
-0.667466
-0.072425
-4.565442
-2.691775
-0.494511
-2.815507
-2.271670
1.241958
1.787700
-2.657530
1.769851
