0.218692
-0.739009
3.707429
-1.604937
3.587368
-0.249752
-0.032317
5.139010
1.798237
1.319148
1.753604
4.908247
5.399837
1.551704
2.428060
7.084264
7.591390
4.407910
7.143177
6.654499
6.932637
8.130105
5.427885
4.238267
6.014514
6.505300
7.702654
9.746494
7.635299
6.801664
6.219607
11.383350
8.694711
10.417639
7.357274
7.122754
10.752084
10.438086
11.664677
10.749415
12.473826
9.518539
7.826087
12.360282
6.895739
10.970640
7.085753
12.363711
9.442002
12.950776
8.697375
10.250989
8.039385
11.913716
7.310719
12.354174
11.127746
7.016348
12.320206
11.772938
6.661916
10.093594
8.258945
9.054512
10.719278
6.520011
7.295785
11.120660
9.516411
5.109844
6.952786
8.243259
9.517849
7.100014
8.330263
7.493563
5.391638
7.210342
6.612203
5.385656
5.016043
8.132455
3.754464
6.232233
2.553544
7.063435
4.783993
4.420028
2.540771
3.281020
0.369506
4.450416
2.832568
4.834749
1.537952
2.167714
3.909510
1.969189
0.035577
2.510459
0.578487
-2.908756
-0.461706
-0.396413
1.131863
-1.502535
-4.275242
-2.471236
-2.680627
-3.027321
-1.613794
-3.955661
-4.503000
-6.755498
-6.565417
-6.142954
-3.149254
-3.132325
-5.043563
-6.837296
-7.449250
-9.168510
-9.246968
-9.191129
-8.457812
-7.686441
-8.645407
-5.855659
-9.793680
-8.018003
-9.811774
-8.552626
-7.098964
-6.884609
-10.599546
-8.935915
-9.720583
-11.684843
-11.084205
-11.735013
-10.580632
-8.792282
-11.246693
-8.045143
-9.082963
-8.051304
-8.504938
-11.597257
-10.353196
-7.298442
-10.706823
-11.013020
-8.580187
-9.538818
-8.651851
-7.989932
-10.869520
-9.850739
-7.972755
-12.204284
-7.381614
-7.045253
-10.794467
-11.903379
-6.038384
-6.208940
-11.064545
-6.393621
-6.134631
-7.237741
-7.106958
-7.332132
-8.889773
-8.142044
-7.477491
-6.605666
-7.150830
-8.290710
-4.296267
-6.450912
-6.642745
-3.708588
-5.495582
-1.882510
-4.176696
-5.808675
-4.756795
-6.491047
-5.698599
-3.564972
-2.955750
-5.399629
0.124085
-1.863405
0.857282
-0.241323
-3.147271
-2.392385
-1.536085
0.557269
