-1.662566
3.180525
-0.636020
3.214648
-0.492258
0.211869
0.835423
3.294538
5.342066
2.650710
4.531623
6.341300
1.483866
4.273760
5.869123
3.686295
6.063601
6.721242
8.327548
6.641193
7.103258
8.668979
9.030219
6.524488
6.280107
5.286395
8.490406
10.500204
8.949082
5.164857
7.097821
7.751746
8.214240
6.903005
6.439028
10.689461
9.952975
10.845498
10.606126
6.632605
12.151784
7.960565
12.306565
11.591054
7.485745
11.485018
10.416885
12.923747
11.069234
12.431947
12.921743
12.081537
12.598363
9.963095
10.885442
7.962276
12.127924
12.301636
11.849491
12.215388
6.633185
9.596563
7.868526
9.435338
11.371454
5.770313
10.632284
5.607438
6.789175
6.187713
10.611567
8.525714
5.200942
7.449537
10.066486
9.272852
4.511043
4.717492
5.480316
6.122674
6.793591
6.176132
7.915783
2.532368
2.481388
6.615424
6.108158
4.459153
1.554148
2.997527
5.038817
0.299475
4.830030
-0.180150
2.847893
0.069383
1.313174
-1.843329
-2.021686
-1.856582
0.522336
0.430077
1.033967
0.640913
-4.505054
-3.760782
-4.211702
-1.321735
-1.821609
-1.338534
-3.750108
-5.967011
-3.277844
-2.932464
-5.043520
-5.356796
-7.630928
-6.243936
-5.065127
-6.237340
-9.085885
-5.153255
-8.455305
-4.116314
-7.472599
-6.248211
-9.556823
-4.743994
-10.799249
-5.891218
-5.840552
-5.998682
-7.694674
-7.350808
-6.369992
-8.973667
-8.377020
-6.872091
-6.490735
-6.775600
-12.409997
-8.300214
-8.021460
-12.407545
-11.123981
-7.769618
-10.103099
-9.235284
-12.488554
-11.413343
-8.764862
-11.198146
-7.870308
-9.171307
-12.634574
-11.548805
-10.962366
-7.901172
-6.897512
-7.085950
-10.247212
-8.194383
-7.417528
-6.613577
-11.701401
-11.536495
-6.487154
-11.030478
-8.082955
-8.254127
-5.434438
-6.470719
-10.415246
-8.107487
-8.234880
-9.476872
-5.711363
-7.577679
-5.774292
-7.485802
-4.606226
-7.946006
-3.381058
-2.191562
-4.590960
-2.120420
-5.258898
-6.563536
-4.719453
-0.190373
-1.182153
-1.245811
-1.643015
-3.270451
0.684453
-0.421348
-3.740327
-2.596873
-2.764233
1.001032
