1.323700
-2.042918
0.234114
0.500194
1.882854
3.209831
0.462539
4.488307
5.546213
0.119032
4.977428
6.364858
3.151729
5.863057
6.046990
2.771120
6.130567
4.574864
6.163387
4.637925
3.813989
7.392598
4.782298
5.718551
9.983215
7.724078
7.949827
6.207136
6.382242
5.440862
7.231615
5.736137
7.293710
11.558428
9.106509
6.069541
8.676608
11.581962
9.095027
8.792531
11.130686
8.155686
10.344767
9.955247
12.756165
12.284796
10.595092
11.127480
8.943718
11.977477
12.746363
8.904376
10.727372
7.528987
7.160616
9.221870
8.146380
9.227639
12.463391
8.562652
11.671508
9.949740
8.323156
8.896423
11.281686
5.857258
7.991374
7.991710
10.450329
8.554655
5.068030
7.613100
7.242501
6.101716
9.850950
9.024199
5.479284
5.215239
3.365134
7.867739
7.228811
7.452083
5.898811
5.112924
4.416844
6.536570
4.124852
4.169341
1.128984
4.031302
1.170158
2.500115
3.439017
4.383086
3.159139
0.292223
1.444372
-1.961748
2.572168
0.745903
1.172505
1.749516
-1.623000
-3.021278
-3.668218
-0.338679
-2.418874
-2.747283
-1.732037
-6.042531
-0.745566
-0.936477
-1.052395
-3.432445
-2.880275
-3.341614
-2.837466
-2.873612
-5.295961
-7.151055
-7.549923
-4.125483
-6.103381
-8.650029
-8.089198
-5.194172
-4.686088
-9.164804
-6.247329
-9.115736
-9.321107
-7.608044
-9.291623
-9.463858
-10.016958
-11.314359
-9.591617
-11.954220
-8.740771
-6.741910
-9.881440
-12.648118
-11.428346
-10.668172
-7.708223
-8.805455
-7.930173
-8.630294
-10.817486
-8.783406
-12.399982
-11.493230
-10.579559
-8.751869
-9.600865
-7.859267
-7.091667
-11.259304
-7.337447
-8.807396
-7.826431
-11.825746
-7.674921
-8.772804
-7.908730
-6.842972
-7.215744
-5.659635
-6.300875
-7.916848
-9.621289
-6.976896
-5.427226
-7.332703
-6.231851
-4.672146
-6.669660
-5.903396
-7.173569
-6.844459
-5.495813
-5.711697
-2.199039
-5.302853
-2.610842
-3.323364
-2.531764
-6.388992
-4.045549
-5.952062
-3.712394
-2.131254
-2.554581
-0.034019
-0.860740
-1.910184
0.510434
-2.586014
-1.475280
-1.716556
