-1.508322
-1.171803
-1.826510
-1.189513
0.338356
3.665393
2.898422
4.842246
4.771739
4.966039
6.054856
3.424690
6.763516
6.256643
5.990597
2.435549
5.537607
3.208843
6.818781
3.387998
4.952852
6.963214
4.127023
4.754908
8.839542
4.303317
6.890765
6.318746
4.926269
6.413074
5.423487
6.391665
9.890001
9.405036
7.114937
7.905981
7.834350
6.920887
10.813494
9.217403
11.631456
10.898127
7.341786
10.871986
8.540829
9.826761
10.299888
12.979693
7.479527
8.103775
7.364172
10.008919
11.262762
11.821629
12.398639
9.707533
10.507292
10.250595
10.944498
8.763412
11.232429
6.701389
10.304728
8.084164
7.359729
8.651020
8.851734
5.640249
10.588553
6.355825
6.035775
10.091334
6.227488
7.556080
7.429376
4.283753
8.998762
3.928414
8.428945
7.877199
5.373678
4.535628
7.198404
3.918343
7.449047
7.111182
4.360930
3.492230
3.811874
5.690596
2.009616
1.912427
4.252771
-0.196874
1.529252
0.548729
2.320461
1.432468
2.759008
0.507809
-2.994022
1.360666
0.650361
-2.226946
1.386157
-2.126033
-0.123757
-3.663969
-5.338673
-2.610211
-0.943067
-6.615890
-5.532656
-1.467768
-1.890191
-5.980433
-4.663451
-4.631981
-8.326079
-5.289757
-5.290735
-4.347862
-8.462236
-4.234572
-8.619019
-7.504612
-7.878850
-6.429579
-8.532933
-10.864107
-9.804622
-8.440363
-8.904988
-8.334368
-7.088238
-7.824141
-7.441468
-8.819098
-10.324106
-7.636338
-10.636614
-11.260982
-8.156111
-11.502126
-8.215862
-12.710503
-7.803681
-9.982863
-9.250892
-11.568964
-11.460011
-8.189901
-10.327049
-10.987009
-10.972870
-11.386797
-12.005289
-6.941418
-7.666694
-11.865496
-8.048871
-7.931582
-11.970004
-7.302341
-5.956304
-7.574002
-10.681342
-7.846349
-11.180942
-5.944361
-6.842646
-10.467567
-5.302869
-4.294574
-9.106523
-8.536244
-6.871017
-5.127696
-8.295863
-8.485114
-2.841887
-7.694935
-6.240641
-5.922289
-3.331313
-2.156305
-1.355397
-3.128787
-3.953027
-1.760595
-4.015216
-4.797711
-5.012267
-1.884800
-1.942580
-1.526760
0.573307
-1.881153
-2.615525
2.326006
