1.402445
-0.093113
1.835719
3.848242
-0.847651
2.429844
3.314688
0.667526
3.114880
5.019976
5.100026
3.422435
6.743111
2.482947
2.637504
4.562058
5.801551
4.874622
5.293960
3.770295
8.845003
8.547145
7.706537
8.088837
8.433059
7.219449
9.862700
6.865877
9.539398
6.549564
9.660858
7.958425
10.564295
9.025806
7.496423
9.867666
9.853333
7.168681
11.055133
7.020961
11.121672
7.011350
9.619304
11.260017
8.223345
10.108631
7.919305
8.258512
8.887742
7.726698
9.107348
10.097384
9.542852
12.360836
6.889112
7.296830
6.986613
7.967290
9.794503
8.127499
6.880077
10.406646
6.577945
6.351421
9.324144
7.239893
8.599122
5.587908
7.264915
10.344220
6.338181
5.127524
6.208805
6.835406
8.376075
4.565438
8.714576
6.183670
8.802060
4.654805
6.285750
3.265083
6.591336
2.720127
2.678910
2.781455
1.491010
1.365799
1.855759
3.605454
0.886988
3.716521
3.201173
4.364886
4.561588
0.656883
2.060379
2.573895
2.793875
0.840280
-2.952084
0.903142
-1.077858
0.489381
0.439620
-4.582452
-2.256724
-2.397623
-5.413978
-1.118688
-0.634095
-3.470388
-6.432197
-1.401098
-3.325059
-7.813192
-7.090556
-7.410063
-5.486941
-5.706472
-4.125323
-8.373763
-4.010935
-8.111053
-7.753091
-9.390024
-8.727480
-9.048035
-8.694872
-7.924652
-6.108316
-7.998630
-9.279537
-8.080611
-10.978829
-8.238939
-10.021952
-7.166842
-7.673066
-11.388358
-8.509632
-11.161186
-12.199216
-8.977887
-8.236961
-11.800322
-12.938310
-9.827685
-10.867107
-10.096941
-8.153575
-10.209509
-8.452115
-8.597625
-8.106565
-12.275441
-10.786954
-8.579743
-10.256823
-7.831447
-10.413582
-9.290071
-10.102223
-6.973429
-7.483274
-8.343642
-6.521987
-5.778871
-5.952490
-8.976554
-10.614733
-8.186063
-5.327657
-9.160329
-4.324773
-6.654026
-8.505801
-5.339824
-4.141941
-4.577936
-3.035368
-5.548702
-4.396914
-2.453950
-4.403010
-1.627365
-3.969608
-4.658006
-6.341932
-2.322651
-4.696906
-0.711023
-4.077777
-2.783842
0.826619
-2.237119
-0.577844
2.129800
-3.046742
-2.299058
