-2.647978
-2.032950
0.369003
0.306333
3.983057
4.227934
0.153412
3.291297
1.365746
3.443241
2.493362
3.960180
4.001405
1.315705
6.577172
6.961215
3.851503
5.441005
6.664743
6.305274
3.419622
7.032331
6.441358
5.246544
8.233272
10.118963
5.625344
10.404868
5.235879
6.381235
9.832799
7.912713
11.417709
7.304807
7.885413
10.047644
7.752901
8.938735
8.779556
11.389787
9.201929
6.719937
9.503719
9.388837
7.205541
9.357146
7.322822
10.687237
12.236507
7.880807
10.762511
9.538355
7.989750
12.791181
8.601213
12.229584
12.453089
7.266605
11.906426
11.678566
8.340382
10.212905
11.642652
8.684488
7.830573
8.270435
5.786184
11.338108
6.657694
9.855693
9.686738
5.773683
8.591729
7.234794
5.487768
7.778273
7.424985
6.511547
4.014817
6.210070
8.610228
6.475613
2.638748
6.836024
7.226748
5.404949
4.712644
2.859438
5.659961
2.446282
1.723248
1.477226
4.868155
4.419603
0.986324
3.644969
2.589465
1.548103
1.933028
2.919223
1.780767
-3.247659
-1.737696
-4.114398
-1.293375
-3.609305
-1.424965
-5.053716
-0.830260
-5.783165
-3.822488
-5.510702
-4.825466
-1.496341
-4.966082
-4.433270
-8.037626
-5.885809
-6.408891
-8.611149
-8.326170
-8.471182
-4.253630
-7.079499
-6.701283
-10.220269
-7.457457
-8.095598
-10.364541
-8.226845
-7.059547
-10.034420
-9.448644
-6.397800
-7.359468
-6.846068
-10.570128
-10.365730
-8.640965
-9.590945
-8.335819
-9.274803
-7.624161
-9.082938
-10.746130
-12.873652
-11.747617
-8.461390
-9.477682
-9.838031
-12.517157
-6.984357
-8.456969
-12.828587
-9.145670
-10.720087
-12.010228
-11.469824
-7.563915
-9.158844
-11.896998
-11.358000
-8.446056
-11.726670
-8.593055
-10.881219
-10.983648
-9.238397
-9.731278
-10.163617
-5.760569
-8.254780
-8.241884
-7.829898
-7.795420
-7.227086
-3.710216
-4.305891
-4.740521
-7.095974
-4.059776
-6.901763
-7.944995
-3.705146
-4.867563
-2.045973
-5.061683
-6.597301
-4.590864
-5.930622
-1.994571
0.389059
-1.299338
-3.912016
0.619412
-3.397444
1.491102
1.216289
2.325397
-0.635333
