0.979804
-0.604652
1.976960
0.891397
2.305741
3.008181
1.339588
0.409141
5.182095
5.541858
4.164263
5.437153
5.213618
6.723260
4.086205
6.385587
6.602084
2.574054
3.000399
3.793026
6.201455
5.954323
6.112438
9.744577
9.305654
5.854390
9.891476
4.895513
7.354474
10.515073
6.899745
7.881432
5.626290
9.941116
11.185090
7.556755
8.597464
8.268366
10.227305
6.557358
8.599782
11.545951
11.877090
12.163513
11.849423
12.794101
9.066584
7.204593
10.940938
11.009542
12.565584
8.275322
7.638582
12.703145
9.416563
11.471686
12.269752
8.745485
6.824686
10.982714
7.186429
12.246795
11.290280
6.106006
10.233450
9.045428
7.461530
10.261679
7.605677
5.723497
6.852471
7.956589
9.696875
8.734045
8.268863
5.857113
8.456457
8.391106
8.931554
5.307463
7.675031
4.029131
7.664815
5.536340
7.316653
6.746824
0.984223
1.322700
1.947261
0.946878
-0.174294
4.091007
1.203162
-1.066153
-0.339755
-0.990551
0.926822
2.738648
0.423338
2.582566
-1.244997
-3.359668
0.918857
-0.725089
-3.234725
-1.524897
-2.171114
-2.605285
-4.727432
-2.794029
-3.465789
-5.187907
-3.804136
-1.989131
-6.170733
-7.364277
-2.097653
-5.204319
-8.116626
-5.307499
-7.518157
-9.143935
-8.850250
-5.987843
-6.047163
-9.594136
-5.080864
-5.032573
-8.434918
-10.580154
-6.284961
-7.018312
-6.319825
-11.688428
-10.549720
-9.114360
-6.790529
-10.333638
-10.714541
-8.614543
-10.491020
-8.079306
-7.694365
-8.305512
-10.795712
-12.882281
-7.438967
-12.728841
-11.410473
-7.340621
-10.619861
-7.932661
-9.144045
-10.073001
-7.705239
-12.766904
-9.206568
-7.741730
-8.944143
-10.665860
-9.873601
-11.151093
-11.694411
-10.685287
-11.804956
-7.492504
-9.680057
-8.616807
-9.808555
-7.455229
-10.603170
-6.784147
-9.873466
-7.167082
-5.612791
-7.508903
-4.994552
-8.774872
-7.630652
-3.323910
-7.660908
-6.125555
-2.162815
-2.773032
-7.103975
-2.825189
-3.549902
-2.930409
-6.381610
-1.024396
-1.607200
-3.340482
-0.212914
-1.613523
-1.415042
-1.355447
-0.116818
-2.400793
-0.730672
1.489651
