-1.136539
-0.301949
2.386811
-0.999197
-0.375077
1.122838
2.055288
0.927075
4.550321
0.551647
3.669009
5.253856
5.154715
6.760747
3.775122
6.631929
6.049568
6.834917
8.460328
3.042118
4.221025
7.415548
7.332737
8.829371
5.085751
7.082425
6.584544
9.811161
7.674254
11.031781
5.847101
10.672109
10.859938
10.412006
8.208824
10.586272
12.013010
11.384282
11.049869
7.119989
9.758827
11.213242
8.510880
11.011133
7.722906
11.216505
11.460024
10.831354
7.038137
9.312817
9.196865
11.755659
7.056360
11.833875
8.794970
12.793598
9.894323
8.158739
11.897398
8.457566
8.899456
6.633889
12.155121
7.050419
9.498599
9.215872
10.168871
7.237947
9.617707
6.362209
9.934620
9.406863
9.396762
5.517833
7.826477
6.518194
6.521809
7.438884
3.883156
5.757056
6.364129
6.043755
3.776629
2.517587
4.224119
1.268735
1.228629
6.032994
4.632786
5.006389
-0.112183
0.404265
2.509200
2.468633
1.619493
1.447457
3.076186
-1.340359
3.254349
0.222725
-1.660488
-2.229967
-2.467175
1.515712
-3.629476
0.712170
-0.514857
-5.093365
-4.527847
-1.537292
-3.770836
-1.141334
-4.567252
-6.761607
-6.969590
-5.234213
-2.837723
-6.828194
-2.879830
-4.902280
-5.488577
-3.534316
-4.660426
-5.993735
-8.984461
-5.758755
-8.290208
-10.501441
-4.982709
-9.616341
-8.685041
-6.929921
-7.587751
-11.062497
-7.883522
-7.859228
-10.859526
-8.747660
-8.596795
-12.399556
-10.240575
-11.117207
-9.753502
-7.521495
-12.578818
-8.460086
-11.472573
-8.954993
-9.336475
-9.807805
-7.673741
-11.836157
-8.105381
-11.177046
-8.533355
-9.197455
-11.655932
-8.022186
-10.091202
-8.668337
-10.925674
-6.598215
-10.779196
-6.288977
-9.238133
-9.104620
-5.779313
-7.606907
-6.482996
-5.470080
-6.201155
-6.905351
-5.218834
-6.668877
-8.026381
-4.117132
-5.224787
-3.985504
-4.020447
-6.650412
-3.271583
-3.369430
-4.904853
-5.701207
-6.818736
-4.802392
-3.095195
-4.620757
-3.030374
-1.336543
-0.536187
-1.686359
-2.151629
-1.495252
-1.889054
0.468666
-2.638617
-1.341172
-2.707811
0.333429
