0.494142
-1.175726
2.603799
3.858740
3.297966
2.412111
1.022586
1.616926
2.399179
0.372529
0.575887
5.682996
6.309392
1.461370
6.641640
1.872228
7.670100
4.769540
6.775563
3.482510
3.601662
7.657179
9.436377
7.037448
10.018844
9.392156
9.293919
4.778453
10.672665
6.638625
8.094510
8.621331
11.437389
6.077953
10.561981
7.853449
9.932812
8.649751
11.844356
9.592173
11.561471
12.450764
8.776037
12.150709
9.160909
7.613904
7.381193
7.849227
12.130176
7.029653
9.837944
10.050481
8.049781
7.155709
11.841732
9.000509
8.641570
10.768250
12.445302
6.578146
12.057338
11.501027
12.001906
7.030539
8.619880
9.382016
7.090373
10.417113
6.948193
5.474147
7.852637
7.458826
5.611791
6.194198
6.516917
9.270436
6.105348
6.414057
7.006959
4.359424
6.655335
5.353402
7.844710
5.053939
3.354616
3.410726
3.500978
4.152912
4.993303
2.067771
5.692774
0.025654
2.068831
0.108412
1.006020
-1.072791
-2.033104
-1.218060
1.170129
-2.939104
-0.092072
1.658051
-2.241516
-4.170150
1.235762
-4.276280
0.137501
-0.583807
0.037524
-0.167818
-3.019359
-1.002489
-2.932588
-2.429726
-1.624688
-5.851646
-6.800621
-5.174722
-6.714270
-4.001536
-4.919195
-5.967026
-8.737124
-5.674985
-5.130324
-4.359337
-8.939183
-6.415434
-9.429408
-9.159443
-10.456407
-11.265640
-6.071928
-5.878046
-7.378816
-7.427913
-8.393587
-9.929120
-9.319397
-6.817635
-8.590009
-9.447858
-8.534556
-12.015704
-11.335064
-10.004084
-11.894169
-7.062706
-9.208863
-10.617836
-8.397421
-8.700309
-9.200074
-7.647892
-7.312667
-7.460966
-11.446675
-10.679431
-10.040825
-10.297585
-6.539400
-7.519274
-8.853426
-10.686437
-7.281225
-11.702176
-10.689140
-10.122410
-6.053189
-5.667223
-8.254717
-8.552084
-9.982653
-10.108389
-4.403038
-9.199050
-8.846606
-6.061214
-3.521672
-4.325576
-4.423548
-7.725186
-4.771529
-4.157192
-3.468629
-1.932429
-4.235486
-0.961774
-4.537875
-4.382928
-0.373677
-4.069336
-4.288090
-0.531286
-1.022576
-0.720551
-3.059890
-0.416342
0.267391
0.002379
