1.871359
2.746490
2.194565
2.279613
2.114949
4.114089
5.092246
2.193739
1.396279
1.210045
6.048188
3.795645
3.482923
4.722337
2.273365
3.474378
3.847227
8.150141
7.245280
7.269471
7.153011
7.916355
4.620526
8.046097
4.916692
9.822376
9.611849
7.137035
7.815755
10.332076
11.005136
9.815832
9.025191
10.488712
8.257446
6.741771
7.160314
6.832718
11.546734
10.425465
10.227891
11.742083
11.556170
8.222088
10.753742
6.928972
7.838961
9.374662
9.225097
11.397474
11.869255
10.904505
9.947940
7.230513
11.501511
8.369531
9.416349
12.498426
10.429771
9.960822
11.674823
6.322761
7.816743
6.526058
7.491758
8.660818
5.620496
8.781894
7.949631
11.038404
5.571972
7.027416
5.885976
5.315573
5.947749
5.140730
7.059063
3.909247
5.201564
3.617734
5.685367
7.766692
3.671148
4.180654
4.204618
6.606276
6.027558
3.045963
3.998899
1.727660
1.943404
5.024311
2.891346
0.217807
-1.277925
-0.655969
-1.523696
2.442207
-1.676662
-0.913005
-0.231881
-0.516912
-1.033076
1.705584
-3.517220
-4.243349
-3.282357
-2.874864
-0.576053
-1.309583
-0.833616
-6.203620
-2.822464
-2.459017
-6.369914
-2.931301
-2.788003
-5.229698
-3.293539
-3.095702
-8.049701
-5.865530
-4.697394
-4.029208
-4.753823
-9.688471
-7.090514
-10.663582
-9.684110
-7.973488
-10.095044
-10.329539
-6.925537
-8.893302
-7.193716
-6.333226
-10.862616
-7.722381
-10.274494
-7.228486
-7.519296
-8.519346
-9.652831
-9.986329
-8.059626
-11.715128
-12.242911
-8.830323
-10.234824
-8.793557
-7.251559
-12.751316
-11.091008
-12.739104
-9.298657
-10.632334
-12.004287
-10.702442
-7.321636
-7.943451
-11.313752
-10.871516
-8.578250
-6.535104
-7.820633
-10.240939
-11.547176
-10.778925
-5.483033
-9.328366
-7.386700
-7.459566
-9.945125
-6.527963
-4.140780
-3.890638
-4.404192
-8.208065
-5.688388
-2.901224
-7.576623
-2.665071
-2.889240
-6.100325
-7.087898
-1.401829
-2.333509
-5.073283
-3.349549
-0.171560
-3.275083
-2.439026
-0.647771
0.336746
-2.920539
-1.262687
-0.574546
-1.565456
-2.949372
-0.888229
