1.782061
-1.316513
-0.049106
1.429603
-0.192889
4.164475
-0.104824
2.676202
1.144700
1.711820
1.786706
2.889099
5.125723
6.320923
5.028065
5.489129
6.504253
7.921005
8.288665
8.339539
4.062139
7.134161
5.860958
8.139357
9.426278
7.525340
9.638909
5.880585
9.770857
8.411108
8.944764
5.488506
7.269005
11.686514
7.367819
8.138478
11.378125
6.498491
10.005565
8.288838
9.363498
9.816301
12.223210
12.345149
8.776129
7.598911
8.152536
11.896348
9.173846
7.798709
7.978330
12.672468
12.261775
11.918353
8.850724
8.400495
9.227851
7.885832
8.704341
7.515413
10.600305
7.214949
8.162797
8.322417
6.709973
10.544807
9.066218
11.400246
10.436456
5.329385
6.002493
7.373670
8.012041
7.057375
7.700300
4.184773
9.299909
4.592274
8.442509
3.368939
8.064128
4.012221
2.929070
2.830432
1.949587
6.157149
1.757618
6.375503
1.556414
0.902700
3.057898
5.354063
1.476755
1.633969
2.567266
1.982648
1.954163
3.393395
-0.134343
1.920341
1.882572
-0.337035
-3.820093
0.132491
-1.039081
0.744134
-0.953362
-0.745443
-3.563733
-1.844153
-2.526667
-6.531463
-6.307881
-2.884113
-4.306452
-6.597046
-2.798949
-2.460511
-3.961899
-3.577244
-5.226867
-6.924854
-5.158254
-6.362242
-5.894254
-5.569810
-10.113923
-8.565897
-5.217107
-8.842527
-6.244258
-5.653949
-8.526392
-7.581950
-10.362337
-9.408832
-7.668659
-8.550459
-12.391586
-9.002073
-12.446754
-8.506076
-12.593828
-7.216815
-8.558978
-12.888304
-11.090282
-11.196251
-10.295783
-10.178079
-10.302676
-9.243572
-10.864279
-10.104916
-9.336863
-10.618293
-11.540038
-11.916171
-7.239220
-6.833830
-8.425479
-12.132671
-10.879099
-9.203867
-9.655640
-7.723064
-11.555787
-7.444319
-5.652141
-8.405981
-8.841760
-8.835445
-4.788254
-9.030955
-8.798517
-4.945728
-4.434510
-6.099817
-7.544958
-3.922519
-7.665486
-2.529550
-6.515041
-6.910518
-6.931392
-6.262370
-1.754086
-0.811616
-3.440788
-0.409463
-4.785156
0.306048
-2.295633
-3.333151
-3.793740
1.033490
1.228966
-0.265345
-0.729652
2.843420
