2.789723
-2.006728
0.988468
2.298411
3.815719
3.609755
2.816008
4.536041
3.810480
1.516098
2.651145
4.340989
3.889775
1.512742
4.672633
7.234106
7.075917
5.777494
7.535525
4.849879
3.248045
6.513621
6.296201
4.130190
6.271844
7.854882
8.589495
6.182282
5.726455
8.513001
5.420195
9.001660
6.432779
10.625835
10.635470
8.288242
8.561964
11.550393
9.165634
11.562754
9.393354
7.303603
7.789316
9.557842
9.174024
7.055982
8.929753
7.508853
7.827087
8.812131
9.898166
12.442843
12.140430
10.562530
7.399289
11.617518
9.729656
9.289974
11.630718
6.906226
9.875734
6.382350
10.840499
10.328508
9.843393
7.698301
6.465750
8.007356
9.464205
6.941063
5.750709
10.366192
9.898523
5.373585
4.798656
4.245374
8.844875
3.835223
6.712942
8.237377
6.954076
2.744038
3.426356
4.352750
3.107935
5.693398
2.704346
5.005797
2.104495
5.483836
2.963304
2.457979
3.823944
0.370652
-1.056407
-0.386797
3.640406
-1.360968
2.365652
2.610211
-2.514193
0.447646
-0.018128
-2.477987
-0.632697
-3.514530
0.046977
-0.887905
-0.456624
-3.388049
-5.364552
-3.801631
-2.648437
-6.671471
-3.585875
-7.302187
-7.650359
-5.614554
-7.184200
-5.408292
-3.373870
-3.859562
-8.608707
-4.633623
-4.292458
-9.174720
-5.085496
-6.903571
-10.519163
-6.437365
-7.370831
-10.986030
-8.608647
-8.429190
-7.432948
-9.911413
-10.193723
-10.360078
-8.109470
-9.475640
-10.431517
-12.494187
-11.519325
-7.980890
-8.250957
-10.671225
-7.009240
-9.463837
-11.726088
-12.369513
-8.930596
-8.861178
-12.345234
-12.754364
-7.888862
-7.228657
-8.905210
-11.942380
-7.359352
-10.084096
-11.546661
-8.217678
-8.690602
-11.940608
-10.864921
-9.074876
-11.572877
-7.422535
-9.799401
-9.213496
-6.332461
-6.641189
-8.262863
-10.209139
-5.769918
-7.299578
-6.751304
-6.136716
-6.339418
-6.094518
-5.410824
-5.367586
-5.875774
-2.912777
-6.281908
-7.136524
-6.375765
-1.101134
-0.808108
-3.303709
-4.278162
-1.804382
0.413659
-1.335784
-4.502845
1.078824
-3.426263
-0.423474
-0.516173
-2.142382
