2.290153
3.616418
2.090510
2.981018
-0.760008
1.332883
-0.682906
1.300386
3.482685
5.647702
6.091569
5.242555
6.396807
3.700406
4.583809
4.909734
5.371706
5.100391
5.452682
7.090254
8.226847
8.215453
4.083285
9.189577
8.166323
6.973091
7.853458
5.868211
6.000485
7.631301
10.411349
6.085650
6.961688
7.911425
11.310884
9.393037
9.016807
9.269400
7.868254
9.131431
10.176407
8.450860
11.135608
12.635800
12.433017
8.792676
11.483183
11.722909
10.466277
12.799853
12.124034
9.521381
12.189220
12.431347
10.732787
11.670077
10.217071
11.021411
6.782396
11.735505
8.967907
6.805697
7.045011
8.852558
7.935157
9.319528
10.380225
8.428333
8.342263
10.628137
7.897316
9.894463
6.315934
7.203295
4.587379
5.769253
8.763897
5.549231
4.204231
4.098858
5.828522
7.945054
2.545859
7.705575
4.807560
6.509624
6.614835
6.436681
2.587699
5.142194
2.630175
1.792244
-0.370388
-0.105358
1.524855
2.756157
-0.574710
1.201059
0.364790
1.065015
-0.799808
-2.352097
-2.940311
-0.618473
-4.335785
0.142301
-5.024982
-1.741527
-1.129920
-6.072261
-4.040565
-4.661194
-2.705098
-6.318282
-1.681704
-6.991922
-4.141934
-7.486855
-7.561572
-3.974857
-7.909333
-4.567793
-6.018025
-8.979723
-4.647648
-8.105902
-10.049629
-5.334968
-5.584313
-5.650316
-9.750647
-9.326090
-10.298750
-7.303581
-6.856334
-10.823382
-10.340767
-10.641119
-10.946119
-9.544484
-11.017881
-11.181914
-7.665555
-12.653631
-9.087284
-7.985320
-11.787185
-10.121645
-12.265532
-12.797037
-9.974770
-8.794559
-8.613750
-10.254470
-9.111306
-8.346664
-6.839162
-9.519219
-10.716154
-9.327429
-10.167182
-9.731571
-6.525278
-7.212879
-8.717494
-7.888169
-10.611104
-7.691930
-8.657962
-9.816471
-8.143657
-10.505524
-5.981990
-10.214057
-9.225398
-7.678219
-7.145178
-4.084685
-4.766234
-4.691203
-6.281842
-4.082314
-4.562559
-3.179031
-3.816869
-3.506180
-3.614134
-6.144749
-0.665663
-1.407823
-0.747807
-5.200422
0.076470
-2.645329
0.670082
-2.135859
-3.477974
-3.318621
2.564363
-1.733737
