0.101096
3.180723
-1.347391
-1.010962
2.971924
4.598942
1.874826
4.019618
1.523732
3.660012
1.055637
3.206199
1.928636
6.009434
6.863669
4.190828
3.794685
7.225009
2.761644
5.836516
5.948779
5.691068
3.942579
5.041407
7.577459
6.816297
9.859253
10.546427
7.490277
9.240210
6.986541
10.718981
7.659431
5.952622
5.911318
7.316165
7.395797
12.150094
6.964606
8.627272
11.435138
12.102128
10.506291
8.553488
6.883630
12.765794
9.146560
7.806270
12.214557
10.512486
12.271797
10.730525
12.196005
11.928743
10.456935
11.121603
7.939944
9.565565
8.545785
10.493110
6.530271
9.988522
8.501612
7.887375
6.417553
10.931593
11.110366
10.282671
11.016766
6.093401
9.965633
9.720961
9.399452
6.931894
5.811784
8.130424
7.175076
9.208164
4.884168
5.969783
8.136170
3.172788
3.313854
5.727759
5.145382
5.709199
5.759368
4.827629
5.087627
5.272168
-0.198077
4.585362
0.493421
3.476758
0.515901
1.657966
2.642922
1.933584
2.448448
-1.727304
-1.636545
-2.632588
-0.106910
0.650563
-3.753644
-0.472400
-3.057723
-5.290380
-1.378426
-3.811886
-0.900254
-1.193438
-3.926527
-2.768060
-7.305484
-6.309059
-5.157211
-4.337312
-2.894403
-6.133046
-8.245342
-5.822908
-6.126655
-5.076075
-6.018506
-9.025434
-8.044142
-7.823034
-5.804730
-7.867797
-9.825119
-9.006286
-5.907186
-6.102226
-6.282885
-8.818846
-9.994316
-9.442475
-8.176862
-9.831904
-7.951651
-8.602559
-7.643523
-8.456573
-9.174113
-11.246043
-9.151526
-8.226663
-9.905275
-12.334182
-9.254731
-10.650616
-12.631580
-8.228930
-9.268269
-12.387868
-12.321626
-10.634193
-8.409230
-10.180695
-10.456321
-8.850910
-8.877527
-7.395255
-11.350580
-10.875844
-6.634039
-5.746841
-10.236419
-7.205331
-6.813754
-4.972058
-10.343735
-6.671963
-5.288241
-7.736511
-8.735073
-4.273263
-8.644631
-2.996780
-8.360051
-2.499204
-6.605380
-5.760620
-2.266803
-3.910100
-1.036994
-5.107990
-5.763032
-4.963374
-1.279996
-4.349961
-1.884406
0.530923
1.431323
-1.278364
-3.466733
-1.592364
1.886680
2.996259
