-0.306633
1.179545
-1.040417
-0.278801
2.705530
0.421207
0.392194
5.163140
2.284575
0.296479
3.911363
6.608355
6.405434
7.257340
4.322488
2.033688
7.422438
6.636013
8.082581
4.421004
6.032122
8.702622
6.800627
8.878968
8.230225
8.492315
8.986064
4.770164
8.771984
5.831838
9.504263
10.037525
9.438250
10.199893
10.386382
10.093751
8.939454
10.550768
10.144470
8.070671
11.289681
10.261022
10.460519
12.179112
9.848962
12.731120
10.451406
9.354495
8.980582
11.350596
10.355535
7.238072
11.055140
12.349605
11.330966
8.737002
9.132563
9.489052
11.420111
7.533443
6.584918
11.494990
6.515852
10.907499
9.802994
6.573717
8.836870
10.521265
8.677968
5.721065
6.552877
8.389947
9.611627
4.658826
4.936319
7.571896
8.008881
4.851230
3.366416
5.206331
5.507316
6.133133
6.207089
7.489815
6.992996
5.065946
4.198430
0.972698
0.742910
1.823693
3.991107
3.662475
2.911606
-0.285894
3.138568
2.761335
-0.496185
3.609096
0.874299
0.680136
1.562820
1.674728
-1.176829
-0.760996
-3.830227
-0.682678
-2.138818
-4.011571
-5.107377
-3.554801
-1.042126
-5.173703
-3.490776
-1.749030
-5.770135
-4.104209
-4.301422
-4.503965
-7.022105
-8.251766
-7.420007
-9.255895
-8.408378
-3.928295
-8.063361
-7.249998
-5.723637
-8.324015
-8.712834
-7.544121
-5.406099
-11.210840
-6.696128
-8.742120
-10.224599
-8.466754
-7.281620
-6.506121
-7.595424
-11.968726
-12.361794
-11.769458
-11.468817
-9.635138
-11.675719
-10.613585
-9.484794
-12.245407
-12.446292
-12.832970
-8.946575
-11.796878
-7.524575
-7.006575
-8.793111
-8.959266
-8.514238
-7.145783
-9.191802
-8.799783
-7.384355
-9.430035
-7.804360
-10.309744
-9.688881
-7.575981
-9.543450
-6.516408
-9.724317
-8.483123
-6.932964
-6.717216
-8.411155
-4.496650
-7.309841
-9.368907
-8.746143
-5.406524
-5.153430
-3.728087
-4.440258
-4.055926
-4.516439
-4.085910
-3.329394
-2.568687
-1.092580
-5.401202
-2.944392
-4.303207
-3.344601
-5.242140
-1.164963
-2.988028
-3.426552
-1.331523
-1.352362
-2.104353
1.030385
1.866506
