1.834303
3.411417
1.742740
-1.659597
1.475896
3.590066
3.694658
-0.302108
4.184003
1.230477
1.739650
5.011250
6.502802
4.494568
3.633120
5.362795
4.388468
4.601747
2.695302
8.341322
8.229254
5.407633
4.711280
4.321765
8.539820
7.396559
9.834763
6.382905
7.672540
9.728720
6.339644
9.969427
11.590043
6.880462
11.679091
10.398419
9.103739
9.071314
12.346605
6.590550
10.386636
10.422369
8.949980
8.084341
12.491839
11.221248
11.989705
12.875467
9.582937
11.075838
11.540922
12.296926
9.262753
10.020621
9.097370
9.223507
11.876973
7.592614
8.349357
7.870428
10.505347
7.398547
7.038212
10.268764
9.099603
7.046681
6.663837
7.958390
9.308860
10.003229
10.049825
10.334416
8.142914
6.746950
6.221584
5.309687
3.864681
8.179628
8.594477
6.750516
7.549082
3.429674
6.283603
6.648367
3.991174
1.578955
2.772736
6.434059
1.507715
4.032019
3.718514
0.168326
4.932935
3.941700
3.800826
-1.000825
0.162871
-1.969359
1.648942
0.090536
-3.182243
-1.202437
-1.314466
0.314772
-3.777478
0.034118
-4.847675
-3.111518
-2.864048
-5.286392
-5.720455
-2.308534
-3.398920
-5.444992
-2.526563
-3.371252
-4.723887
-7.043157
-3.045090
-3.942728
-4.689763
-7.604491
-4.014017
-9.553819
-6.974272
-9.122978
-4.720659
-10.620393
-10.254965
-10.725478
-5.606711
-10.789326
-6.271514
-7.047611
-9.347340
-7.530903
-11.621877
-10.756170
-9.908268
-11.966386
-9.433096
-12.160020
-9.516430
-12.539212
-11.924114
-6.937062
-10.499269
-10.582949
-10.270829
-8.416418
-11.810414
-8.626846
-10.524937
-8.264084
-11.940177
-12.258648
-7.710321
-12.635840
-7.241397
-9.136768
-8.359768
-7.628055
-11.583904
-8.252722
-9.640811
-10.196082
-11.503543
-7.208326
-10.449862
-7.085156
-10.895696
-10.228371
-8.659213
-5.244028
-4.290118
-7.329727
-9.555727
-9.354387
-6.255478
-3.073196
-5.417419
-4.937089
-6.904671
-2.631478
-6.532493
-3.808453
-6.122271
-2.815599
-1.922168
-2.508204
-0.171857
-5.404391
-1.853667
-1.250852
-1.099850
1.316337
-2.176918
-1.255068
-1.111355
-1.013513
