0.079832
0.093742
1.436117
3.208864
-0.571748
1.678716
1.574384
3.786450
3.507195
4.057373
1.813983
2.997356
5.458519
2.180453
3.231752
6.316469
7.898779
7.882796
8.386070
7.870063
4.410293
9.047229
6.149195
6.951666
8.392158
5.188064
7.274174
7.531490
10.738119
10.441026
6.092402
11.193683
7.513849
8.408351
9.492029
9.072293
7.636193
11.473363
6.674405
11.779445
12.411772
9.871129
8.347155
7.420154
9.595372
8.699514
11.377700
9.945891
8.623328
10.637727
10.658530
11.521759
12.619580
11.186663
10.990532
11.376705
11.783302
11.023958
11.413535
10.517002
10.180575
8.698705
8.485937
7.496621
6.394957
10.855733
7.765691
11.056291
5.926194
5.603724
10.568422
9.978049
10.370991
6.445316
4.681817
4.784458
7.245147
6.218994
4.210355
7.845619
5.362917
2.926702
2.301592
3.131680
7.443635
5.202143
2.303995
4.607904
0.537675
2.810626
3.992772
0.671391
-0.575020
3.081248
1.727412
1.238971
-1.048701
2.003341
0.051394
-0.470154
-2.914303
1.740166
-3.115456
-3.819722
-3.877686
-0.607527
-3.005535
-0.724948
-1.916897
-2.557377
-4.043654
-3.838778
-5.543593
-5.953331
-5.885466
-1.847863
-3.793463
-3.505966
-5.287167
-7.849464
-5.932914
-7.888954
-5.277746
-5.465383
-9.078446
-8.480786
-6.913572
-7.085987
-5.125752
-10.575705
-9.405969
-6.765242
-6.176858
-10.510903
-9.745349
-11.727754
-6.425615
-6.796276
-7.726164
-9.337417
-10.302024
-11.522139
-8.662048
-8.455294
-11.706751
-12.272731
-9.782626
-8.853673
-10.811336
-9.190397
-10.415536
-11.757020
-9.370490
-9.232097
-10.626933
-11.652418
-11.546965
-10.209379
-10.287742
-6.544345
-11.862669
-12.017511
-9.721713
-9.595330
-10.289429
-11.673199
-8.255943
-8.277317
-7.820540
-10.304996
-5.614394
-6.332009
-6.028261
-6.149144
-6.718072
-3.976309
-3.929324
-8.001394
-6.870336
-5.769885
-4.969850
-7.196903
-2.632093
-4.950463
-1.736619
-5.674505
-2.124899
-4.020522
-2.520096
-4.386698
-1.622807
-1.892684
-2.554891
-4.306096
0.468630
0.433800
2.021610
0.884988
-1.310441
-2.922297
