0.314287
-2.326857
0.005568
2.868875
4.271320
1.776085
1.571168
1.901518
2.177590
1.850233
2.719094
1.094599
4.944816
5.078862
2.527961
6.280614
5.906292
4.400723
8.328412
8.704557
8.514404
8.969035
4.377486
8.642531
7.713896
5.329388
9.874969
9.382028
6.169856
6.293574
8.237943
6.043636
8.333758
7.856476
11.352249
7.134035
10.727620
11.506021
10.490412
11.790021
12.300890
8.044703
10.640535
11.167980
12.618613
6.971183
7.730938
12.836677
9.036650
7.437444
8.158661
7.073242
6.992676
11.472213
12.080064
11.802678
10.292829
9.139842
10.911682
11.294984
10.133128
7.724662
6.901808
6.049331
9.523109
7.453618
9.187920
9.409556
7.509876
6.122092
7.665412
6.814408
7.536138
9.687410
6.929528
8.675671
7.896004
5.783488
9.074309
6.915646
3.570456
8.266213
7.363486
5.651079
3.730552
1.400243
1.081816
5.142957
3.880167
1.723127
2.588807
1.564177
1.157715
1.625061
0.500704
0.795060
-1.522499
1.530685
1.399581
-0.810552
1.176825
0.229432
-2.904523
-4.069467
-4.034928
-0.429882
-0.963399
-0.629263
-3.412122
-4.753791
-5.544706
-4.788406
-6.263313
-2.445325
-7.037582
-2.099225
-2.267991
-3.475119
-3.785167
-6.450428
-7.041797
-3.704173
-6.783859
-8.548063
-6.925209
-5.258188
-9.966951
-8.425585
-10.745182
-8.903310
-10.740169
-5.877099
-6.963835
-10.519883
-9.990756
-7.598540
-7.958637
-11.083878
-12.040798
-11.928745
-8.582271
-11.056707
-9.513965
-9.419530
-11.836735
-9.909880
-11.390326
-9.746003
-12.166949
-12.629696
-9.443105
-8.325698
-9.111699
-9.048067
-10.911125
-9.761337
-7.550703
-11.217724
-9.363525
-7.644625
-9.073937
-10.070638
-10.007511
-7.788614
-8.637320
-6.120836
-8.770092
-7.218073
-6.797879
-8.424710
-8.431065
-7.250015
-4.800761
-9.048254
-9.782297
-5.905056
-6.724218
-7.615324
-5.385086
-3.110019
-3.870662
-5.194234
-3.121847
-6.060345
-3.902083
-5.083560
-1.703033
-5.504050
-5.949720
-5.033966
-1.115877
-5.188347
-4.763224
-3.826349
-3.723182
-3.696261
-1.719207
0.403756
-3.275496
0.850964
