3.126332
3.038783
-0.578781
1.391151
3.428302
3.298025
0.335051
1.949277
5.240435
6.045015
5.966239
0.817249
1.131092
6.732912
5.859926
1.978218
4.212173
3.494928
8.575342
7.790873
3.532078
6.210722
6.665285
7.749302
7.148305
7.102458
4.565498
10.481204
9.593565
6.669308
5.807224
7.117834
5.906184
10.257462
10.576234
11.565220
6.676216
8.748737
9.909501
10.889009
11.648005
8.298871
7.596159
8.912578
12.069057
9.690519
7.204838
11.024417
11.353968
9.960970
10.476329
8.791590
7.261589
9.073991
7.812559
9.538885
12.488495
9.639666
11.027986
10.120870
9.077624
6.996511
10.967615
11.599291
7.392090
9.893748
8.286063
11.312582
6.815141
5.773764
6.160920
7.695482
6.588227
5.118992
6.264171
8.293221
4.515542
5.429111
3.968657
3.969964
3.971433
7.262340
4.836931
7.626132
3.809234
3.987220
1.140697
3.317444
2.024108
4.437404
0.975230
-0.388805
3.230504
1.516095
2.320247
-0.453549
1.062818
-2.228794
0.948332
2.402664
2.129389
2.021889
0.433083
-0.760073
-2.059991
-4.029891
-0.383738
-2.673402
-5.545933
-0.419270
-5.207843
-3.200667
-1.881519
-6.438456
-5.347193
-3.883596
-2.605120
-5.534904
-6.241587
-4.465846
-5.864312
-7.834816
-5.728120
-4.957301
-4.420511
-4.643759
-5.201192
-8.092763
-10.464190
-7.249919
-10.596787
-6.311403
-10.059301
-8.628174
-11.073755
-6.579934
-9.688310
-6.349328
-10.018710
-9.989350
-12.530235
-11.745662
-9.173156
-8.160228
-10.031273
-7.056951
-10.316250
-7.663535
-10.246003
-11.811046
-7.198571
-12.710231
-7.623082
-8.834183
-6.957551
-12.004114
-11.863352
-8.536457
-11.598306
-10.612267
-11.242604
-10.800124
-7.104409
-8.335993
-7.951745
-8.182821
-7.994546
-8.368497
-8.623415
-10.370513
-6.697426
-5.216559
-5.750637
-8.594426
-6.409373
-4.769193
-9.108259
-4.604257
-5.277857
-4.685082
-5.360874
-3.133016
-5.169593
-6.208287
-6.428107
-6.265122
-6.247720
-2.423115
-2.770829
-6.046294
-3.837257
-0.148115
0.796450
0.773886
-3.733273
-3.941692
0.008999
1.252634
-0.096372
-2.445006
