3.169615
1.186130
1.990792
2.639054
3.055122
0.881408
0.631885
0.458296
1.351868
1.732845
1.787392
1.784603
3.991728
1.482146
2.840727
7.126744
3.767246
8.144018
5.488990
6.638287
8.997498
8.330370
6.165633
4.971124
7.849796
4.480547
6.135837
5.583053
5.462913
7.141255
9.832492
6.384352
8.249465
10.991658
10.146172
8.777417
7.548048
11.678642
11.667184
11.988021
6.746086
11.147361
12.400126
11.913282
10.926373
11.147610
7.278068
7.860552
7.354868
9.627679
11.615640
7.127459
11.826170
9.438620
9.160694
11.449704
8.045654
8.578569
8.145511
11.127008
8.496539
9.844771
8.094256
10.536019
8.533599
7.464234
7.352384
9.295410
8.631917
9.171534
10.054940
9.213740
7.995999
8.781387
8.058584
8.286679
8.831016
3.940859
6.625091
3.240578
5.706585
3.452267
2.813505
2.843849
2.927714
2.989298
1.004554
2.148032
3.183210
4.294800
4.512556
0.563508
0.836343
4.843284
2.829016
3.992267
2.236697
-1.215079
0.535855
1.847966
1.824039
-2.773891
0.499125
0.897029
0.029752
-4.271192
-3.922745
-3.474663
-4.672381
-0.516693
-6.204023
-0.920662
-4.429060
-4.377112
-7.158455
-3.233077
-7.500698
-4.822580
-3.564675
-8.310319
-7.793882
-9.254899
-6.213919
-8.992311
-8.672382
-6.896847
-5.651400
-10.143637
-7.102372
-7.417352
-10.807374
-7.576695
-8.517251
-8.460109
-10.723924
-10.430451
-7.825839
-7.433060
-8.468767
-8.626077
-8.410590
-10.932786
-7.602897
-12.491777
-11.277050
-10.037943
-7.369671
-8.803147
-10.652640
-10.007286
-9.366827
-12.119468
-8.602942
-11.436145
-11.506246
-7.486451
-12.383304
-9.051611
-12.015461
-8.460431
-7.649630
-7.523453
-11.366686
-11.198314
-8.750207
-9.889854
-7.458037
-7.203996
-8.295906
-8.686430
-6.982429
-8.026964
-6.377013
-9.931438
-9.092079
-6.901963
-4.343899
-5.716264
-7.298528
-7.555043
-6.885870
-7.517677
-3.061965
-6.344490
-4.105158
-5.454707
-4.679343
-4.697978
-3.635557
-0.464866
-0.012229
-4.623110
-3.429754
-4.419810
-1.896539
-2.784030
-0.911138
-0.526596
-2.098320
1.174244
