-1.299459
2.592634
1.211343
-1.733407
3.948138
-0.144362
1.767837
4.507891
2.441262
4.005463
1.379605
6.151018
4.861613
2.741022
6.738227
3.278394
5.045726
7.513584
8.111332
3.397416
3.686105
4.060354
4.220991
4.249193
4.646317
6.987200
6.097123
5.117879
6.323845
10.646228
8.019573
6.713322
7.285924
7.287633
7.227996
9.044485
8.031357
12.248586
8.576501
7.234394
6.825488
7.027687
10.141088
12.428912
10.313779
8.306964
12.368465
8.923489
10.801895
10.813564
10.819969
11.681234
7.076092
11.526253
10.611545
9.620031
8.204893
9.219562
8.310151
12.008467
10.566638
7.105468
6.443307
7.351950
9.373137
8.709226
8.916831
7.865378
7.791321
5.606753
5.470960
6.934501
9.572545
10.159760
8.053535
5.915994
8.857674
8.844660
4.405007
8.365913
8.591576
6.110571
7.232427
4.848769
4.401372
3.392155
6.329424
6.288524
6.086682
1.736662
0.288817
3.368164
4.107310
-0.919190
2.969067
0.168219
-1.025823
-0.714264
2.910353
2.516393
-0.081799
-1.107411
0.656563
0.450432
0.792313
-1.083820
-4.249566
-3.386720
-0.579312
-2.188355
-0.398734
-4.098583
-5.821314
-5.680600
-7.497061
-5.888230
-3.632925
-7.801193
-7.673448
-8.328429
-8.581137
-5.693967
-7.565690
-7.568809
-5.311169
-4.381886
-9.166931
-6.215838
-6.909760
-8.054505
-8.808989
-9.296191
-5.924503
-9.685419
-6.415288
-9.916835
-10.300479
-10.810500
-9.657570
-11.649860
-9.920849
-12.342619
-9.431771
-7.110294
-10.690511
-11.023577
-7.259508
-7.124063
-9.467309
-12.113124
-7.360384
-11.509005
-12.017221
-11.823679
-7.841488
-10.960271
-10.262836
-6.780371
-9.760291
-9.614382
-6.733448
-9.095714
-8.539772
-8.368764
-9.811998
-6.603736
-7.056528
-5.888518
-8.840120
-6.988704
-5.469865
-5.934450
-9.411959
-7.632627
-5.086356
-6.924003
-7.462078
-6.395345
-5.407492
-5.496327
-7.139981
-7.200041
-7.815266
-2.788627
-2.744235
-4.558881
-5.386718
-6.615597
-4.983029
-3.874629
-3.784855
-1.599578
-4.943490
0.618820
-2.423556
0.631777
0.087457
1.490364
1.845603
-0.208211
