2.398177
0.552985
0.996046
0.636791
4.231139
2.356413
3.452493
0.297654
3.986279
0.848117
3.580258
6.576400
6.276480
3.700201
5.969507
3.197731
2.695494
6.419706
8.085714
6.216468
8.566578
5.293440
7.819056
5.835541
9.880178
4.750192
8.548552
8.289270
7.023748
8.503875
10.738612
11.408842
8.021256
10.835383
11.137816
7.163899
6.422211
11.131518
11.776685
11.570511
10.670291
8.658718
11.311615
6.957319
7.049721
8.999890
7.180518
11.025594
11.609632
8.092238
9.595629
9.496406
8.139780
11.555134
11.928640
8.289313
7.280092
8.399281
11.551559
7.663600
10.018313
9.156299
8.398403
7.122200
10.677713
6.996404
6.067512
9.424724
7.530391
5.222339
10.690255
5.853983
8.777376
8.548161
5.132164
8.145348
7.649079
5.966098
7.407449
7.508040
5.671611
3.023140
6.297145
3.922941
3.338622
4.563483
6.829760
5.885865
4.996672
2.270857
0.097312
4.363710
-0.129500
0.254083
-0.507963
2.909938
-1.948363
-1.825185
-0.204366
1.276490
-2.788127
-1.196898
-3.882923
-1.909112
-2.090943
0.856101
-3.201068
-1.740531
-0.493697
-4.715685
-6.304036
-4.097750
-2.995165
-1.538142
-3.656215
-7.774245
-7.251802
-5.536216
-2.794987
-3.697555
-6.042030
-9.299951
-6.727212
-4.359200
-6.076542
-8.111748
-6.216989
-6.207923
-10.014873
-7.937132
-8.922914
-9.761569
-7.668935
-11.455609
-9.847233
-9.991661
-11.533508
-6.667280
-9.010680
-8.350789
-9.901969
-10.626136
-6.807433
-7.587410
-12.396194
-12.447867
-9.982145
-10.544364
-10.559275
-8.559165
-10.833602
-11.571089
-12.879461
-10.203425
-12.500825
-9.452250
-7.597957
-8.462300
-9.538204
-11.627999
-11.024859
-8.749472
-7.959984
-6.072784
-6.514655
-11.166964
-7.883342
-8.885402
-6.713760
-5.736618
-9.084485
-5.702968
-8.010459
-5.436482
-7.301335
-9.549490
-4.972142
-9.188297
-5.754196
-5.425292
-5.471126
-4.515279
-5.311258
-6.322596
-4.449774
-4.400007
-2.198866
-3.825329
-2.903419
-4.990072
-0.676214
-0.883935
-1.238874
-1.786437
-0.096781
0.971647
0.771160
1.877934
0.470619
-2.456676
