2.875767
1.012000
2.801379
0.639671
-0.410707
0.325097
3.215159
0.289861
1.228065
4.455090
3.338267
2.787158
6.099707
4.659723
2.795354
2.597200
7.927439
4.197375
7.403220
8.150884
5.004819
6.462612
4.952339
5.012302
8.976752
7.705444
8.556585
10.548376
5.874747
10.307363
7.999032
8.514475
7.594708
8.975381
6.387561
7.009819
12.017853
10.238265
7.983213
9.507304
10.829793
6.968938
9.006648
10.176027
8.488707
8.095218
8.818210
8.029443
11.959301
12.126927
12.366855
7.560841
8.891447
11.303574
10.336202
11.405868
7.340720
9.110282
8.450306
7.602556
10.860288
6.967527
6.193386
9.746345
9.340309
10.569623
8.349704
6.395313
9.733591
7.765896
7.383543
8.125437
9.014502
8.221951
6.232919
6.102568
7.238331
6.485054
8.626495
6.160893
5.746360
5.992763
2.893545
6.221902
2.076967
4.887092
1.023917
2.136815
4.479134
2.889882
4.949062
-0.379428
3.477642
1.777490
1.540964
2.937026
2.037439
0.159536
-1.638296
-2.015984
-0.792412
0.736946
-0.485703
-3.884531
-2.813547
-0.821816
-2.633542
0.128179
-3.077247
-5.420292
-5.775269
-5.822168
-3.585452
-3.441985
-5.998993
-3.971335
-3.757454
-4.705283
-6.373001
-3.049709
-6.876531
-3.775024
-7.754659
-8.434756
-6.482499
-6.003800
-5.283480
-7.155281
-9.727723
-5.724709
-10.265219
-8.760695
-7.364416
-8.199542
-6.011157
-10.785240
-8.240559
-8.211306
-10.687068
-9.024352
-12.103089
-8.590042
-6.904203
-8.408394
-12.815389
-8.962994
-12.209543
-10.306094
-7.025148
-12.509812
-12.757211
-12.705899
-11.534404
-7.913997
-9.430346
-11.431823
-9.325745
-11.894484
-9.251625
-11.237170
-8.963961
-9.071372
-6.762734
-7.369930
-9.212625
-5.933384
-6.762006
-9.669593
-7.986212
-7.603511
-5.683737
-6.169278
-9.767323
-8.053497
-7.673877
-9.079450
-9.162935
-6.408004
-5.146294
-7.692661
-4.261902
-3.896897
-7.644695
-2.172825
-6.690077
-6.825571
-3.377742
-2.973018
-1.880716
-3.665624
-4.798398
-3.365860
-0.647460
-2.303389
1.333474
-4.117574
-2.398264
1.888872
2.477161
-2.009409
