2.731156
3.281997
0.361838
3.749842
-1.345047
1.611935
2.285869
1.669760
2.601022
4.486282
2.551928
5.445923
5.708249
1.881064
7.142153
7.635242
5.402463
6.027639
4.102724
4.835379
4.996516
5.592380
8.191150
5.361779
9.837581
7.033317
6.258701
5.169936
10.890559
7.361040
7.298853
11.031750
10.024622
8.619698
9.103064
8.975183
11.847542
11.668554
6.480435
6.571207
9.635663
10.818479
10.139707
11.801137
7.216651
7.722943
11.304263
12.313041
10.004140
9.457111
11.169232
9.586887
9.851515
12.533595
8.352952
12.033863
12.038824
11.663537
8.021498
8.495295
6.783840
10.428325
11.287618
11.759949
7.026709
8.946010
10.571296
7.892697
9.865219
7.422923
10.363318
6.894698
9.789501
8.820007
4.602334
7.816040
5.568854
6.919704
3.714809
3.478790
4.555869
7.574093
5.516922
2.922294
4.960267
3.385354
4.593334
6.088473
2.772027
3.835308
3.282015
1.709678
4.791862
2.730114
0.004487
2.690214
-2.002962
2.751055
2.183620
-2.049994
-1.709604
-0.629479
-3.937386
-1.003995
1.136770
-4.171289
-3.356966
-0.415331
-2.974619
-4.446081
-3.588141
-5.264468
-1.429576
-1.630914
-7.427597
-6.617037
-7.341507
-4.712243
-3.003204
-4.939074
-4.317784
-7.632287
-7.619135
-8.878937
-7.346997
-7.270358
-5.671762
-9.919000
-10.081626
-8.155380
-6.098367
-10.162074
-11.454558
-7.622139
-10.113139
-11.841842
-9.771443
-11.681302
-12.208289
-9.764632
-7.519342
-7.585705
-11.913975
-7.233488
-12.179264
-12.160061
-12.194479
-11.793313
-8.949542
-10.077722
-8.422776
-8.126610
-12.837398
-12.817330
-9.168568
-7.129739
-8.672669
-12.367317
-11.360258
-11.609903
-7.331233
-9.238560
-9.535707
-10.433680
-8.336435
-8.581960
-8.556453
-6.940067
-6.198169
-8.931478
-8.345141
-7.031160
-5.499957
-8.221923
-5.403669
-8.484809
-4.948966
-7.451756
-4.896700
-4.997021
-4.316535
-5.472567
-4.025727
-6.057175
-6.631402
-4.271324
-4.921122
-5.552074
-1.685049
-3.559223
-0.103134
-2.103778
-2.583724
-2.589492
-3.395479
0.604775
-2.740812
-0.701500
-1.652707
0.518253
