2.866473
2.294033
-1.981131
-1.608536
1.252647
3.768368
-0.491430
4.655139
3.576851
4.824035
4.242712
1.080153
6.866711
2.817605
4.288624
6.985282
3.928852
5.487551
6.065249
5.738432
3.722691
6.597936
6.679915
4.476564
5.550871
5.096307
9.928403
10.314236
7.640769
10.048126
5.653150
7.951451
10.538577
7.805285
7.066554
11.270575
9.316096
7.234170
7.098158
7.679812
12.431677
9.917481
11.714301
10.031272
7.319708
12.073803
10.328722
7.849547
11.640585
10.138898
11.616232
11.789096
8.564433
12.554555
7.843488
10.598362
12.393948
7.816600
7.253662
12.249387
8.747158
12.098943
8.950412
8.635141
9.944966
10.750478
8.710870
5.649062
6.672498
6.281770
5.015189
8.017744
6.338301
7.433110
6.213892
4.282785
4.017481
7.871011
4.156443
4.908353
4.109995
3.522969
2.587930
5.535529
1.876188
3.794574
6.897746
4.395707
0.529754
4.504538
-0.139827
2.725251
1.173886
-0.378794
4.162479
2.479588
3.397127
3.146002
0.250091
-2.319150
-3.032310
-2.127993
-0.076741
-2.338819
0.550659
-3.506668
-3.962065
-0.708124
0.128076
-4.407495
-1.474517
-4.705003
-6.000533
-1.659902
-2.344855
-4.750947
-7.316804
-7.283939
-8.165530
-4.033438
-7.503944
-7.717578
-5.131376
-6.688476
-10.012276
-8.685357
-9.107861
-7.323257
-9.994184
-7.095586
-6.492756
-6.645432
-8.414262
-7.120524
-11.125316
-11.208789
-8.517983
-9.944148
-10.202309
-12.286851
-10.654072
-12.423328
-7.921878
-9.372003
-7.418667
-10.150192
-11.501429
-11.607573
-9.647024
-12.781296
-8.721913
-12.644905
-7.891641
-10.391125
-7.415959
-10.793441
-12.467128
-6.775157
-11.957200
-10.924106
-9.046794
-8.571662
-11.006032
-6.691319
-9.406045
-10.823259
-6.371141
-11.409254
-6.363918
-8.721571
-5.880665
-5.576827
-5.346310
-4.559475
-9.929690
-9.761255
-9.590894
-7.943472
-3.250393
-7.722253
-2.787812
-5.276791
-5.019398
-1.912611
-1.783859
-3.393047
-4.297138
-6.421876
-2.275176
-5.041173
-0.335396
-2.702845
-3.630040
1.099708
-3.580418
-1.637384
1.645671
-1.586383
1.147516
-0.030740
