0.466570
-0.205304
0.137354
4.211018
4.002642
2.130990
4.005867
0.459992
4.659731
2.858882
1.306933
6.284931
1.525008
4.011670
4.361615
6.852316
5.170496
4.716688
3.019646
3.028564
3.635357
5.360526
8.401891
8.938868
4.278404
6.131460
5.885542
5.881861
10.122312
10.026073
9.160687
8.318075
6.178215
9.844859
8.509674
7.798201
6.788384
8.809371
10.549766
11.843292
10.341308
7.075613
11.066060
10.738972
9.969366
9.479424
11.820736
11.324551
7.916519
10.324578
9.383132
11.459536
9.993013
9.232706
8.270071
11.645569
9.071316
9.140803
6.935111
9.182770
11.778332
9.499738
10.339979
10.743718
6.808115
9.925371
10.113302
8.291422
7.936686
6.155896
6.231893
7.395980
8.326422
8.774711
7.758295
6.237228
9.313636
8.071466
8.889557
4.090780
7.215675
6.329904
4.580654
4.991852
4.936112
3.985003
3.487517
1.746450
1.160937
2.635735
3.871152
2.852033
3.890101
2.491052
-0.539433
3.524067
-1.396298
0.524631
2.036109
-0.317811
0.094143
-1.962781
-0.787402
-2.350494
0.581152
-2.937368
-2.481170
0.106942
-1.123456
-2.374736
-2.140658
-5.302387
-6.469945
-5.036901
-2.914136
-4.006434
-4.096670
-7.942860
-4.980707
-6.899697
-5.189478
-4.654050
-9.234819
-6.091494
-7.893538
-8.873425
-9.298381
-7.295322
-8.013902
-8.371660
-10.052102
-11.136224
-11.337411
-8.134159
-8.810302
-6.245166
-10.839622
-9.089939
-9.693838
-11.077722
-11.453568
-12.162800
-7.587750
-10.437516
-10.084195
-10.658669
-7.639966
-11.202131
-8.774776
-10.372698
-8.764784
-9.413692
-9.873469
-9.927170
-8.978739
-12.817423
-10.732098
-7.323393
-11.786578
-8.658862
-10.319720
-6.937679
-8.045866
-10.645191
-8.936172
-10.919130
-10.245083
-9.015713
-8.143771
-10.141310
-9.203255
-6.433236
-7.583917
-4.830443
-9.105315
-7.217842
-7.168389
-9.306329
-8.277675
-7.048217
-4.954371
-7.620694
-7.633412
-2.446666
-4.860368
-3.988538
-1.598092
-0.870826
-5.458696
-4.115277
-3.091349
-0.052517
-5.128129
-3.700464
-0.678585
-1.069952
0.297931
-1.468109
-1.146581
0.300210
