-1.111535
-1.631943
1.387265
-1.573535
-0.124960
4.772685
3.085053
5.397766
0.245852
2.839515
6.273648
2.439933
1.384266
1.309746
2.217239
6.993043
4.883444
3.185620
5.757061
6.399847
5.857296
7.898511
4.262619
7.283868
5.365264
8.854940
9.194549
6.286110
9.428781
5.327593
7.027112
8.066126
10.285591
5.787393
11.600382
9.452660
6.219333
9.033341
6.983412
8.431252
8.454801
11.205848
7.363952
7.270983
11.193340
7.721407
9.944260
7.585337
11.556774
12.098912
9.481738
8.302633
7.136908
7.591565
10.475082
12.069013
11.589508
10.827151
11.179532
12.493837
10.894793
9.386962
11.073358
9.628749
10.301625
10.164160
11.403711
5.482226
9.396269
9.331527
5.335700
5.089912
4.773708
4.672424
8.975550
5.636879
7.691103
8.401036
4.601414
7.307359
3.941442
4.751680
4.217686
7.385640
1.788722
3.980733
4.059812
3.542194
6.067989
0.519124
2.088042
4.148027
2.696617
0.903756
1.331644
-0.044136
2.196350
0.751821
0.784473
1.998937
1.943286
2.304133
-2.514809
-1.828002
-2.198904
-2.003049
-1.677245
-1.213166
-3.214975
-1.736773
-4.964176
-4.734631
-2.003150
-1.754408
-3.212595
-7.263792
-3.301875
-3.377125
-5.296943
-5.534602
-3.742364
-3.623075
-3.904315
-6.202073
-9.642651
-5.944939
-7.562051
-7.016305
-9.090722
-8.101923
-9.420096
-10.319669
-6.697292
-10.921404
-8.289798
-11.135965
-6.218958
-8.902155
-8.402105
-8.732575
-10.743701
-9.061244
-10.121312
-7.531167
-7.117082
-8.102917
-12.201717
-10.469697
-7.105103
-7.666774
-12.119997
-12.006319
-8.162195
-11.806487
-10.053503
-11.135121
-10.663034
-12.237024
-8.975307
-11.529747
-10.944053
-6.629157
-10.093038
-11.453337
-11.334468
-8.607627
-6.753748
-9.438063
-8.109812
-6.426539
-8.391956
-9.066798
-5.463349
-9.866737
-5.360822
-7.147545
-5.701071
-9.040554
-3.762711
-7.582011
-8.264503
-4.916757
-3.448699
-5.707167
-2.414178
-7.257126
-1.674950
-5.937148
-3.930686
-3.767255
-1.314904
-0.775242
-1.880956
-1.106297
0.034653
-0.250323
-2.953406
2.143101
0.032815
2.281240
