-1.142013
3.275097
0.327757
0.557081
3.142901
-0.170305
4.271726
1.496696
3.590154
0.277557
4.167266
5.350800
3.612151
1.909733
2.040529
5.566471
3.975101
7.455025
3.104370
7.435528
7.290513
7.597420
4.585719
5.811612
8.583700
4.983656
9.706101
8.020541
10.130576
10.940840
8.982578
7.095577
5.680889
11.495342
10.080178
6.956629
9.984473
7.523909
12.025139
7.875203
7.509544
12.604595
12.532065
11.985542
9.470336
9.797249
11.844584
9.501850
7.032275
7.507880
9.714445
12.756427
8.718240
8.918935
11.200641
7.685435
11.297017
11.636412
10.642379
7.780574
12.390377
11.529266
11.017135
9.033757
9.082084
7.118525
8.744262
6.797834
7.206641
6.385570
7.770372
7.695537
9.502207
6.365889
4.333217
8.671243
7.699095
8.317555
3.924334
3.210026
7.657945
7.093445
8.025150
1.987836
6.075730
2.247851
2.813405
2.864862
2.944952
5.561773
4.368059
3.456322
4.253498
-0.753582
-1.395457
-1.342873
-1.580583
2.984634
-0.889545
-2.298468
-2.418855
0.930291
-1.498587
-0.486599
-4.107776
-0.624765
0.201123
-3.967263
-0.387725
-5.122717
-0.997422
-2.542860
-1.159522
-4.808437
-2.000991
-5.851782
-7.766811
-4.560094
-7.443285
-8.722149
-5.645222
-6.314638
-5.794637
-4.951813
-5.320770
-7.784378
-8.826293
-6.759207
-7.768783
-10.845003
-7.207361
-9.806156
-9.417249
-6.919141
-6.207888
-9.723253
-6.323013
-11.700833
-6.872977
-12.487859
-7.692351
-7.443497
-8.087368
-7.388341
-10.761947
-7.705752
-9.285896
-6.982954
-11.330070
-11.233583
-7.793741
-10.988137
-11.699987
-10.146896
-9.329008
-12.759745
-12.160426
-8.353327
-12.300586
-10.555467
-10.632623
-6.769796
-7.969961
-11.444817
-10.367991
-10.467882
-9.650287
-9.330174
-6.201369
-10.438649
-10.066478
-9.469552
-10.225226
-6.850748
-4.977748
-7.937623
-9.503805
-6.853882
-5.006763
-7.996000
-7.155770
-7.150174
-6.497583
-4.022970
-5.735736
-4.972432
-3.370041
-5.320821
-3.067994
-4.146338
-1.495150
-4.438557
0.231408
-4.512190
0.240578
-4.194814
-3.511275
-1.505425
-0.884262
-0.376982
