0.680313
3.170648
0.164926
0.113473
-0.798573
0.796391
-0.417401
1.872640
1.360923
2.290152
1.724049
1.444356
1.170771
5.999849
2.145208
5.070608
5.826322
3.404563
6.861511
5.181114
7.000613
6.967631
6.740184
9.409694
5.889993
5.938713
5.807673
5.358804
6.294931
6.218816
11.062252
6.156888
5.791969
11.332437
10.815467
6.419759
8.429091
6.665782
8.407027
11.157229
7.539850
8.937220
6.926692
11.511340
12.054041
11.964698
12.556849
12.708798
11.224648
12.481235
7.026351
11.949845
12.066869
11.252851
7.739306
8.158390
10.715309
7.438659
10.481367
12.354782
9.746397
8.097621
10.892127
10.684908
9.664231
7.943225
10.450308
8.252887
6.480017
5.300909
7.735909
5.757522
6.731641
9.436442
4.355948
6.475847
4.019993
5.357855
6.514388
8.060916
2.842397
3.585603
5.064593
3.224303
4.873364
1.961301
3.421867
4.673519
6.208695
3.815493
4.840829
2.005684
0.187259
-0.386904
-0.707840
1.862012
3.808285
-1.478654
-1.269758
2.686449
-1.259521
-2.237770
-3.931449
-3.152448
-3.358329
-0.850494
-2.077358
-4.313688
-0.167072
-2.225422
-6.219702
-4.621372
-1.738275
-4.038584
-3.741243
-3.377551
-6.162934
-3.807849
-4.573541
-3.351410
-6.871534
-6.940728
-4.342766
-4.595700
-9.585767
-7.819628
-7.120136
-5.572603
-6.657692
-8.521260
-10.469171
-5.503304
-8.737888
-9.096533
-8.819451
-7.095513
-7.738020
-6.706322
-9.765949
-8.041467
-9.662221
-7.972953
-7.744031
-8.391716
-12.677977
-8.258114
-8.696712
-7.813609
-7.341846
-9.388789
-7.894157
-10.657094
-11.173963
-9.611350
-12.215693
-12.331327
-9.904278
-7.496107
-11.181223
-10.863552
-7.427749
-9.413546
-6.781351
-6.355571
-6.222868
-8.599732
-6.384829
-10.431950
-5.572244
-5.143729
-6.723707
-9.967107
-5.978163
-6.810313
-5.545923
-8.309753
-7.182912
-7.669278
-4.052713
-8.718152
-3.229825
-5.818954
-6.013220
-6.509146
-4.963130
-4.824446
-5.924556
-3.173657
-4.194012
-4.455913
-5.579328
-3.622627
-1.221730
-2.600233
-2.364107
-0.386027
-0.575832
-0.620686
-2.820112
1.781556
