-0.670901
2.103256
3.456634
1.302098
0.369541
3.134335
-0.182312
-0.231888
0.593881
0.969678
2.929533
2.239347
4.850953
3.230141
5.946749
5.167428
4.431719
2.938870
2.932124
2.894312
6.250873
3.855439
4.987642
6.946525
8.543437
5.630077
5.105848
6.519880
9.023743
9.346590
9.873071
10.824245
6.311930
10.547461
7.493592
6.498163
10.263146
9.841114
8.886935
8.492868
11.743859
6.892606
9.297420
9.058268
12.299989
12.301359
8.335887
7.443737
10.744278
11.905095
8.668038
10.631508
7.722699
12.856873
7.880877
11.822789
12.466652
7.358710
7.141412
10.214279
10.407482
6.324541
9.621610
6.048994
11.176328
8.377883
6.041091
5.828219
8.713136
10.264761
5.220453
8.634892
7.886506
9.314151
7.375233
3.894453
5.094744
9.103394
7.947717
8.500638
4.291365
2.526875
3.644352
3.892190
5.151333
3.809587
1.460535
3.553162
0.665618
1.472977
4.202173
1.144098
1.393327
-1.024313
3.397390
-0.823334
3.337139
2.591350
2.668011
-2.154150
1.349571
1.158442
1.924957
-2.752938
-0.036909
-2.443473
-3.499259
-3.705070
-0.298056
-1.282964
-1.207071
-5.331708
-6.464428
-6.701461
-2.170192
-4.940018
-4.728335
-7.296882
-7.853506
-7.941914
-4.801315
-7.282656
-6.022010
-9.728108
-7.775053
-8.491592
-5.335120
-10.602862
-5.125842
-9.588075
-9.893106
-7.101368
-8.825681
-10.275647
-7.066618
-11.905115
-8.655650
-11.178009
-12.391147
-11.873419
-11.307593
-10.565214
-9.882841
-9.309390
-7.130771
-9.071740
-7.499805
-7.291816
-10.012054
-7.686399
-7.799515
-8.487745
-11.674704
-11.547484
-8.985737
-11.950798
-10.532555
-7.666521
-6.993254
-8.199391
-10.596193
-9.587674
-12.168070
-7.327227
-10.144800
-10.698241
-6.418623
-6.225177
-5.689662
-5.544708
-9.877531
-9.182721
-8.249816
-6.810891
-5.866142
-7.780476
-7.531888
-4.372609
-6.250303
-5.192197
-8.076607
-4.384214
-3.272552
-6.505153
-1.666744
-3.759753
-0.979797
-3.774681
-5.820218
-0.882576
-5.320448
-2.600392
0.415052
-1.043472
-4.250237
-0.996319
0.708229
1.513123
2.250082
-0.125269
