1.569720
2.091197
-1.079155
1.400386
3.790858
1.026785
2.444398
4.722709
4.730351
5.366595
2.432292
4.653380
4.810156
1.836166
4.745366
6.622306
6.996520
7.355280
4.564956
5.137257
7.062328
5.090860
9.269319
7.792640
4.639956
7.114867
6.557042
8.189695
5.519407
7.453609
6.684384
5.615722
9.738150
7.324980
6.305391
8.859077
10.339401
9.466080
10.167794
10.591471
6.803450
6.772593
11.229803
10.429091
12.280818
11.877804
8.296456
12.979287
7.884195
8.303349
9.306116
8.255410
12.762544
10.636972
6.893390
11.419513
10.877050
10.152114
10.606685
8.521480
9.573628
7.731551
11.608634
6.362487
7.862387
11.648352
8.141888
7.715151
10.629126
9.835389
10.425262
10.696773
6.043015
9.858216
4.620379
3.902955
9.165805
5.004019
6.268582
6.538332
4.749199
7.961728
7.749538
3.825933
7.347564
4.022551
3.152146
3.907826
4.504428
1.263942
1.709307
5.103408
1.001241
-0.529310
1.906909
2.343268
1.367046
-0.200482
0.824398
-0.223104
0.116244
-3.231898
-2.527380
-0.432460
-4.365794
0.531611
-0.799090
-2.520738
-4.189676
-3.682891
-1.550877
-2.767625
-4.771891
-3.569024
-2.009730
-2.527939
-3.933892
-5.867891
-5.722753
-5.450281
-8.081116
-3.549038
-4.251721
-6.811527
-9.622538
-5.891178
-9.601075
-5.092003
-5.560133
-10.749284
-9.873368
-8.228669
-10.947314
-10.143749
-11.905721
-6.600386
-12.112661
-9.643407
-10.521165
-8.416446
-10.173664
-10.924544
-7.396554
-12.123725
-6.956083
-11.713830
-9.521302
-7.177923
-12.009082
-11.258504
-10.670548
-9.725000
-12.261601
-10.377256
-12.163872
-10.057306
-11.770639
-9.088860
-11.225649
-10.918563
-8.398239
-7.051686
-7.954136
-10.925396
-7.404926
-6.757614
-6.300605
-7.572792
-7.573193
-10.540130
-8.608641
-6.017178
-5.584698
-7.870674
-8.865130
-9.274070
-7.515364
-6.290867
-5.584073
-7.074114
-6.111154
-6.207030
-6.287111
-3.511832
-2.291956
-1.377700
-1.414548
-2.125078
-2.726898
-0.598924
-0.508169
-3.504804
-0.300154
-2.406414
1.102690
-0.001180
-0.583272
-1.638994
-1.020174
-2.504245
