1.705303
2.947061
-0.381195
2.780697
2.158585
-0.175869
1.117065
1.497643
0.244219
3.634965
0.608015
6.289840
5.193219
4.540708
5.186640
3.849895
6.920857
7.341023
2.721104
3.952355
3.476327
8.073799
6.442805
6.913929
9.040698
9.017832
4.750212
10.445971
7.832257
5.867939
9.258575
10.800467
9.795733
8.306329
9.531405
11.302915
7.323231
8.660400
7.453533
11.749719
8.032857
11.519818
7.050472
10.873963
10.150180
8.774986
12.452054
7.653144
12.537309
10.655939
12.848590
12.488625
10.561948
9.921175
12.849911
7.319256
9.900436
10.907170
7.570598
7.910738
11.020376
9.328418
10.776152
7.668047
6.212599
6.006111
6.463280
6.403807
7.038182
9.685956
10.158083
5.847002
4.933575
6.033777
4.897832
8.568620
3.889797
6.910665
9.102807
8.373157
6.749879
6.882417
4.640641
4.855998
5.992763
1.597594
3.083422
5.631428
5.843270
5.177115
3.673593
4.180789
4.576120
2.929227
-1.153995
2.048907
0.615769
-0.942932
-0.440505
1.314826
-1.165304
-1.685192
-3.767311
-1.562639
-3.185585
-2.433413
-1.548297
-4.590102
-3.650412
-2.323753
-1.924166
-1.984484
-1.697509
-2.701860
-3.848375
-6.846180
-7.525836
-8.183810
-6.797425
-8.002028
-4.291365
-9.179030
-9.592408
-8.011292
-8.639691
-5.003311
-6.413458
-8.477912
-6.953907
-9.839489
-7.252140
-9.252813
-7.705388
-5.819017
-11.342877
-9.014706
-7.573601
-11.543927
-7.842385
-8.711530
-10.146685
-12.499902
-12.196599
-11.536742
-8.598977
-8.233888
-9.691151
-9.670251
-12.830281
-11.153597
-8.915087
-11.781746
-6.971553
-7.590460
-9.118774
-12.730726
-8.660125
-7.282869
-11.772105
-7.565487
-8.993571
-10.923122
-8.629889
-11.338820
-7.749882
-11.376526
-8.196408
-7.623501
-6.405976
-8.516296
-6.686504
-10.666450
-6.843561
-8.874876
-6.187620
-8.298451
-8.990815
-5.020684
-8.261979
-4.120770
-8.317407
-3.152054
-3.383621
-2.005704
-5.384465
-2.586807
-5.400701
-3.755785
-1.469702
-5.173343
-2.370644
0.139166
-4.821022
-0.944672
-1.042194
-3.423009
0.532090
0.482304
1.393435
2.030530
