-0.392105
1.369623
0.676953
-1.711955
4.502322
4.105450
1.550473
0.933501
4.826049
2.610506
1.745756
6.504132
1.587524
5.395531
2.198766
3.496218
2.847475
4.016591
7.981220
4.359792
8.877293
6.904737
7.637181
8.364381
5.410685
9.086705
10.226473
8.488296
9.705939
5.733636
9.406969
9.918302
8.539200
11.355410
8.633511
11.224362
6.895257
12.258655
7.416122
8.548101
10.473308
11.138604
12.528087
9.465464
8.728824
12.870584
10.991751
11.048524
9.507692
7.499888
10.268436
7.675946
9.028313
12.243665
8.576173
10.285363
9.799571
10.027895
8.799144
7.282504
11.636762
9.239877
9.467098
7.641248
10.751651
8.310481
10.877319
6.451491
7.554696
7.522015
9.741140
10.678430
5.762370
6.023246
9.246716
7.049880
7.091982
7.954668
7.031858
5.940044
3.576072
6.657367
7.328274
3.996696
1.838333
7.116202
2.626590
1.082351
2.663797
2.317218
3.612436
4.104372
-0.162685
4.296616
4.216789
0.160916
-0.680806
0.218087
1.727028
-1.284629
0.066836
-1.839843
-2.214543
-0.479403
-0.470944
-4.273813
-0.379805
-4.591528
-1.518694
-5.456594
-5.648505
-6.351368
-4.247165
-5.543993
-6.874876
-5.990217
-6.530782
-6.192120
-6.573656
-2.901367
-7.525236
-3.568012
-8.241183
-7.107742
-7.598714
-9.588391
-10.286197
-4.962774
-7.535136
-8.372103
-7.439837
-6.789615
-11.031677
-6.175112
-7.804676
-7.999180
-8.673618
-8.870884
-8.020895
-9.049577
-9.088332
-11.594646
-11.424045
-9.208753
-9.381430
-8.849191
-7.635476
-7.242328
-10.065764
-11.207312
-12.822327
-12.424326
-8.062093
-11.901566
-11.570093
-11.889807
-10.814294
-8.503274
-11.990198
-6.521287
-11.328895
-7.737779
-8.418209
-7.034813
-9.729458
-7.779040
-7.764121
-9.763388
-7.304577
-8.290160
-10.354987
-10.662747
-8.282103
-9.782581
-9.763616
-5.190520
-5.298470
-4.188233
-7.455072
-3.384076
-2.792072
-5.083148
-5.262214
-6.295671
-4.084693
-5.063060
-2.319681
-2.560306
-5.673322
-5.947990
-2.530971
-0.177491
-1.546379
-4.842843
-3.263555
-2.808890
1.285059
-2.933244
-1.499266
2.499556
