-1.411686
-0.955472
0.725689
2.365593
0.026871
3.181496
1.923231
3.742970
1.787962
5.045384
2.774781
1.536548
1.229441
4.525947
3.609507
7.563088
4.761314
6.060379
6.627692
7.339731
5.963591
3.432665
6.362370
4.387552
9.970124
4.435832
9.623441
6.445321
5.097774
8.035634
8.903587
10.950584
6.791947
5.874268
7.600233
7.574613
10.200289
10.877797
6.432389
11.821118
6.772224
11.820917
10.734143
7.622136
10.317203
9.574584
11.327520
11.618402
8.560574
9.350044
9.011792
9.898685
11.107947
8.258825
10.573561
8.905097
11.206265
7.404835
10.814145
12.337856
7.612121
7.406925
7.986532
8.342016
8.662832
7.590996
8.655977
9.463739
8.630913
9.478899
10.502495
10.284463
6.198480
6.811061
8.046417
7.618835
7.422783
3.767114
5.431451
6.056411
6.733681
5.507916
4.107177
6.879887
5.222483
2.896764
2.091021
3.045734
5.354802
1.430314
3.300000
-0.241048
4.485986
0.646340
2.140177
3.923791
-1.882957
-1.081698
0.715708
-1.249547
-2.632896
-0.928176
0.862294
-3.726680
-1.213491
-3.816336
0.024981
-5.058889
-0.471327
-6.032090
-4.815782
-5.811561
-2.180597
-3.142308
-6.496162
-1.853955
-6.493196
-5.255772
-7.164065
-6.861783
-5.106857
-4.545957
-5.565358
-6.312913
-7.024180
-5.516009
-5.636211
-5.844966
-9.172899
-9.862596
-5.538224
-6.907369
-10.364566
-8.683549
-8.397572
-8.787212
-10.143326
-7.352896
-11.912932
-9.578414
-7.854821
-11.246636
-11.888180
-12.043764
-10.579211
-10.960018
-9.207405
-7.047284
-12.228214
-7.704177
-9.528863
-12.260051
-10.234650
-8.605405
-8.908383
-6.861306
-12.080913
-11.819170
-7.719035
-8.271228
-7.423649
-9.645743
-9.330278
-10.120248
-8.567281
-11.407605
-6.719215
-8.266404
-5.875983
-6.849253
-7.088079
-5.378307
-10.018986
-4.993830
-4.862136
-9.660652
-6.107490
-8.660579
-4.417730
-5.162524
-7.945484
-4.598124
-5.949343
-2.997833
-7.317957
-4.806493
-4.671330
-6.342996
-1.451482
-0.939198
-3.187037
-4.567059
-3.177979
0.851702
-4.062740
-3.225057
0.758062
-1.779328
-3.089776
-0.896407
