-0.066811
1.690009
1.656744
3.523439
2.782166
-0.583755
0.640237
4.856635
5.532809
5.723277
4.381214
4.572633
5.382826
5.891542
2.841540
2.280192
6.858806
5.369195
6.290876
5.706747
7.866634
5.732782
7.773690
5.060514
4.139809
8.285210
7.396807
7.814808
8.063215
8.641709
6.003993
6.344770
8.400657
9.040971
7.677387
11.926179
9.902240
7.843805
9.467733
12.227766
8.047867
11.001329
8.325775
10.210814
7.264029
12.691359
10.919941
10.566854
9.470596
11.167317
9.405923
8.997401
9.371173
10.667559
12.780873
6.924757
8.521530
9.961918
7.299274
6.889586
9.351908
6.892295
6.630743
8.220363
6.688499
6.422832
6.144085
9.464614
6.379588
5.146583
10.093710
6.601099
9.417399
8.424327
10.002807
6.592929
8.591142
7.142441
8.838584
3.379938
6.458688
5.060673
5.728048
2.992941
1.556293
4.678743
4.949567
4.995454
5.459789
3.397623
0.994178
3.321355
0.508872
3.638452
4.251964
4.230046
-0.243989
-1.611617
-1.676002
1.983408
-3.191269
-1.563399
-3.521158
-2.346575
-2.015405
0.765376
-2.761041
-2.672067
-4.393593
-1.404669
-2.821637
-3.104777
-6.365964
-5.126673
-1.578538
-2.183479
-3.881600
-4.216129
-7.017371
-4.243351
-4.187209
-5.190389
-3.786853
-5.602514
-6.580027
-5.957093
-6.218164
-7.601481
-7.554873
-6.981597
-8.735011
-8.268877
-10.129445
-11.510674
-11.085427
-10.625058
-7.621171
-9.212572
-6.859291
-9.615786
-11.779154
-8.602749
-12.391418
-10.291572
-8.838955
-9.824727
-12.250073
-8.191845
-8.219703
-10.347369
-9.479008
-9.033246
-12.133773
-11.428013
-11.658619
-6.846300
-8.045653
-9.428326
-6.785806
-6.632558
-6.448415
-8.396652
-9.124435
-9.156653
-10.341498
-8.593829
-6.861034
-11.095323
-7.856422
-6.307848
-6.358621
-5.967113
-9.221807
-5.541269
-4.840969
-4.091724
-8.363429
-7.397362
-8.912236
-4.246986
-6.898777
-3.925369
-2.244961
-3.271086
-7.004506
-4.705537
-4.953987
-5.967898
-1.937660
-3.464333
-2.707109
-3.072527
-2.264964
-3.393165
-4.037028
-2.682050
0.565965
-2.141081
-0.330647
-1.917841
