-0.882815
1.267439
-0.231523
0.648928
2.051440
3.835432
3.899332
3.473677
1.459000
1.486455
2.915764
1.487887
3.421810
5.617121
6.672873
2.814147
5.072705
7.926182
6.677451
8.693948
8.274035
6.188518
9.169207
7.816885
9.270387
9.757910
9.450557
6.247895
8.205153
8.065778
7.310711
6.808798
7.652951
11.331736
6.267222
9.635568
8.567789
9.157772
8.935353
10.534005
9.548719
11.777133
7.251075
11.909830
8.967594
7.314613
12.349069
7.134415
12.875334
10.826809
10.793652
9.330419
12.754365
11.280102
8.912592
9.644812
11.782999
7.670900
11.841490
11.206423
12.236714
11.027944
6.665696
9.617559
8.192829
8.112110
7.257217
10.325968
7.910116
5.928424
6.067359
7.126148
6.931952
4.817213
6.008907
4.672716
4.594647
5.344104
7.229808
7.109221
6.716705
4.865395
7.165366
3.458716
1.718726
4.348951
6.726946
0.951039
5.879449
2.666488
0.188719
3.377304
-0.217996
-0.939008
0.736304
0.765962
0.710626
0.461946
2.488916
-1.930447
1.488822
-2.340183
0.340112
-0.567994
0.881490
-4.550270
-0.604813
-1.675728
-2.426465
-2.131348
-0.636354
-4.074118
-6.405234
-4.146332
-7.457656
-2.252157
-6.983074
-2.701493
-2.670594
-7.762822
-7.996450
-6.648961
-6.770854
-6.553343
-4.843604
-9.457434
-7.943498
-8.993445
-8.318554
-10.528820
-7.008035
-10.913600
-7.417798
-11.130134
-10.043978
-6.177422
-11.202872
-8.223954
-8.306784
-11.942909
-8.393099
-8.512623
-7.455118
-12.218460
-12.079856
-11.844754
-12.837580
-10.428494
-9.157416
-12.751750
-10.364280
-9.618140
-9.909370
-12.734578
-12.681765
-7.270941
-8.594383
-12.108275
-11.368866
-11.775915
-9.476185
-9.124679
-11.782841
-8.569902
-9.627042
-9.476998
-8.601067
-8.917502
-7.997356
-6.746091
-6.933162
-6.322164
-8.956747
-9.898573
-6.422916
-9.666544
-3.970165
-5.474315
-7.440604
-8.541453
-7.287602
-2.817812
-6.526209
-2.119743
-4.359391
-2.786659
-6.728384
-1.368962
-3.282204
-2.135278
-1.008906
-3.129778
-4.617142
-2.433845
-3.931242
-2.773712
-3.130550
-0.635626
0.781205
-1.505142
