2.122656
3.284590
0.663565
2.628529
1.895725
3.425050
-0.478420
0.012423
3.088089
3.026428
1.468181
6.516907
2.846512
7.203496
4.062687
5.898876
7.712955
4.513728
7.008941
7.576053
4.824029
4.567278
7.153123
5.784234
4.973623
6.584463
7.946346
4.998379
9.018781
10.903808
6.696564
9.830049
5.684278
10.950941
8.600051
7.770973
9.375693
8.764248
7.230538
10.733118
12.397867
10.453809
8.680806
12.388852
10.085658
7.887885
12.093262
10.845989
8.624802
10.464954
9.934018
8.644696
7.291730
10.233723
7.402321
7.003084
9.234242
12.577387
8.813786
9.096947
6.764945
9.199179
9.412216
9.208882
11.740199
10.860535
10.095235
9.551587
10.634029
9.937476
10.850043
7.179283
6.363796
6.217910
9.956028
5.668683
4.885846
7.568537
7.261921
7.883855
3.430639
4.507755
4.699503
6.137701
7.180729
6.227383
6.797231
4.613229
3.155569
2.946691
4.521137
3.909342
-0.610235
3.683539
1.377032
2.304304
-1.752856
-0.599430
-0.475578
-1.872034
0.358527
0.616888
-2.512054
-3.442168
-0.333467
-2.880358
-1.354739
0.413881
-0.332541
-4.480082
-2.295051
-4.065251
-5.228555
-4.673858
-6.525222
-6.376200
-3.097253
-8.179529
-6.770992
-6.347136
-8.887094
-4.732432
-9.437784
-9.292478
-6.664720
-4.521130
-7.812397
-7.464541
-10.759098
-8.717705
-7.188731
-9.242658
-8.329931
-11.628397
-6.493144
-10.101910
-11.502565
-6.845488
-9.288563
-11.554187
-12.194284
-11.496933
-8.976269
-6.870248
-11.872616
-7.354200
-8.185621
-10.305747
-7.132406
-8.505955
-8.205176
-12.590849
-7.474353
-11.535485
-10.769625
-6.936369
-9.533762
-9.844340
-7.260911
-9.126898
-10.821923
-10.683860
-12.060145
-6.626216
-6.475526
-6.661121
-5.681679
-10.259833
-6.945640
-9.241327
-5.075695
-10.102271
-8.845139
-6.884574
-5.855072
-4.353798
-6.705827
-6.383302
-8.586918
-4.512105
-8.367113
-7.245595
-6.027125
-6.229671
-6.965520
-4.903552
-1.230247
-6.228963
-6.315376
-2.260387
-1.109447
0.329254
-1.100785
-3.879840
-0.458860
-0.612031
1.169552
-0.195827
0.473859
-1.541021
