-1.770264
3.599112
-1.721401
3.567698
-0.973926
-0.209400
2.511243
3.017190
5.764453
0.466732
4.293460
1.119392
4.817418
6.152229
7.460412
4.131901
4.436079
3.739394
6.596160
4.906088
6.521382
5.451313
5.303239
7.803704
5.970126
10.045701
6.450886
10.329383
10.830647
8.062504
8.948848
6.199866
11.290277
9.507510
7.756268
7.856473
8.030920
10.205624
9.154293
8.728484
8.288281
12.410079
8.542672
10.787759
9.859659
12.734448
12.800960
9.309984
7.789308
7.767763
7.626569
12.529324
12.645511
11.086047
7.852595
12.040666
8.262584
8.021749
8.775148
11.282763
11.473703
9.074649
8.475200
7.676102
10.176591
6.797650
8.211509
11.313429
7.409531
5.908865
7.636886
7.385662
5.761262
9.282770
8.048866
9.662352
5.492471
6.096412
7.295314
6.703363
4.986666
2.510719
6.723694
7.150109
1.856497
4.720589
4.071679
1.045117
1.609779
1.829749
5.035846
1.643920
4.797609
2.149032
3.621146
-1.341160
1.060913
0.523501
0.614359
0.894756
1.279098
-0.171619
-1.222897
-4.149770
-0.265980
-3.015375
-2.225731
-3.977577
-4.718968
-5.001006
-2.797202
-4.808583
-5.617026
-7.075716
-2.197711
-2.539491
-7.241828
-3.573200
-3.659597
-5.669231
-4.428567
-5.061641
-9.558630
-6.190682
-6.277028
-6.644779
-8.075440
-9.585123
-10.412033
-10.487385
-9.254494
-9.641318
-5.679682
-6.086858
-10.024732
-8.308392
-11.108587
-10.008598
-10.283201
-11.596142
-11.135563
-8.495945
-9.984526
-10.313876
-9.155395
-7.459034
-10.385838
-8.896830
-7.440211
-8.395851
-12.143016
-9.248300
-8.547316
-9.839103
-10.315017
-8.954185
-6.843642
-11.386418
-7.348012
-9.546841
-10.074113
-8.391787
-10.226527
-6.508297
-11.436651
-7.256192
-10.455797
-5.532710
-10.668518
-9.504060
-10.195179
-9.750810
-5.703820
-9.114781
-9.645556
-4.063671
-7.515586
-6.806586
-6.968183
-5.108365
-7.551934
-3.576609
-3.865929
-5.657111
-3.450750
-6.279379
-5.589639
-3.468897
-3.566587
-2.824199
-0.858919
-3.959414
-0.796961
-0.449066
-1.968115
-2.861104
0.457437
0.296113
-0.879619
-1.399305
