1.869429
-1.975695
2.392596
0.010696
0.794418
0.058701
3.115829
0.719791
4.400523
0.853660
3.258194
3.896114
6.436925
3.135960
3.275209
3.341861
3.217521
4.132564
5.340957
5.856751
6.061702
6.140842
8.055339
4.683313
7.518495
9.779034
10.305951
6.117043
7.502667
7.554842
9.350890
10.660496
10.535231
6.985957
11.491412
8.496921
8.693527
12.108126
7.364677
8.041720
9.660756
11.127734
9.937311
12.100875
11.027418
8.969541
9.940183
10.244465
10.154135
12.104996
9.682334
10.333369
10.423342
10.840869
11.597262
8.308117
7.544269
10.461390
10.020691
8.239318
10.923375
10.452761
7.469685
8.818681
6.653639
7.468666
5.721300
5.558953
5.847036
7.164813
9.165640
8.839948
6.184927
8.121284
7.193250
6.921920
8.518607
6.683055
6.984833
6.901145
8.529350
2.795835
2.117008
6.591800
6.371090
3.094894
1.693020
2.252686
4.038704
2.212951
2.162808
0.438568
1.995923
4.320443
0.001381
2.212051
0.276856
0.657406
1.578809
-1.116756
1.595580
-2.284504
-2.077880
-3.522049
0.710818
0.603045
0.258538
-2.690169
-5.385847
-5.489694
-3.261223
-2.238685
-2.906556
-5.923681
-2.468473
-5.033266
-7.559272
-7.566094
-7.348546
-3.480381
-5.463811
-5.572744
-4.694489
-9.354587
-9.567040
-4.647080
-8.379632
-5.795782
-10.665770
-6.608683
-6.402646
-8.779618
-10.421013
-5.984942
-10.472194
-8.530232
-7.325248
-10.793294
-9.057073
-11.120667
-11.874499
-9.847776
-11.790159
-11.089071
-6.929960
-7.027484
-12.312783
-7.378110
-9.040864
-7.884258
-9.072153
-11.857516
-12.772020
-11.320682
-11.615531
-9.628284
-8.591639
-7.666195
-10.424548
-7.120953
-12.205830
-6.933077
-10.205073
-7.267179
-9.042283
-7.434052
-9.804251
-11.356070
-8.671882
-7.974243
-10.722727
-7.759240
-9.444390
-6.704896
-5.870044
-5.911058
-5.897841
-8.298304
-6.422866
-7.407866
-2.822862
-7.414096
-5.550443
-6.760495
-4.281668
-1.824141
-4.678713
-4.469254
-4.851972
-5.112472
-5.324200
-1.674876
-0.715776
-3.702144
1.160616
0.273833
-0.408651
-3.337012
-1.223742
2.547773
