-0.090658
-1.110835
0.349326
-0.361137
4.120388
0.278380
4.512459
-0.401152
0.640910
1.468479
1.452056
5.503414
4.905309
4.177002
4.766548
6.444870
7.433566
2.703588
8.348578
4.735402
7.570743
8.250345
9.399711
4.041403
4.080991
6.148497
8.480723
6.486303
6.258634
5.923409
9.064346
10.148799
6.143275
7.832398
11.315882
10.625799
8.747203
7.759392
11.708921
7.441211
7.882546
10.275688
12.453100
8.534561
12.327308
12.447011
10.304545
9.628967
8.969574
7.472609
7.436194
8.083719
12.117734
11.038543
8.215064
8.802654
11.211214
8.781149
8.662650
11.833086
11.426217
9.868982
7.632697
8.264685
8.934521
10.408292
7.272539
10.381093
10.447325
6.655868
9.510957
4.879328
9.600445
8.267885
10.070783
5.103894
5.801328
5.151356
6.003164
6.343024
8.359276
6.011854
5.736091
3.585891
1.618956
2.069257
1.425153
5.280476
2.867326
1.718390
-0.072836
4.337229
1.241812
2.443991
0.558288
-1.232793
2.004067
3.259883
1.781244
1.363544
2.290120
-0.749320
0.844119
-0.624174
-1.170668
-4.553338
-4.244523
-2.463678
-4.588479
-4.646052
-3.907160
-3.966994
-1.010192
-6.760606
-3.656335
-7.300247
-2.287806
-3.273391
-6.737385
-7.692284
-9.071007
-8.647840
-8.764123
-6.933023
-8.665475
-8.394017
-6.033145
-7.387364
-7.152720
-6.289533
-9.979449
-5.463430
-8.078228
-9.409930
-6.831073
-7.453732
-9.905604
-7.790066
-8.290016
-6.522612
-9.259466
-7.737054
-11.766921
-11.548220
-8.560668
-7.580928
-11.988643
-9.822019
-7.935180
-9.131980
-7.676778
-7.171455
-12.951270
-7.400599
-8.491786
-10.612424
-10.022323
-8.752314
-11.576461
-8.157157
-8.685680
-9.503182
-7.348548
-11.962227
-8.333259
-7.952316
-7.785620
-7.706766
-8.642432
-10.285343
-9.973590
-10.177883
-8.674839
-4.964747
-10.039602
-6.657517
-4.973955
-5.374505
-8.287196
-3.557006
-7.245256
-4.982311
-8.070369
-2.110867
-6.937977
-3.669782
-2.338527
-2.145168
-2.388910
-3.233481
-4.673946
0.309385
-1.014691
-2.323915
-3.226901
-1.455338
-2.045918
-1.812055
-3.013183
-1.925302
