2.930797
-0.091224
-1.935476
-0.990118
0.626069
3.465919
4.178414
2.930586
3.221828
2.124790
1.642122
3.225007
3.582351
5.966273
2.350739
7.119577
3.081314
5.706590
5.831817
4.856042
8.356123
9.089849
3.873407
8.740981
6.996606
6.179720
7.958089
5.884749
8.526089
8.176413
5.732532
9.848525
11.373943
10.778357
6.885389
8.528702
7.093431
7.067097
7.478472
11.050413
7.081674
11.404635
12.219202
12.254394
12.323015
8.441775
11.043368
8.850071
11.701747
12.809476
12.064247
12.544071
10.911231
9.867753
12.681937
7.377739
12.704015
11.856987
10.605056
7.231709
11.390007
8.006369
8.012525
7.952033
9.644867
6.967244
11.227325
7.574502
10.270921
10.222447
8.032665
9.012554
5.035017
8.349746
8.936599
4.145788
8.834843
8.599274
6.116893
7.111624
4.236939
6.008276
2.488740
5.142111
3.453263
3.076185
1.303042
3.738393
4.246459
0.707177
4.135502
3.666951
3.365375
4.490467
1.839871
2.022097
2.514038
2.294333
-1.864225
-0.190874
2.669472
1.073848
-0.552966
-1.966769
0.344448
-2.181573
0.090952
-1.917409
-2.790459
-5.046541
-2.534927
-3.744077
-4.984318
-6.404227
-1.601507
-2.703087
-3.733099
-5.525261
-8.074630
-4.576759
-7.886508
-3.927210
-8.824527
-6.389197
-5.677251
-8.603533
-5.008820
-5.673029
-5.896074
-8.628989
-9.850256
-9.258938
-7.405810
-5.945850
-11.524912
-6.478414
-10.191583
-8.394370
-7.042638
-7.665438
-11.850681
-7.345403
-11.935706
-11.395150
-9.076678
-10.151778
-12.414068
-11.204286
-11.348790
-10.326505
-11.570011
-8.213461
-7.284814
-9.021915
-8.836776
-10.326271
-7.274614
-12.197646
-10.510124
-9.358716
-9.630004
-10.574284
-9.929734
-11.035209
-9.934539
-6.900663
-7.749175
-6.978935
-9.121251
-10.441877
-5.585714
-5.727038
-6.040005
-6.520207
-7.130592
-8.096381
-9.570886
-7.020794
-3.171483
-8.810815
-8.160318
-3.276721
-2.419766
-5.250360
-3.522302
-7.086414
-2.214080
-2.664006
-0.702730
-4.002880
-3.336685
-3.056326
-4.362720
-4.440904
1.368108
-3.236962
1.621585
1.966854
1.050341
-1.342859
