-2.590700
1.345803
0.921162
-0.723345
4.299672
4.573120
2.200349
4.485390
3.910728
2.069869
1.805832
5.479907
5.475981
4.374887
1.931349
2.036903
3.752618
7.831572
8.365361
8.664645
8.588924
4.372612
7.814772
4.109907
7.294262
8.966767
9.808349
6.310635
8.732876
5.751124
6.639537
8.259930
8.840590
8.126604
11.420998
11.000444
9.917569
9.840295
10.812926
9.837368
11.161804
8.601633
8.556620
8.404717
8.898131
10.173532
9.871178
7.357932
8.438417
7.484437
11.467918
9.095748
7.938736
8.492997
8.711165
8.981234
7.111063
12.203983
10.922127
9.684290
7.365170
9.634786
11.034676
12.014968
10.461302
7.725655
10.543531
9.192256
5.747875
8.258292
9.088003
4.740640
8.043643
7.467219
6.823213
5.338651
5.839112
9.370985
6.157376
7.342814
7.038846
8.246546
3.589270
7.728608
5.503899
4.600136
2.435136
2.440850
5.724419
2.607325
1.624693
3.168677
4.324976
4.242279
1.871816
-0.981010
3.048237
0.218677
-1.045481
2.006763
0.415949
1.900074
-1.514566
0.283059
0.077623
0.975514
-1.091093
-2.174260
-2.133630
-5.786629
-5.476382
-3.956734
-6.761357
-5.076663
-5.998749
-7.169809
-4.950191
-7.908134
-5.947620
-6.985197
-4.836956
-5.087874
-7.291095
-9.075610
-9.871370
-9.740895
-9.178644
-10.056921
-5.710782
-5.276654
-6.949572
-9.400318
-9.274010
-10.283637
-6.393970
-6.691420
-9.106271
-7.912855
-9.821267
-6.658347
-7.248796
-9.925436
-7.790475
-9.603890
-7.378729
-8.664742
-7.791338
-9.645284
-7.447653
-10.715490
-7.719949
-12.538263
-11.939184
-12.450494
-7.567723
-11.682923
-11.085114
-11.559697
-8.509103
-9.503183
-10.697739
-6.940281
-6.990423
-7.659885
-10.738743
-6.620344
-8.625282
-6.505036
-5.770896
-6.133107
-7.154942
-10.544381
-5.447205
-8.927190
-8.395892
-9.151020
-4.064030
-8.167418
-6.904512
-3.903200
-8.359246
-7.493845
-7.314642
-7.754460
-2.127604
-4.109616
-5.129065
-1.846935
-2.891948
-2.240287
-1.181790
-4.169229
0.376969
-1.350038
-4.156612
-2.094713
1.644343
-0.387775
-3.097884
0.507165
