-0.748100
0.639612
-1.321398
-1.218521
-0.978555
1.886516
-0.384220
2.051123
2.940837
5.011501
2.183249
5.606189
4.316354
4.870683
2.541192
2.933615
7.921059
5.636841
2.951047
7.306345
8.067544
8.411235
7.246949
5.784662
5.973471
5.010164
5.572828
6.942178
7.907532
9.408070
6.899631
6.624738
7.131562
11.650932
6.940876
9.488298
10.742373
11.562185
8.890966
10.172197
12.059500
11.336292
12.551047
8.057574
12.295800
11.242258
9.532275
9.861125
12.383877
7.119613
11.135873
12.304073
11.659339
8.924632
9.068620
10.438156
11.305787
12.675377
12.015063
12.258921
8.099932
8.568839
12.164376
6.678842
7.081072
9.812206
5.787724
8.475024
7.083356
9.657168
9.197172
9.184135
9.053180
7.466425
4.426125
5.739955
8.475587
8.994072
4.073681
3.903374
8.145072
4.497981
5.671765
4.142459
2.432534
1.312169
5.403026
5.721200
6.001009
4.618252
1.446938
1.288319
3.270295
4.651473
-0.092805
-1.401156
1.572095
-0.284748
0.435771
-1.924007
-0.264524
2.146472
-0.943938
0.137437
-1.498757
-1.026600
-4.409706
0.176201
-4.240161
-4.140937
-0.667446
-2.335218
-6.924355
-6.281712
-2.320737
-2.131832
-2.923899
-4.574551
-5.069368
-6.773071
-3.828814
-9.281223
-3.629340
-4.858179
-5.206395
-10.172391
-4.666466
-8.435344
-5.887194
-9.983511
-6.291770
-8.588764
-9.838251
-9.654130
-11.720962
-9.165135
-8.633950
-11.188761
-7.128572
-7.294274
-7.175392
-11.367535
-7.634258
-10.742509
-7.744826
-10.037894
-10.760435
-7.961497
-11.760215
-7.957720
-7.489982
-12.909786
-12.772538
-12.049423
-11.629303
-10.744334
-9.419162
-12.243782
-8.986300
-9.266990
-10.732209
-8.654175
-8.052381
-8.992822
-8.359920
-6.067953
-5.929531
-8.527549
-9.076517
-8.459475
-10.263841
-6.234036
-6.715569
-9.418324
-4.569725
-5.336670
-3.707503
-3.870250
-5.843467
-8.579633
-7.967028
-3.931877
-7.655876
-7.341671
-2.835714
-4.626385
-4.352413
-6.005541
-0.656670
-2.799953
-5.156249
-0.617970
-3.223369
0.416745
-0.446738
-2.883907
-3.053388
-1.258306
1.764574
1.210962
