-0.845712
-0.114649
2.105869
1.449128
-0.558920
3.236875
0.036786
0.757202
4.519879
1.044381
3.654512
1.771025
2.692254
5.971169
3.716811
5.203987
6.042048
5.299025
6.294947
6.353220
6.305760
8.280710
5.594757
6.590075
4.292956
5.664188
7.694482
7.890734
5.023769
10.807187
7.279304
8.385617
7.586845
8.153212
8.859999
7.957255
10.152090
7.385897
7.999254
11.865626
7.457577
10.749636
11.720437
7.918987
9.363265
12.371563
10.148565
8.457577
7.750384
10.970106
12.616888
7.619673
7.670553
8.617174
8.993084
7.815869
10.878554
8.566214
12.397540
7.610493
11.908786
11.156114
8.839274
8.384409
10.517745
8.943511
10.657169
10.515189
10.758808
9.492589
8.929681
6.588425
4.862844
7.429115
5.925858
9.719107
5.538104
5.045624
5.692255
3.812270
8.164095
4.353713
4.745968
5.371835
7.455483
6.662307
1.038319
6.255992
4.837016
2.721371
5.490439
2.592528
3.459344
4.410652
-1.177693
0.463114
-1.650572
-0.896845
-2.512905
-1.694192
-0.081256
-1.297536
0.980877
-4.211674
0.855338
-4.154724
-1.307810
-3.692223
-0.962033
-5.260229
-2.600183
-5.982993
-6.421145
-4.668226
-7.248281
-5.462882
-5.614642
-3.106636
-8.196735
-7.180268
-4.199143
-8.954279
-6.556811
-7.296493
-4.748008
-8.573675
-9.360933
-8.605992
-9.267107
-10.636439
-7.664362
-7.710074
-7.174629
-7.948701
-10.193714
-6.397078
-8.783909
-8.899453
-10.831814
-9.380718
-7.370665
-11.720957
-12.744546
-11.978840
-8.626643
-12.321240
-8.325381
-9.011408
-8.987035
-12.754996
-8.915424
-12.159534
-8.773162
-7.875413
-7.277939
-9.784300
-11.142464
-8.953514
-10.032773
-10.829070
-6.783165
-7.391332
-12.023119
-11.567777
-10.069877
-10.341385
-9.215527
-5.744623
-10.404125
-5.125273
-6.114898
-9.269306
-7.201069
-7.760460
-4.978924
-8.884727
-5.534486
-3.391876
-5.115179
-5.367229
-7.641007
-3.616452
-3.073660
-4.185263
-6.600101
-6.448957
-4.503981
-2.757024
-4.728503
-0.684294
-4.899862
-4.823301
0.261400
-2.184788
-4.167038
-3.275334
-2.972942
0.422250
-0.675675
-2.461803
