-0.583646
2.295022
2.981307
3.815193
-0.629801
3.890596
2.995159
5.106456
4.230882
0.497745
0.605355
2.995366
2.181028
3.058083
4.566480
7.235579
7.048795
4.665318
7.834409
7.819962
5.983131
5.043148
9.041275
8.063142
4.905741
5.631388
5.632781
6.738029
7.562285
9.400604
8.006443
10.721951
10.010185
10.706451
7.534414
11.391358
9.266105
11.276587
7.963430
7.775928
10.817460
8.756634
11.426022
9.910827
9.993286
10.174528
6.978369
12.792523
7.386525
12.966776
9.839637
12.579433
11.802243
12.715918
12.276371
7.566019
7.780786
9.443858
9.206325
12.497002
10.471307
8.895489
9.069068
10.003874
8.869842
10.552870
7.533434
6.461725
9.301217
8.034216
7.434840
5.742724
9.386602
5.457197
4.802950
6.993930
7.635212
5.644460
4.198319
8.175480
7.940729
7.156918
5.309248
2.462986
5.671544
7.087318
1.813405
6.053587
0.427376
3.828640
0.604212
2.127486
1.668718
1.159130
3.819821
-1.432691
2.782116
1.603697
3.285630
1.962641
-0.068474
0.309618
-0.117842
-4.101694
-0.722447
0.083759
-1.472031
-4.267565
-4.241431
-3.627887
-5.349347
-1.539928
-4.611908
-5.379327
-4.374805
-3.047607
-3.373913
-5.458980
-7.297544
-7.391357
-5.858353
-4.443349
-4.870099
-8.691470
-9.060635
-9.667609
-9.062606
-5.524128
-10.772963
-7.395416
-10.058499
-7.487617
-6.892571
-8.922089
-6.867901
-8.911220
-9.039621
-11.757948
-9.841638
-7.684735
-6.978352
-9.209845
-10.577313
-9.854601
-12.165005
-7.016058
-8.478278
-7.448865
-11.216768
-8.056686
-9.117457
-9.870726
-11.376037
-12.419507
-7.620678
-8.040003
-11.652977
-10.208073
-11.917537
-10.142989
-6.821458
-10.963638
-11.957308
-11.933849
-9.642211
-10.353118
-6.762843
-5.843774
-9.961924
-6.106687
-10.773371
-6.035886
-6.371805
-6.663837
-8.997929
-5.206109
-4.928179
-7.952431
-4.291241
-7.721968
-5.221442
-4.949350
-7.422249
-4.183927
-4.607291
-3.467037
-4.898721
-3.843638
-3.904618
-4.815584
-5.093034
-2.051227
-3.486691
0.598277
-1.626637
0.935482
-0.351923
-2.842344
-2.187320
1.182093
