-1.776922
-0.508967
-0.137120
1.353134
3.782821
2.621368
4.851610
1.821146
5.088957
2.870655
5.922574
4.674447
4.560218
5.386052
3.561861
5.643843
6.214851
3.606396
8.258945
8.298785
7.935195
7.878926
8.322077
5.106581
5.007139
8.909952
7.699821
10.131067
9.070581
9.083811
6.534580
10.181821
11.537147
11.326241
9.907145
10.342251
7.616698
9.800806
6.806939
11.051388
9.469974
9.359081
9.720262
9.402205
8.524097
7.542445
6.974056
10.526678
12.216517
10.953514
10.752560
11.558473
7.751125
8.416242
8.104953
8.216405
9.836599
8.141637
7.396042
7.277326
11.596564
11.262071
10.153633
10.603746
7.195366
11.146088
8.928362
9.696968
6.660475
7.226974
10.612448
8.060712
9.598838
6.462054
9.531339
8.939920
6.709784
5.775385
6.929213
8.305647
6.915818
5.980912
4.544787
5.015771
2.459842
4.039611
1.937770
5.280800
3.451566
5.802637
3.586700
3.451277
0.890327
-0.462482
4.229593
1.664987
2.572460
1.598631
-0.477019
-0.731373
-0.960118
1.846499
-0.601464
-0.572678
-1.485296
-0.330715
-2.491240
-0.999210
-1.877684
-3.612465
-6.291562
-3.583743
-3.176376
-1.732350
-2.557281
-5.967661
-4.801820
-5.752090
-3.951685
-8.317284
-7.880384
-8.421537
-9.028752
-4.453586
-6.612544
-6.316695
-7.244316
-8.833862
-8.241007
-8.236458
-9.787172
-6.733891
-7.129913
-6.200750
-9.509697
-7.198406
-6.827714
-10.815875
-11.301427
-12.509981
-9.569363
-11.784340
-10.211547
-12.144471
-10.318426
-7.172646
-10.886921
-9.297630
-8.339298
-11.845201
-10.852679
-11.202956
-9.308839
-10.689843
-8.015396
-12.221468
-11.874932
-7.647747
-6.953761
-11.405193
-8.516114
-7.775281
-9.062211
-8.903395
-9.437558
-10.976367
-11.482317
-6.187032
-9.899051
-5.667870
-6.104814
-8.270342
-6.127922
-5.485465
-7.526292
-9.248393
-9.284269
-8.332723
-6.595775
-7.131892
-4.751261
-7.229073
-2.304245
-4.011426
-1.812685
-1.748325
-6.099404
-1.553901
-3.154962
-0.210217
-2.843862
-4.720964
-1.241524
-3.361787
0.103789
-1.044150
-2.824762
-2.532323
-1.252042
-1.254428
