2.780747
1.058955
1.456301
0.989213
2.359276
0.121704
1.263994
4.192272
-0.122978
1.143646
0.505698
2.060786
5.860690
1.410556
6.974078
5.800169
3.931356
2.962298
7.708442
4.071231
8.159491
9.324384
8.301539
5.025285
7.233430
8.978335
6.734295
7.157948
6.432449
7.121587
5.772418
6.965098
7.178811
5.811043
10.100856
6.922373
9.223984
6.840599
6.768933
7.559447
7.576133
8.423219
9.929831
9.034345
12.784560
8.357411
12.206465
11.150499
8.879793
9.129490
7.582809
10.438172
7.945712
11.193550
10.563775
11.794755
9.923970
7.842285
11.245053
8.894693
11.610501
8.692808
10.789103
10.638307
7.174930
8.233540
8.630343
9.788325
10.170303
5.210022
8.982572
6.993867
7.025034
8.536983
6.263821
8.795397
5.670156
6.510815
7.506735
3.711268
8.481167
7.164295
6.075062
2.428013
7.206657
3.998480
2.439479
3.930100
3.868574
1.704568
2.830972
1.173991
0.191356
1.655239
3.540618
1.674927
2.441147
2.966395
1.319210
-1.545987
1.709204
-2.877045
-1.230705
1.585945
-1.158810
-3.617018
-3.361827
-0.316938
-2.244920
-0.886930
-4.875871
-6.260205
-5.437479
-7.177923
-3.629475
-2.963420
-7.166373
-5.384012
-8.313652
-6.177140
-4.073889
-7.323141
-7.462230
-5.989054
-5.212871
-4.877711
-10.018145
-7.701040
-8.319840
-7.730832
-8.116602
-10.467081
-6.459021
-7.319915
-7.441361
-8.714900
-10.929602
-10.266376
-12.212950
-6.927602
-11.185903
-7.340851
-10.514888
-9.699954
-12.194517
-7.979233
-12.561136
-11.286778
-10.078095
-9.883573
-11.231020
-12.206004
-12.661673
-9.842591
-12.419915
-11.544565
-6.903558
-6.948591
-8.697010
-8.778453
-8.959965
-9.250836
-7.547224
-10.608663
-10.812262
-10.130046
-11.110875
-11.111770
-5.763672
-9.239692
-6.446470
-7.471810
-7.591679
-6.782308
-6.473221
-8.188592
-7.982567
-7.230919
-6.269983
-7.571087
-6.788226
-7.388225
-6.954761
-7.528488
-4.170591
-5.960841
-2.895994
-3.267933
-3.052083
-4.535426
-1.734741
-5.481944
-0.064902
0.676626
0.859556
-2.923166
1.233421
1.299251
0.683677
2.646997
