1.089267
-1.276083
1.565072
2.989509
2.420586
4.713749
1.508719
2.315919
1.782321
2.763493
1.803453
4.971754
4.721803
2.852691
2.522384
6.091385
5.232232
3.855311
5.636220
7.456599
7.112704
7.780101
7.483033
6.508180
6.711639
7.287575
5.047280
8.741164
6.666719
7.932946
6.269975
8.285954
9.314356
6.424850
11.098480
6.265786
10.005887
8.767719
7.888730
12.269618
8.519433
10.654165
11.270472
6.884104
10.852724
7.898893
8.197662
11.251269
12.694918
9.390741
11.193332
12.340097
10.983793
10.302854
7.922619
9.885286
7.688492
12.499216
9.978495
10.301487
9.973148
7.061497
6.448132
8.847779
8.862252
7.586791
11.527986
9.524890
9.781494
5.922932
5.377989
10.236048
5.200729
4.487943
6.478297
8.917239
7.048069
6.714462
4.540293
3.604587
3.562591
3.388819
5.847252
3.133191
6.437350
6.589745
3.356765
1.513388
1.579341
5.723023
-0.204694
3.798240
-0.463549
1.002010
1.140607
0.164338
3.199551
1.855219
-1.154709
2.148267
-2.537667
0.586359
0.929723
-1.440946
-3.887953
-1.858160
-0.032303
-0.337698
-3.876129
-1.903553
-3.914395
-4.452019
-1.366136
-3.293010
-4.881154
-1.880428
-6.753271
-4.937745
-7.925737
-7.554934
-8.108741
-6.794551
-6.249160
-8.086944
-5.703569
-8.033246
-8.766379
-8.772820
-5.214456
-5.192020
-6.466191
-6.486983
-7.866727
-10.386732
-6.634444
-11.080531
-10.161026
-9.408485
-6.972490
-10.478476
-12.416640
-12.171733
-9.264641
-11.250060
-10.689275
-9.996663
-9.997218
-11.334393
-7.329665
-9.772455
-11.498815
-7.987403
-9.710042
-12.569906
-6.926680
-7.205317
-12.645373
-8.842845
-8.630206
-9.308661
-6.830869
-11.484674
-7.590154
-11.351523
-6.004017
-10.869105
-9.922653
-6.452835
-10.692076
-6.083892
-9.854667
-6.208471
-10.334913
-4.393942
-8.948157
-9.153914
-7.724154
-4.533555
-3.910064
-5.332279
-5.961027
-2.409164
-2.758983
-3.855910
-6.012749
-5.291456
-4.350673
-3.013319
-5.571864
-3.327071
-5.225386
-4.323510
0.172691
-3.100171
1.193439
1.246127
1.626118
-2.097611
2.336798
-0.872213
