-1.304467
2.245919
2.748307
0.624282
4.428500
4.115322
2.156895
1.788461
3.095220
1.166954
3.235645
1.107921
3.266227
3.059934
4.400861
4.049753
7.920473
2.538040
3.743598
7.280973
9.101802
4.570779
5.246094
6.727029
8.755654
6.965107
7.734512
6.341025
9.766161
7.954093
10.418557
6.877301
8.207221
11.476341
8.690549
7.608445
6.351613
12.236923
9.872020
11.947805
7.076884
6.874983
8.200084
10.414828
11.174533
9.097002
12.651047
12.699285
10.011779
10.178329
7.624147
11.252384
9.547134
11.673434
7.646125
8.110717
7.390414
7.850501
8.964000
9.221148
9.275349
9.915179
11.026409
10.071629
8.771658
11.142914
7.934323
7.338596
7.695368
8.494743
5.766096
7.951789
9.936411
5.769490
5.047505
8.438992
9.423026
7.182690
7.818578
6.774510
4.334500
6.594798
3.409245
4.865423
6.604330
3.510488
2.735632
6.585873
5.476343
5.650750
3.689882
0.545824
4.972755
3.800120
-1.093372
3.987732
-1.847384
1.134331
0.312730
2.007111
0.065381
-0.621097
-3.876911
1.270502
-0.628540
-4.780026
-2.028797
-4.414927
-5.649437
-3.801303
-3.371004
-4.026996
-6.629361
-5.961546
-1.869360
-1.829176
-5.842887
-3.151219
-4.775916
-7.548030
-5.350670
-6.810012
-7.551488
-5.996482
-7.324686
-7.563246
-10.193394
-6.926464
-5.800271
-9.158162
-8.006390
-11.242939
-6.922506
-8.393871
-10.425137
-7.728218
-8.227097
-6.518006
-9.697545
-12.415675
-11.859288
-10.456776
-12.075623
-8.903689
-7.903378
-10.009378
-8.693358
-9.506321
-10.611848
-12.350575
-7.936902
-11.795812
-11.969577
-12.772636
-8.501730
-8.013819
-12.238507
-12.046057
-11.180013
-7.627022
-6.691828
-11.413048
-6.388817
-8.152831
-8.657711
-7.782682
-6.745642
-6.567129
-6.653086
-7.248116
-5.436811
-7.408352
-5.696055
-5.657982
-5.250154
-8.174187
-4.097947
-7.028154
-4.173701
-5.862582
-2.958132
-6.802651
-3.205128
-2.150084
-2.368923
-4.418462
-6.470678
-5.061625
-1.404071
-5.960672
-2.386694
-4.256487
-2.993261
0.354451
-2.451231
-3.787855
-1.630749
-1.537388
0.448283
0.431806
