2.923213
-0.101845
-1.035985
-0.373112
0.535024
4.057370
0.672399
-0.115352
1.103776
0.252063
1.061123
5.162769
1.903668
4.667622
6.160033
7.469551
3.752330
2.933147
3.325676
3.008288
8.648356
6.292800
4.553985
9.474928
4.114545
7.736803
8.352716
9.224728
5.081053
6.002745
11.093115
7.200871
9.139556
8.471711
6.045877
10.847715
10.424097
9.072712
9.810682
10.493348
10.017959
9.346891
11.493047
9.165881
11.482940
11.879894
12.000723
9.817784
7.948949
8.962272
10.373054
11.220138
11.725235
10.554114
6.971877
8.378583
9.062023
12.076065
8.672867
11.524622
12.013857
6.719450
8.937741
10.861553
11.767477
11.426579
6.773844
11.144093
11.217920
6.490690
9.268840
8.980571
9.723124
10.230937
6.033929
7.231037
7.406191
3.535105
8.044974
3.188123
5.805240
3.524003
5.780901
6.763468
4.460688
2.981310
4.805807
2.538109
5.232612
0.134036
1.036797
2.044934
3.204981
1.495740
1.697913
3.146472
1.366999
-0.241486
-1.486935
1.565650
-1.625434
-2.056600
-1.188460
-1.170923
-1.756080
-1.129872
-2.311217
0.313986
-4.918150
-5.287438
-1.077599
-6.342031
-5.726519
-7.060169
-6.584826
-3.223456
-2.818420
-3.890149
-5.992813
-3.957590
-4.036826
-6.256985
-8.135803
-6.475648
-5.622889
-6.521000
-6.750776
-7.567386
-8.568853
-9.971687
-10.353316
-9.109449
-7.156550
-7.163382
-10.769639
-6.800809
-7.203906
-6.614598
-11.095004
-11.807819
-12.544618
-8.739648
-10.683899
-10.348469
-10.074204
-11.302719
-12.004133
-12.939144
-7.647111
-9.722303
-11.555431
-7.037180
-9.454135
-12.668069
-7.593341
-7.123397
-9.398562
-7.428276
-8.530468
-12.047474
-8.683908
-8.798382
-9.199181
-6.416325
-8.856475
-11.416801
-5.703881
-8.512640
-6.077566
-10.644042
-5.808173
-6.058616
-6.950521
-8.574883
-9.356238
-4.001009
-4.971922
-6.793536
-6.414361
-5.675052
-4.723871
-3.873046
-6.376089
-5.337200
-2.237515
-2.450890
-3.092262
-6.035487
-1.002039
-5.627338
-5.344963
-3.608208
-3.624488
-2.366285
-3.197754
-1.426243
1.431462
1.217936
-0.061057
1.040987
