-1.495279
0.156236
1.753986
-0.426376
-1.107472
1.907806
4.651370
1.499627
0.042709
1.822507
5.619716
5.750848
2.213395
6.094923
2.518322
3.322167
3.921881
2.861347
3.977846
7.354054
6.413415
9.093147
7.172773
4.300545
7.817872
7.093551
9.816733
5.813567
6.120903
10.287856
9.377791
9.761744
7.173011
9.007668
6.016374
10.943625
8.889083
6.450128
9.484420
8.684242
9.906608
10.230696
11.239690
12.467700
8.621425
10.394521
8.056819
10.555102
9.392074
9.600465
11.926138
9.418086
7.526035
10.404983
7.068125
12.427512
10.345298
8.108486
8.519326
11.565032
10.076778
9.498703
7.983155
10.384382
11.246703
9.690894
8.401817
8.380661
6.562204
5.104059
8.638359
7.023138
9.252044
9.259833
9.093371
9.196291
9.205427
6.661082
8.190294
8.112710
4.176906
5.116330
4.217109
3.442104
6.089665
6.554448
5.455066
1.729750
4.901692
3.709171
1.041186
-0.386807
0.162649
0.990744
2.954493
0.148854
-1.316165
1.096819
0.866200
-1.377729
1.675835
1.481732
-2.284129
-1.579435
-0.731537
-0.325724
-4.205844
-2.046228
-2.631254
-4.980424
-5.728042
-1.687426
-3.291215
-5.730232
-5.881117
-7.592522
-3.393927
-6.655542
-5.953945
-2.897263
-3.208591
-8.742754
-8.929096
-4.777027
-6.060435
-10.171863
-9.978727
-6.074226
-8.923769
-7.702173
-10.886075
-10.359393
-10.003162
-10.487999
-7.342789
-6.784171
-9.308860
-9.502158
-10.472067
-11.284137
-10.106715
-11.676543
-7.374911
-10.353746
-9.079693
-7.097262
-11.947921
-10.282465
-8.250465
-11.587147
-10.748353
-9.327370
-8.611906
-7.378425
-8.811735
-11.226079
-11.341498
-8.898873
-9.019095
-10.403040
-8.047212
-6.778977
-10.283337
-7.287475
-6.101912
-10.954000
-6.761936
-10.942309
-6.121997
-6.399021
-9.900032
-7.821540
-6.516770
-4.896343
-9.451208
-4.113158
-6.833011
-4.986222
-7.875041
-6.725422
-6.982907
-5.855867
-2.419235
-7.593451
-6.786024
-2.327384
-4.948198
-4.563768
-4.679693
-3.296698
-5.659536
-1.378252
-5.073936
-3.440359
-3.462643
1.656205
0.275359
0.892491
-3.107697
-2.419789
