-2.251181
-2.219075
-1.953463
2.866151
0.287163
3.879979
1.279763
3.650222
2.580990
0.960448
1.182479
1.372481
1.231964
6.139286
4.393467
4.874666
3.152065
5.861392
5.165471
5.119951
7.129687
4.925134
9.218834
6.212827
6.360790
9.808639
9.876957
5.531021
5.536570
10.030835
8.885843
10.416255
10.224620
7.519597
7.681258
11.443478
9.599959
11.947323
11.818382
8.260384
7.068194
7.834107
10.959998
10.243867
8.167790
9.742646
10.630135
7.963461
7.757488
10.428204
10.127226
7.917109
7.168431
6.924716
8.399957
10.532349
8.197008
11.644601
9.380920
6.694045
8.923943
9.233731
7.007120
11.659748
8.688885
11.063228
9.439059
8.226102
7.384739
10.642266
5.584158
6.096848
8.148341
4.979909
7.017701
6.567235
7.805237
6.079931
6.527913
5.985320
4.126172
8.290981
3.688275
4.022112
7.327917
2.910159
1.117189
5.701172
5.721143
0.569446
2.212596
3.998807
0.871661
4.463701
1.156158
-1.182252
-0.884537
3.364564
0.316529
-2.186950
1.809107
-3.058885
1.915910
-2.223287
-0.037607
0.486440
-3.299768
-5.152450
-2.974498
-3.200942
-5.094507
-1.342324
-4.885715
-6.150922
-6.865326
-3.527530
-3.264773
-7.458045
-4.555688
-5.304241
-3.541560
-3.436083
-4.324441
-7.751578
-9.599493
-7.384497
-9.272683
-7.236262
-7.667538
-7.077506
-5.457887
-7.469237
-9.134432
-10.962283
-8.093926
-8.814808
-9.402348
-8.568870
-7.808016
-12.116455
-7.486270
-8.463260
-9.949214
-9.604728
-12.679073
-8.165988
-11.469675
-11.946547
-8.074165
-12.826744
-9.904683
-7.861324
-8.190344
-9.418995
-11.486421
-9.023800
-7.242087
-10.888952
-8.280378
-11.732627
-7.489292
-11.448681
-7.619117
-11.242907
-9.976052
-9.569552
-9.139568
-9.472737
-8.198696
-5.560217
-8.345824
-10.447524
-8.372221
-5.131201
-8.692446
-4.123471
-6.438473
-5.121548
-3.434898
-7.550938
-4.530524
-6.833791
-7.625206
-6.287294
-1.894243
-2.404011
-3.528035
-2.320913
-2.905353
-5.821471
-3.324630
-0.095019
0.332297
-1.246798
-1.679444
-4.225831
-1.501556
-3.020271
0.963056
0.991883
