-1.465516
0.865418
0.837594
0.362790
2.750950
0.140844
3.981076
5.409321
2.362822
0.965096
0.605880
6.242149
4.649976
6.923574
4.949187
5.346453
2.597908
7.023487
3.669738
5.784458
7.804118
8.050830
5.736409
5.147245
5.061439
8.191577
8.762573
4.781010
7.911309
5.516083
10.460021
10.452660
7.198151
6.678116
8.248482
9.446939
11.008247
8.008727
9.022331
8.996590
9.337246
12.401138
11.053368
11.776831
12.312789
9.693822
7.486614
9.558713
8.894904
9.728703
12.946066
7.559667
12.432532
8.039553
9.315491
11.733322
10.240535
10.041637
6.773964
11.664516
7.861184
9.046922
8.839441
11.592695
11.283873
10.240696
11.207807
8.907953
9.432350
5.856610
6.365734
4.788178
9.272775
8.492395
7.846008
9.005671
8.644274
7.092675
4.733137
7.024679
4.342904
4.427245
7.119906
7.430568
5.506958
5.461649
3.667492
3.088694
4.804655
5.129502
5.274259
1.694360
3.924581
-0.406763
2.646892
-0.775570
-1.988390
3.365467
-0.084054
2.206612
-3.261759
-1.155310
0.483582
1.142236
-3.382720
-3.503431
-2.426925
-3.372588
-5.214407
-4.650739
-1.955016
-2.268593
-2.631855
-4.372821
-7.445568
-2.081894
-3.675718
-8.356115
-5.723696
-4.434389
-7.726798
-6.570670
-7.032845
-8.118473
-7.038193
-7.203452
-6.243022
-7.803308
-5.077214
-8.879918
-10.590605
-9.802228
-10.061119
-8.228380
-10.851548
-7.345762
-8.469255
-9.192428
-8.761592
-8.828364
-8.988401
-10.416525
-9.129637
-7.339080
-11.221983
-7.021899
-10.651141
-11.811920
-11.608582
-10.770472
-12.639341
-12.520779
-10.459733
-8.703996
-10.478931
-8.092253
-10.037949
-7.104205
-7.814521
-8.149390
-9.705899
-9.454998
-11.170469
-6.143298
-9.409572
-7.129577
-11.415452
-6.609045
-10.843682
-5.932160
-9.982927
-5.778351
-7.664100
-6.429543
-8.181847
-8.400216
-5.009826
-3.597005
-3.981698
-4.476769
-8.114659
-2.596832
-6.226943
-6.094966
-5.580462
-1.454308
-3.074898
-1.508865
-4.402369
-5.265007
-5.071707
-4.084851
-4.229151
-0.326113
0.540491
1.197756
-3.887572
1.131050
-1.054976
-1.963141
