-0.414195
0.205536
1.690649
-0.989336
1.409662
0.151706
3.770809
-0.298897
2.487765
3.578263
0.747053
0.714224
5.660858
5.821426
6.491394
2.311967
4.040662
7.634998
7.417683
7.646864
6.936594
4.975678
8.198553
9.023523
9.859210
6.282263
4.770734
4.863886
8.208537
6.935740
6.961655
6.344532
9.632121
8.372562
9.371745
9.687505
6.747449
9.433466
11.030048
11.129351
9.685212
8.496297
8.653517
7.183947
9.508563
9.798151
8.322926
10.921011
11.042481
8.001337
11.460884
11.794482
7.005012
8.341832
7.157235
9.736010
8.684379
11.776379
8.515325
12.346664
10.719623
7.229920
7.229927
8.273635
6.628773
11.729242
11.555391
9.934517
9.025335
6.199710
7.079369
8.423568
5.781182
9.257506
4.212663
9.832012
7.906060
7.644909
3.312062
4.969502
7.234855
7.995843
5.746227
4.484727
6.572115
4.419668
4.615207
6.237635
2.331067
2.231212
1.289176
4.820180
2.311734
1.050407
4.048551
3.829893
-1.462290
2.723903
1.180099
-0.900354
2.441769
-2.514736
-2.945598
1.337804
0.325615
-0.813521
-3.741499
-5.235826
-3.459481
-0.988105
-5.561085
-2.045368
-6.283375
-3.480799
-2.096950
-3.100314
-4.468877
-8.290946
-7.218420
-4.464208
-4.260088
-9.091507
-6.991010
-9.063260
-8.972737
-5.292640
-6.603169
-10.400087
-8.113199
-7.679349
-5.297830
-8.856549
-6.886328
-6.090278
-11.222654
-6.708781
-6.756424
-8.825878
-10.494297
-8.499311
-9.546257
-9.656535
-6.790117
-7.696475
-12.079694
-8.506695
-7.710892
-7.404114
-7.324820
-11.388839
-9.476241
-7.134724
-10.580647
-9.716342
-7.385833
-10.144090
-11.357494
-7.139501
-8.160721
-12.122715
-7.817115
-7.697048
-9.325725
-10.650630
-11.507332
-8.874230
-10.999974
-7.146262
-6.012380
-7.606942
-10.016536
-10.444952
-4.717113
-7.647349
-7.965804
-5.420501
-4.388813
-8.345904
-3.980818
-3.181570
-8.323777
-7.309308
-6.516312
-2.055905
-5.589010
-5.297636
-4.471761
-1.729357
-6.134160
-5.885942
-1.924119
-1.884939
-1.944698
-1.493231
-2.748067
-3.299284
-3.491823
-3.138530
1.226205
0.913868
