0.688524
-0.808855
3.201842
3.709947
4.010995
0.964069
0.757174
2.237474
0.960260
1.261841
1.793527
6.214839
6.737757
6.067991
6.281615
3.903129
6.395009
8.348226
3.613945
8.621472
5.716982
8.643964
6.326072
6.758790
9.496579
7.917236
6.044453
7.563986
10.631218
10.070396
8.796411
7.042561
8.359794
6.752455
11.868687
9.936616
6.824853
8.944394
6.433272
10.223275
7.879448
9.096184
8.165304
11.608944
9.689017
7.327182
8.071801
9.111501
8.705606
9.451484
12.964557
8.060373
10.914409
8.716072
7.103199
10.249772
7.180025
6.937603
10.217539
8.436867
12.228129
10.210793
8.178890
11.749184
9.294197
6.260100
5.821062
10.630208
7.172465
10.637436
5.079405
5.748307
10.234140
9.815832
5.401351
9.581615
6.557974
5.075259
3.284127
5.166726
8.476428
3.215861
6.195223
4.678930
5.179588
1.338163
6.760881
4.217348
2.223481
2.832182
0.738422
1.218002
1.394463
2.508084
2.804521
0.012022
3.487043
0.151146
1.389067
-0.970265
2.026039
-0.015347
1.737757
1.396913
-2.158783
-1.605861
0.065816
-2.293278
-3.916170
-1.357113
-4.834346
-3.594429
-2.968490
-1.391322
-5.611272
-1.831116
-2.376215
-4.359883
-7.011329
-6.304835
-8.617817
-8.095448
-9.306742
-5.017001
-7.866441
-9.357684
-8.701643
-7.553957
-10.443530
-9.076282
-8.290689
-9.479376
-10.731586
-11.083012
-7.333971
-8.935135
-7.826064
-11.277130
-10.682094
-7.152920
-8.916991
-11.171134
-9.235389
-9.594902
-10.135416
-12.090404
-9.818075
-10.945410
-7.293695
-10.368890
-8.863580
-11.187569
-11.611824
-10.328658
-11.372083
-12.109651
-8.522677
-10.055940
-10.709333
-10.375920
-11.646174
-9.129348
-8.740730
-10.473502
-9.744965
-9.746028
-8.705745
-8.746340
-9.719330
-10.697511
-7.539715
-6.326959
-8.135550
-9.380390
-7.115986
-5.288450
-5.500835
-7.064372
-5.899569
-7.128349
-5.753943
-7.124327
-6.726080
-6.212213
-5.596579
-3.790712
-6.490936
-1.306343
-4.564864
-1.579200
-0.390108
-0.201318
-3.593102
-0.180281
-1.982321
-1.479440
0.024588
-3.626717
-2.433680
2.948376
