1.934449
2.918277
-0.998461
-0.504070
-0.852783
1.908097
2.211499
3.251552
2.494502
2.523488
3.960323
4.788360
5.694675
5.612665
4.455176
2.832631
4.216620
7.919469
7.823185
4.423928
5.305404
5.434566
6.286370
9.186728
7.075407
9.631633
8.697695
9.988481
10.881115
6.204484
5.453620
7.541493
7.534337
10.563589
6.062126
7.359108
9.490524
11.533784
9.793246
9.518465
11.462896
10.328442
9.393723
11.017891
7.149976
9.094092
11.168030
10.947463
11.373572
9.175427
8.793172
10.769532
12.397115
6.995460
10.745473
10.683509
10.862373
10.333461
11.209816
10.162625
6.785473
6.357168
7.791483
7.570097
6.812176
6.713459
9.286872
6.892821
7.077993
10.520913
7.419109
9.145642
6.473394
4.997780
9.739050
4.678646
7.172990
7.912663
6.026336
5.204602
4.463490
8.217443
3.599247
5.458235
6.837697
5.928856
4.116773
5.155453
3.448743
3.117951
4.319893
2.660814
4.952328
1.944740
-0.215500
1.853152
-0.534655
3.140314
-0.455000
1.755758
1.583455
-1.857538
-2.765368
0.963996
1.138978
-2.121887
-0.974225
0.446322
-0.184695
-4.952661
-1.893232
-1.655636
-1.286215
-4.356737
-2.017895
-4.884780
-6.627835
-7.568574
-7.211680
-5.677229
-5.626611
-7.990033
-7.298188
-9.049400
-6.738429
-5.712886
-4.929702
-10.541713
-10.746456
-10.707589
-8.137697
-7.003773
-6.599480
-7.811589
-7.994861
-11.084737
-8.994793
-9.513322
-10.591668
-6.543898
-8.981534
-7.429797
-9.144795
-10.454242
-7.921932
-11.612778
-12.853630
-10.728490
-10.690382
-9.992015
-12.370897
-10.852675
-10.673243
-9.283408
-10.371033
-11.058978
-11.865520
-9.690930
-9.391445
-11.173068
-7.298161
-8.680055
-12.080376
-10.880109
-8.217194
-8.047310
-8.502217
-7.375246
-10.821877
-6.640343
-8.050353
-5.460101
-5.514109
-7.227449
-8.427937
-7.416981
-4.147885
-3.542615
-7.653481
-6.501067
-5.948500
-5.508527
-7.074087
-3.131688
-6.824538
-3.646819
-4.345173
-1.214338
-2.106855
-5.529283
-3.708923
-2.062220
-1.533491
-0.537679
-4.056554
-1.854084
-2.587273
-1.651916
0.733918
1.710016
