-1.232770
-1.201576
2.809187
-1.448256
-0.790696
0.133016
2.897346
4.227131
0.870804
1.464817
3.496660
3.440207
6.255555
2.816800
5.378301
4.221845
6.222204
6.983420
3.085197
6.387901
8.159309
6.289160
3.674256
4.739920
5.810240
9.321630
7.869259
10.635450
5.718186
5.506009
11.021451
7.269082
5.626664
11.292316
10.284480
8.339329
9.167362
11.620914
12.188773
6.531985
10.116433
11.479242
11.621149
10.921343
12.187100
10.502453
11.584284
12.503613
12.565292
8.663294
7.451349
8.840081
8.970935
11.740613
12.874627
9.246020
12.695426
9.193749
11.289360
8.683777
11.907303
9.324795
10.634931
10.372723
7.703239
10.329502
8.913756
9.300382
5.476890
9.851200
8.071846
8.181068
10.373940
9.283049
7.818905
5.428755
4.698587
3.666816
6.224806
3.316131
3.041884
5.412060
2.882010
5.658011
7.056080
2.286241
6.412451
5.292143
3.188188
3.939548
3.721522
5.406568
4.173784
-0.349472
-0.083174
-0.555369
0.658439
-0.972088
-0.639996
-0.336768
-1.342164
-0.161763
-3.841616
-3.312129
-1.456335
-2.915698
-1.626847
-1.939612
-0.324602
-3.303769
-2.526650
-2.848112
-1.839109
-6.663121
-6.150905
-4.484179
-3.837770
-5.592717
-3.639307
-5.674347
-7.799778
-5.836422
-8.580051
-7.937156
-8.659397
-7.921187
-6.989261
-6.211646
-5.693916
-9.285165
-6.882898
-7.730241
-11.475946
-9.224260
-11.593194
-9.511806
-11.942622
-11.011383
-9.291545
-9.555194
-8.293511
-7.553422
-9.268622
-8.172344
-10.293373
-11.941060
-11.672239
-10.274602
-9.854913
-10.604125
-7.013695
-12.369600
-9.992283
-12.844516
-12.712581
-7.566910
-12.723085
-12.093489
-8.647021
-9.063923
-10.108581
-11.520829
-8.894369
-9.341082
-6.760426
-8.250241
-9.451579
-6.036423
-9.182359
-10.216286
-7.925890
-7.067582
-8.397382
-7.323074
-7.238768
-9.694857
-7.749821
-4.673708
-3.603490
-6.285737
-8.310270
-3.367292
-5.578629
-6.501919
-4.748542
-3.840838
-5.208021
-3.347664
-1.924879
-5.670203
-0.944063
-5.315508
-4.897882
-2.885947
-2.946401
-3.242837
-3.249164
-2.663317
-3.168433
1.282371
