1.030497
1.669077
2.678022
2.346505
2.853057
-0.144405
0.053462
1.839884
5.000409
3.867073
2.380230
6.036284
3.079076
1.403620
2.552062
5.868376
2.515961
2.697344
7.102353
5.202701
3.268059
3.925798
5.776167
6.216305
8.469824
7.229545
8.495532
6.542243
10.666905
6.001880
9.624847
8.670076
10.386437
10.302719
9.195926
7.491099
7.390307
11.590412
9.044119
8.444604
6.691090
9.053590
8.401949
11.838455
12.529610
9.427613
11.436997
12.534248
9.678271
11.017997
8.595090
9.051812
8.524619
8.959154
8.960009
12.163353
12.260447
10.732402
10.642260
9.131790
12.251023
6.575087
6.698856
11.943670
10.493049
7.915224
11.203324
8.143141
11.029152
10.880643
6.272467
6.291081
4.612142
10.093811
8.082970
7.511610
3.640427
4.364958
3.390929
7.652162
7.454361
2.830212
3.068567
5.851463
5.929664
5.598051
1.384360
4.362641
3.415045
4.694076
5.768531
0.369051
0.704303
-0.058912
-1.312103
-0.370505
3.266826
-0.007420
1.349498
-1.631380
-0.334208
-2.551131
-1.443562
-0.007503
-0.733569
-4.073579
-4.984815
-4.323083
-4.317723
-3.479141
-0.669907
-5.089998
-6.433489
-2.366687
-4.436560
-3.232093
-5.116626
-3.152580
-5.830980
-6.746769
-5.927302
-8.441875
-5.617374
-6.313880
-5.087652
-4.466643
-8.150177
-6.889955
-8.157813
-5.217742
-7.125319
-5.609100
-10.751481
-9.935551
-10.780230
-11.397292
-10.099163
-10.792443
-6.879530
-12.377098
-12.013047
-12.421563
-12.512542
-9.625762
-11.230660
-12.442078
-9.153662
-7.318890
-9.510836
-9.404053
-11.568801
-10.845740
-8.717652
-9.742300
-11.092725
-8.771825
-10.718479
-10.858142
-11.236170
-12.158575
-8.255065
-9.339422
-11.411111
-8.377369
-9.627050
-10.704209
-10.539401
-7.053612
-6.937188
-5.408081
-9.991935
-5.898239
-8.424731
-5.973107
-9.408623
-5.019991
-5.869058
-8.876945
-7.341153
-6.870015
-4.127924
-3.410022
-4.662993
-7.482191
-6.761867
-3.219407
-1.354202
-4.617468
-4.365972
-0.678232
-3.828574
-3.817745
-0.115734
-2.441460
1.378880
1.197783
-0.397288
-0.348711
0.626362
1.051038
