1.603165
2.554868
1.092665
3.949797
0.785831
-0.474902
-0.574823
3.704166
1.802814
3.769966
2.592592
3.804179
5.135958
5.314199
2.488682
3.995098
6.648985
7.383328
6.143310
3.893554
7.633072
7.693744
6.614318
7.415242
4.261213
7.632777
9.703953
4.986717
9.479257
8.391121
5.946189
6.979581
8.474527
6.060953
11.798429
11.622827
6.709882
10.378226
8.077869
12.000386
11.082973
9.542482
8.916509
7.708816
8.706040
12.478553
9.336788
12.977186
7.658466
7.128680
10.090530
9.838436
7.392877
10.537697
10.252379
9.270119
7.332778
9.989922
10.055917
7.408811
7.380639
11.121973
10.235770
7.272606
9.483393
9.658025
11.601070
10.602332
6.572612
7.762504
7.693052
7.129743
5.394438
9.737577
7.401848
7.710035
3.933399
5.626102
4.231307
4.211095
5.174894
4.886842
6.880661
3.022969
5.006444
4.435322
5.906469
5.521514
5.373197
3.827626
5.287659
0.577789
-0.232728
1.945174
3.162924
3.873591
-0.674023
1.603897
-0.289231
2.815462
-0.517241
-0.517325
0.042806
-3.905678
-2.291592
-0.765627
-0.244742
0.321830
-0.410678
-4.298998
-3.657006
-1.057760
-1.407765
-2.091301
-6.945841
-7.789314
-4.887957
-3.383896
-2.951164
-4.204098
-8.977060
-8.100884
-4.605939
-4.178160
-9.080252
-8.908720
-9.590610
-9.521919
-7.581325
-10.808803
-7.679923
-6.921401
-9.992129
-7.714856
-6.057027
-9.983432
-6.285353
-8.143593
-9.426709
-9.494792
-11.147444
-9.346537
-7.896061
-12.803125
-7.231344
-7.644022
-10.138347
-11.172573
-7.062949
-9.699699
-9.254453
-9.126192
-9.146430
-8.846678
-9.321684
-12.698206
-7.761569
-9.211040
-10.348488
-10.163194
-9.255303
-10.718081
-8.223110
-6.330646
-9.173502
-7.784562
-6.147921
-6.915182
-9.176934
-7.305648
-6.805268
-8.683517
-5.728378
-5.721478
-6.293788
-9.262889
-6.196208
-6.048763
-5.015413
-6.653448
-6.016031
-4.398538
-3.813702
-4.012562
-3.995946
-4.152835
-1.336824
-1.587069
-1.419959
-4.015064
-1.888332
-5.222026
-0.849555
-3.778091
1.363844
-0.903318
1.235524
2.263568
1.166879
-1.302678
