-2.624146
-1.192319
0.097479
-1.688898
4.402365
1.992928
2.154001
3.944715
3.710781
5.870515
3.029300
5.615440
2.924885
2.399971
3.450613
2.614685
5.874001
4.394716
2.712020
8.333600
4.733127
8.499596
4.826635
5.963838
8.173482
8.857907
7.515090
8.339071
9.459869
7.605095
7.606429
5.527782
6.647867
6.719102
7.939136
7.645616
7.654810
9.060692
8.302569
11.122478
9.982251
6.936092
6.971999
8.447309
8.251527
10.488881
11.582846
7.053913
12.954161
9.015278
8.976954
7.495708
7.670409
7.279643
11.693952
12.468729
9.885775
10.220716
7.161137
12.120818
6.791234
11.377957
6.691035
6.199823
7.958040
6.100465
8.135994
11.174137
9.361745
7.374590
7.219041
6.877775
5.275481
7.789661
5.320103
5.680415
8.081294
4.495880
8.846208
7.896823
4.874752
7.386566
6.570212
4.629769
7.262888
4.096636
5.428026
4.217081
5.183290
3.221959
0.935527
1.941273
3.414730
3.162059
3.178866
-0.029335
0.863246
3.437206
-2.036535
-2.567278
0.001321
-0.562014
-1.867103
-3.733620
-0.636407
-0.399199
-1.858341
-1.378222
-1.571078
-5.084820
-4.334607
-3.733978
-1.011608
-2.383799
-3.242029
-5.889779
-7.530483
-5.789505
-5.740610
-5.924681
-6.449729
-7.848994
-6.809590
-6.571159
-5.603429
-4.938320
-6.438285
-4.729417
-8.457276
-9.385919
-6.515558
-6.219142
-8.241310
-11.232435
-11.859529
-6.997500
-9.468500
-8.545440
-10.762515
-7.267385
-8.027316
-9.582083
-9.430133
-8.493865
-7.603845
-9.321612
-7.015673
-10.806099
-12.263525
-12.698296
-11.311401
-8.101618
-12.685986
-8.669866
-11.050184
-12.744084
-7.544477
-6.842832
-12.285260
-7.573654
-7.735237
-10.314063
-10.149685
-10.473501
-8.567337
-6.647520
-7.993735
-10.299603
-10.187514
-10.599588
-10.321253
-7.655622
-9.607791
-5.178483
-4.129502
-5.978574
-3.892004
-3.542113
-6.122628
-8.386588
-5.023523
-5.712062
-2.533957
-2.522723
-4.521063
-4.601163
-1.051975
-3.186170
-0.613685
-4.482785
-3.689330
-4.681340
-2.946570
0.018625
-0.489974
-1.438248
-0.859279
0.792703
-0.583888
-0.832547
