0.505085
1.137915
-0.255320
-0.087369
3.528526
3.437114
0.420959
3.593915
3.708130
4.005868
5.766176
1.452795
2.900554
3.252729
3.335028
4.847238
6.422187
3.896380
5.774516
4.089328
5.812700
6.162000
6.858632
5.574483
5.356829
8.476682
8.228974
6.118882
5.304329
6.299122
7.149963
6.874124
10.814404
7.234496
10.816958
6.628160
9.013275
11.184576
10.339636
9.023583
7.156853
10.553492
9.842864
7.814146
12.264619
10.535278
9.547350
8.231627
9.613872
10.286084
12.571670
11.759913
9.796222
9.715680
12.843277
8.526395
7.215923
10.271297
11.110068
8.141348
10.736540
10.011505
7.292558
9.416584
7.104839
8.871563
5.864002
8.965711
6.930647
9.947161
9.701897
6.033859
6.015801
6.318647
8.653823
5.953081
6.602963
8.142928
6.825828
3.778584
5.633392
7.114909
5.248870
5.912097
4.542225
1.388765
3.321496
4.936034
3.326810
2.385567
1.948351
5.148546
4.189985
4.656815
-0.655177
-0.332682
-0.041211
0.347285
1.600309
-1.654035
-2.239992
-2.062927
1.796696
-1.999969
-0.569839
-0.202942
0.337912
-1.364506
-0.403634
-3.263197
-3.957388
-1.154662
-2.399714
-6.812017
-2.698948
-4.137686
-6.084783
-4.334021
-7.389356
-3.630641
-5.275737
-4.899768
-3.908416
-5.512093
-8.421807
-9.052584
-7.614036
-7.528845
-5.776342
-10.461740
-6.299711
-8.115364
-10.488790
-8.939344
-11.540779
-7.999556
-9.507011
-9.961192
-8.281159
-12.294116
-11.176020
-11.380794
-9.923301
-8.069209
-10.742895
-10.217113
-8.196785
-11.757063
-8.948766
-11.572941
-12.747005
-7.531631
-7.252159
-9.093441
-11.232660
-10.018577
-11.581150
-11.120966
-8.046364
-8.875926
-10.695696
-9.514085
-8.927587
-8.080979
-8.241734
-11.316654
-7.305897
-8.984660
-8.322674
-9.032916
-7.043469
-7.571633
-6.630998
-8.908682
-4.317705
-8.088970
-5.985153
-4.090412
-6.705244
-6.210206
-4.934792
-5.373392
-7.301174
-3.065482
-4.910961
-6.282147
-4.077852
-5.189601
-4.151111
-4.035122
-0.454496
-2.037784
-2.001385
-0.665041
0.439247
0.069180
-1.030898
-1.216527
-1.639329
0.757856
