-0.164709
1.938204
-0.168948
0.771540
-0.712231
1.858617
2.173952
1.028208
3.440873
3.375456
6.124421
2.647516
6.412583
5.426587
3.302831
6.287847
5.787286
7.912060
8.279084
7.814386
4.463297
4.890151
4.265671
9.468526
5.291278
10.018747
5.194943
5.635055
6.059586
6.501121
9.815067
10.616310
10.637184
11.046835
7.967323
8.769640
7.940542
6.378920
6.949772
9.142882
10.079990
10.763713
9.991114
7.124577
11.002343
11.471824
7.426027
11.675728
8.376629
7.439625
12.798843
10.912500
8.650603
11.372725
9.322294
11.590812
9.073627
10.602950
11.918042
9.358594
8.233418
8.733132
11.380021
11.679720
7.144268
6.050206
9.799605
7.398943
10.423801
5.711293
5.346806
8.519568
5.431353
9.992947
6.458238
4.064435
4.864778
9.163520
7.363507
3.399942
5.398991
2.940007
6.084224
7.734177
2.242375
4.489930
4.763577
5.331803
3.059795
1.251519
3.872887
4.221443
4.239691
2.905163
0.714053
3.037958
-0.360025
3.408819
3.268780
-1.839583
-3.208942
-1.445701
-3.562639
-2.224225
-4.150114
-1.806208
-2.657542
-2.524290
-0.908892
-3.709261
-4.577811
-5.676755
-2.712320
-6.248794
-6.968145
-7.346079
-2.362343
-7.841635
-7.386432
-7.217571
-8.931645
-4.424769
-4.515396
-6.701730
-10.022964
-4.529226
-4.983708
-8.711794
-6.590307
-7.461695
-10.071887
-8.992332
-6.033770
-8.875618
-10.480559
-10.524394
-9.374318
-8.473526
-9.247383
-6.960552
-8.146337
-8.193754
-12.747932
-12.489482
-7.613670
-9.291513
-9.668622
-12.184325
-7.652922
-7.160810
-8.520745
-11.507669
-9.626227
-11.673298
-8.853699
-8.690670
-7.750929
-10.615154
-7.331500
-12.307568
-12.316118
-7.235786
-9.793394
-9.584830
-6.569587
-10.734188
-7.446222
-10.395059
-9.332006
-10.504280
-7.184818
-8.395512
-10.445036
-5.349828
-7.942737
-7.198112
-7.271025
-7.868556
-4.457630
-4.459887
-6.830483
-3.265724
-6.799174
-2.241307
-4.582456
-3.589134
-5.907118
-1.670664
-2.903905
-1.102872
-1.426757
-5.159835
-1.989728
-0.321357
-0.686903
0.471082
0.014991
1.266805
1.137710
1.801920
