0.731514
-0.346649
2.453085
0.475591
-1.010898
3.857192
2.295918
4.969457
0.867090
2.753246
1.875338
0.711170
3.416925
6.950472
4.599126
5.651868
2.768047
3.429866
8.471883
8.680940
7.150205
7.511407
6.989141
4.567862
8.361305
7.306602
6.051189
10.335767
8.920268
10.718476
5.436334
8.644117
7.553712
9.804597
5.996987
7.375213
7.387331
7.921628
11.368745
11.170704
8.203847
7.655092
8.001491
12.740457
7.847846
8.842675
8.362914
12.480519
10.966007
7.800546
9.402577
11.473764
10.817055
7.548156
10.117782
10.343354
11.539198
12.238822
7.060308
6.709103
7.054051
10.463921
8.247772
10.592618
9.512643
9.678182
5.638135
5.601476
7.066210
9.721228
8.069346
6.497907
7.499348
8.454847
4.498579
5.121291
6.194623
9.298484
5.917952
4.598978
3.978634
4.720429
5.577017
6.485220
4.973688
1.957421
2.851930
5.101009
2.485952
0.159091
4.914585
4.283129
5.053077
0.321302
0.998725
4.211028
-1.502701
-0.380491
0.465041
-0.366990
2.216972
-1.972439
-0.839794
0.363854
1.159461
0.100893
0.264087
0.088678
-4.061426
-1.101581
-5.849437
-2.577561
-2.926052
-2.302030
-1.887901
-2.528352
-2.364816
-5.494557
-5.032260
-5.911204
-8.881278
-6.462499
-6.006671
-8.720986
-7.976388
-8.084166
-8.658485
-7.729719
-7.818500
-9.466362
-5.660573
-6.311356
-9.971770
-9.024338
-6.750718
-8.192672
-6.779901
-7.369551
-9.779659
-9.270188
-11.963935
-6.816058
-11.477682
-7.869158
-8.150188
-11.769229
-7.930453
-9.340586
-10.064772
-9.886459
-10.527940
-7.979498
-8.604052
-12.418454
-12.214711
-9.602311
-12.220014
-12.134241
-11.294022
-6.715596
-7.539229
-12.087522
-9.138093
-10.935209
-10.708705
-5.764672
-10.413158
-7.309072
-10.754374
-8.188231
-8.525465
-6.072895
-8.516818
-5.001070
-10.035848
-9.295522
-7.390463
-8.404288
-8.834340
-6.208798
-2.986700
-7.678426
-2.930952
-3.895333
-2.944339
-1.415386
-5.461216
-3.207768
-2.624137
-2.725861
-4.812976
0.409987
0.426509
-2.169198
-2.101559
-3.443037
-1.756105
-0.601137
-1.443466
-1.991099
