2.084269
0.830557
2.260274
2.400616
-0.067631
-0.355253
3.159820
5.306416
3.123363
1.398481
2.982032
1.266044
1.052821
5.331072
2.387987
3.441596
3.259147
3.780239
8.225303
7.144264
7.406136
5.569847
3.780698
4.817012
5.803271
8.680912
8.019815
6.762923
7.141213
11.054716
6.603425
5.791911
6.156834
6.828921
9.767373
6.930348
6.843032
7.477468
7.083148
11.350541
7.775773
7.461569
8.937281
8.717033
10.023721
9.393432
8.853289
8.628417
8.133925
9.630988
10.379245
9.986928
10.057594
8.851024
7.048218
11.783405
8.476295
7.465753
11.498429
9.040023
11.998509
7.819112
12.137713
6.525584
8.347530
9.287891
8.187342
8.999170
7.938002
7.304472
9.035068
7.734943
4.792281
6.551354
8.803291
5.358202
5.712987
5.028063
8.740645
8.076988
4.057341
3.280090
3.219011
5.818438
5.013049
2.180378
4.860789
3.832992
5.277456
3.904897
4.887168
1.054379
1.946398
4.323110
-1.331831
3.767813
2.624350
-1.749553
3.280879
-1.428089
-1.055685
-0.725626
-1.031507
-3.387908
-1.477466
-2.680334
0.683628
-0.136353
-1.357756
-4.314608
-1.014972
-5.474062
-0.981393
-7.118791
-5.005560
-5.374931
-6.177124
-3.600109
-3.604184
-3.222642
-8.132872
-8.432737
-8.725598
-9.284227
-6.124093
-6.971002
-7.167303
-8.565994
-7.440909
-8.737168
-10.543798
-9.491495
-7.360721
-6.183500
-8.294297
-7.358934
-9.840296
-12.221297
-8.044298
-8.275002
-9.830689
-11.923221
-8.448283
-8.751950
-10.064683
-7.906223
-12.466072
-8.265803
-9.604718
-12.421697
-11.853896
-8.090323
-11.037559
-12.413986
-9.611504
-9.234958
-7.900959
-8.439966
-10.575070
-7.067727
-9.081543
-6.568586
-9.763797
-11.531581
-8.878751
-9.604993
-7.631840
-5.446778
-6.720207
-8.858194
-5.660387
-5.909387
-5.994842
-6.673701
-7.632802
-5.355856
-5.445297
-3.827813
-5.691390
-5.904671
-5.244711
-3.847823
-6.929099
-6.484785
-6.318037
-2.465351
-6.934936
-3.707748
-0.474769
-1.904312
-3.586587
-2.924659
-4.060447
-0.233103
-1.288074
0.262637
-3.018804
1.758119
-2.530184
0.074423
