-0.988648
2.269546
-1.078012
3.045984
-1.392604
1.573815
0.786811
4.719312
3.104036
0.629803
4.536624
4.497315
2.304816
2.683620
2.539652
2.498719
7.684712
7.144837
5.590008
8.283062
8.899707
7.719148
6.926519
6.175980
6.737264
7.521111
8.408319
7.812128
10.766921
8.061769
6.646115
10.306626
7.810970
10.401011
10.601699
7.879581
11.555943
6.781364
8.596689
11.806353
11.026580
8.892245
7.883719
9.706589
10.134737
8.317208
11.125782
11.396215
8.462129
9.386635
9.401638
11.638980
7.870323
7.792763
11.360622
11.973337
10.780606
12.192386
6.986596
9.079628
7.013881
10.886003
6.707081
9.737912
9.372533
7.131804
10.392559
9.701594
10.991610
9.675270
7.678014
9.165663
5.519677
8.203250
9.933333
8.360512
7.258572
4.624485
4.198268
3.322698
5.969385
4.468428
6.909055
1.934887
3.493901
5.056186
1.622362
3.431796
3.115811
4.148347
0.406497
-0.297159
4.841036
1.921274
3.018726
2.218076
1.273703
2.322117
0.168271
-2.068453
1.211612
-2.939880
-3.839765
-0.823345
-0.363126
-3.139429
-2.971972
-4.365655
-4.080028
-5.227890
-5.676953
-3.272654
-6.291134
-2.457087
-1.581332
-6.437813
-7.462695
-3.531867
-5.750366
-3.761981
-5.453727
-7.279090
-7.023583
-9.499253
-9.857616
-7.941590
-9.772373
-9.521279
-9.855362
-9.471996
-9.661019
-6.765506
-7.655272
-11.383485
-7.294182
-8.819084
-6.282358
-8.507238
-9.963985
-10.365223
-7.988606
-8.716799
-7.547573
-6.943315
-12.727815
-12.342730
-11.859634
-12.870157
-11.003309
-12.719494
-12.892183
-8.033723
-12.041021
-7.942331
-9.967834
-8.860094
-7.303045
-7.578511
-11.573310
-10.092561
-11.072599
-8.954953
-9.130696
-8.311692
-8.396516
-6.385719
-7.700470
-10.173584
-7.735260
-6.007736
-9.411660
-7.188686
-7.809147
-4.923811
-5.208721
-4.151571
-4.999468
-7.917620
-7.901905
-6.133729
-8.240313
-7.967145
-3.135902
-5.658357
-5.362044
-2.018505
-2.238680
-5.351980
-1.592582
-4.592825
-0.306396
-3.038663
-2.165173
-0.773432
1.193735
-2.051396
-3.312463
-2.174675
-1.317183
1.240452
