-0.565473
1.651742
-0.652722
1.536037
-1.014648
-0.086769
0.147953
3.555026
5.700179
2.883581
5.057981
4.073587
5.777774
6.769634
3.379162
7.230623
5.456004
7.980471
2.667116
6.977776
3.485246
7.357317
9.483886
6.850297
6.456056
4.334156
9.620549
5.095485
8.736394
10.286626
6.305132
8.587870
9.028958
7.651364
9.339248
7.674881
11.340609
10.277304
6.660563
11.577247
10.841406
10.814262
6.841247
8.167297
11.558896
12.742590
10.799396
7.254222
12.021594
12.795736
9.768495
11.201338
9.353557
8.015473
7.178845
10.989697
8.309913
12.321830
8.045325
11.303244
8.361889
12.133081
8.582382
8.060670
10.806943
6.036221
10.868979
7.859333
6.353146
5.534100
8.361062
5.431130
9.708153
8.829413
7.761223
7.155590
4.070208
8.743642
6.643601
3.680124
2.642978
2.861255
6.761881
5.843110
2.979120
7.081309
1.858348
5.023185
4.426545
5.085609
5.640523
-0.145251
2.313574
3.068189
3.384740
0.067759
3.609708
1.097799
2.596112
-0.471425
0.971699
-3.454919
-0.766305
-2.114884
-0.116123
-0.808446
-1.251927
-3.895835
-0.908477
-5.292913
-6.006836
-1.925094
-4.125310
-3.637975
-5.495672
-3.842143
-2.566438
-2.568084
-3.749449
-3.792098
-4.416712
-5.459365
-4.418346
-4.847779
-6.510369
-4.539347
-8.375542
-7.080705
-7.110837
-7.085457
-6.761306
-10.280708
-11.523566
-7.263656
-9.083029
-10.321088
-12.096001
-10.107433
-8.965494
-8.520994
-10.642212
-8.891927
-8.027853
-10.349730
-7.923308
-10.818548
-10.567415
-12.134084
-10.313349
-10.062079
-10.544335
-12.925220
-9.025304
-11.901132
-8.453487
-7.308259
-12.034085
-7.073730
-6.856254
-9.353226
-8.785630
-10.812450
-7.323721
-8.048369
-10.335592
-8.045313
-6.338262
-8.649157
-9.771154
-7.258259
-8.754364
-9.804525
-10.090862
-4.504366
-9.931831
-7.749381
-8.140083
-5.962992
-7.016405
-5.966052
-5.649040
-4.318424
-6.096350
-3.842757
-2.259733
-6.611037
-2.249953
-3.167116
-6.287074
-0.899543
-2.542083
0.392917
-2.294886
-4.823944
-4.549934
-3.420052
-3.030869
-0.843586
-2.413631
-0.460308
