-1.660965
0.086724
2.754693
2.223282
2.446230
2.277550
0.163237
0.116465
2.331426
2.840133
3.827777
6.057946
4.499029
6.052315
4.022148
4.496716
2.292939
3.000945
7.197585
5.229919
8.325410
5.796451
9.467738
5.815074
5.857359
4.385370
5.719182
7.414776
7.834890
9.613826
7.208344
10.305529
7.124660
6.246151
10.359120
9.219803
11.463594
11.530344
11.790164
11.189622
11.581279
7.442216
8.332813
12.284867
8.955508
11.990607
9.816131
7.091754
12.469070
12.305163
9.112257
10.686681
11.848795
7.040053
9.680297
8.345755
8.464330
10.005059
6.961213
8.343651
7.319737
9.049701
10.301967
7.881236
7.801751
10.151110
7.567917
11.005072
8.214536
8.298171
6.679155
10.268983
7.032636
5.110333
9.204747
6.858177
7.928918
9.333782
5.158653
8.316440
3.039218
6.120519
5.715386
2.796446
7.147458
4.355503
2.478242
3.193611
0.760107
3.097668
2.152356
-0.113307
1.946015
0.564406
2.440097
1.195568
1.159553
0.103602
1.635695
-1.782220
1.014190
-1.875092
-2.646904
-3.436072
-1.987107
-0.976608
-1.778405
-3.022691
-2.915832
-4.339490
-0.432815
-5.805301
-3.463870
-1.379930
-1.926312
-2.377294
-4.080524
-5.869588
-3.292142
-6.275951
-4.268164
-5.566473
-7.274265
-5.038468
-8.076982
-7.585259
-5.545712
-7.337846
-8.199855
-6.708444
-7.095297
-7.882487
-10.927055
-8.504326
-6.752636
-8.170398
-7.537663
-6.779012
-10.580006
-11.063867
-7.378563
-11.321648
-12.436573
-11.654104
-12.773947
-8.387904
-8.374193
-9.242880
-7.476559
-11.765707
-12.862567
-12.013849
-10.358568
-11.585363
-11.084187
-9.128192
-7.036770
-10.156583
-9.057370
-11.406692
-6.714047
-10.764612
-8.410172
-6.065436
-9.004957
-9.245882
-5.750598
-9.654159
-9.489917
-6.635296
-5.487433
-5.503503
-5.026554
-10.074890
-8.443926
-8.664427
-5.128821
-8.706479
-8.597003
-7.301060
-6.993936
-4.759356
-7.859641
-4.979941
-4.401588
-5.533240
-1.715235
-4.385890
-2.916403
-4.231346
-5.388076
-1.543950
-3.358015
0.102397
-1.385545
1.572016
-2.546500
-1.625245
1.924384
-0.370030
