2.981819
1.655215
0.718264
-0.818917
-0.970583
1.618402
1.580819
4.852086
3.034107
1.632617
3.385677
2.058176
1.972893
3.162823
5.160730
4.648255
6.745747
7.285074
4.307731
6.822816
3.861318
7.917882
3.745268
6.616591
5.562081
8.622559
9.608836
5.085000
8.907827
9.147447
5.493445
8.181406
6.335331
8.461077
11.325251
6.148241
11.647148
8.149574
11.514573
6.914541
8.068739
8.762647
9.434334
7.580854
10.015887
11.986529
10.984164
12.549990
9.674840
8.130566
9.448680
7.638530
7.778335
7.600274
11.653839
12.354801
9.398992
8.806428
11.111652
9.399064
9.809971
7.418230
8.613774
8.275741
6.502630
11.337593
10.124350
5.984381
7.341652
6.675776
7.779737
7.667296
10.025667
5.277814
9.104600
8.445740
6.842983
4.238785
6.736840
8.282427
4.014082
5.975898
6.246054
2.011298
3.478885
4.833068
4.310605
2.238843
1.852208
2.077354
5.090685
2.251654
-0.529824
2.632635
4.178855
2.048469
2.223974
-2.159133
0.062860
-1.264940
2.477443
-1.117977
-3.663619
-0.536105
-1.785664
-3.515256
0.546207
-1.856292
-0.837395
-5.188094
-2.820518
-2.144841
-6.232002
-1.329643
-7.128602
-6.623621
-6.718526
-6.454728
-5.565625
-6.562810
-3.412579
-7.381546
-5.625172
-5.008764
-9.604913
-9.816104
-10.154484
-8.479045
-7.133744
-6.090810
-8.969336
-8.379080
-9.959968
-9.399879
-7.144638
-11.446661
-11.248636
-11.979523
-9.758984
-6.598158
-12.011397
-7.781505
-8.988775
-9.883381
-10.099375
-9.689279
-10.770278
-8.882186
-7.389001
-10.056650
-9.525737
-11.216981
-9.055920
-7.556046
-8.134642
-12.754609
-8.949286
-12.317518
-10.133193
-6.904548
-12.195893
-7.622113
-8.003486
-12.046925
-8.985354
-10.291485
-8.005281
-7.622171
-7.138729
-8.906929
-7.024087
-7.198187
-10.456958
-9.663487
-5.005492
-8.941148
-8.931142
-6.256517
-6.630084
-4.749317
-4.350868
-2.578120
-5.648474
-4.638460
-3.293751
-1.930867
-0.983914
-4.120304
-4.365496
-5.015641
-3.523082
-1.199888
-1.453549
-3.074986
-0.460279
-2.694941
-3.678583
-2.303648
0.367773
-1.447630
