1.257628
-0.906580
0.803288
0.845958
-0.849620
3.511987
3.428715
5.233239
5.386292
2.835550
2.613663
1.747782
5.687596
6.394395
2.952176
2.809862
4.709429
7.452736
7.754428
6.675450
4.002618
8.261322
4.421502
7.476601
4.680315
7.968719
8.824708
8.473782
7.878305
10.503188
9.077929
10.325601
11.441899
10.660636
6.973935
6.993996
12.022876
6.670865
12.105153
10.038378
9.201345
7.135088
8.726144
8.910782
8.029977
12.191599
11.529212
7.834907
12.102190
9.451260
11.746007
8.423979
8.441083
8.626684
9.027445
10.258513
7.432145
9.767044
7.640192
10.425770
6.900223
10.955343
6.920427
12.037659
9.013404
11.558782
11.132266
8.959958
9.753407
7.893167
8.702794
5.374744
8.623590
5.366847
8.447246
5.628020
7.029285
5.502474
3.453417
4.546727
7.870623
3.197758
5.796599
7.255885
5.121468
6.812405
1.051849
1.334634
5.077534
4.635153
1.684533
2.878331
-0.321627
-0.513255
-0.878804
1.519592
3.020266
1.162327
3.311525
-0.299885
-1.024037
2.091818
1.374383
1.504803
-3.511823
1.098656
0.454415
-4.495094
-3.652588
-2.028552
-0.442330
-3.054479
-4.153126
-2.842858
-2.371041
-4.095576
-7.826702
-5.665592
-4.215022
-4.800142
-6.700472
-8.924138
-5.794632
-8.833279
-6.917706
-10.272185
-7.536718
-6.909064
-8.590457
-5.951800
-11.182365
-9.284390
-8.548762
-5.813376
-7.013177
-10.900193
-10.422199
-11.843212
-10.394105
-8.367324
-9.721887
-9.719564
-9.631383
-12.506467
-11.957997
-10.700402
-7.851115
-10.492606
-10.309609
-9.230877
-11.801209
-12.465663
-11.340265
-9.346552
-8.344649
-10.707137
-7.555872
-11.624598
-12.032375
-10.305847
-7.389819
-9.077450
-11.677581
-7.899655
-7.447629
-11.172616
-6.513601
-6.697837
-7.184874
-8.901748
-8.288800
-4.815459
-9.466081
-8.552687
-4.395215
-8.393471
-9.409566
-5.109098
-7.260441
-6.834368
-6.474054
-4.264323
-5.129641
-3.887540
-4.073674
-6.853576
-2.146695
-4.159680
-4.034827
-5.482057
-3.706206
-4.089804
-0.349775
-3.419469
-1.097419
-3.877193
-2.027314
-1.284805
1.134562
0.374334
