2.738050
3.273590
2.756205
-0.294397
4.418285
0.777203
4.058184
3.671453
1.406629
3.627658
5.385662
2.863937
5.230244
3.287502
1.819358
6.398857
6.521350
8.004467
3.938428
4.890901
5.547562
7.021990
4.493377
6.197031
5.358703
7.327076
7.089147
9.549774
7.753251
10.604398
7.551393
8.305960
11.552370
6.787579
8.908737
10.494217
10.806766
8.671868
11.097865
8.602350
7.168544
8.699320
7.297322
9.456819
8.302400
10.546245
12.427785
11.389829
9.613469
9.004651
8.048804
9.428936
8.017315
7.387476
11.213581
8.943638
12.561844
9.842986
7.473231
7.285281
6.639884
11.573386
7.491985
9.021289
6.545632
9.204955
10.175859
6.354187
5.323719
6.235211
10.036048
6.397916
10.500621
8.534527
6.656135
4.342385
5.022390
3.976507
3.243961
6.075155
6.674093
4.726069
6.655928
1.821522
6.173298
5.576431
5.155190
3.451230
3.231388
1.871908
2.625450
4.334964
-0.142331
0.699996
2.449757
-0.703062
-1.877761
1.421007
-0.812798
0.820251
0.557137
-0.802198
-2.369488
-3.066255
-0.634602
-4.279530
-1.960381
0.462708
-0.606335
-4.018781
-4.273543
-6.081549
-5.752603
-3.662602
-2.406971
-4.429010
-4.290051
-3.998093
-3.208114
-4.499184
-3.179548
-5.616238
-4.037527
-9.165017
-8.211275
-4.533553
-9.457532
-8.487842
-8.828703
-10.884347
-5.379436
-8.310322
-11.141629
-6.756914
-8.437137
-8.541916
-10.798255
-9.582718
-11.087324
-9.383111
-7.374516
-11.910389
-7.295503
-10.854806
-7.998336
-11.281007
-12.418652
-8.455469
-7.423850
-10.535476
-11.791231
-8.401830
-12.676080
-8.292897
-10.421706
-7.463215
-10.757379
-11.146164
-11.026952
-10.178543
-9.427809
-10.484301
-10.330706
-11.874604
-10.342134
-11.124544
-11.158075
-7.542815
-10.561476
-7.792366
-8.640843
-5.394654
-7.859869
-7.984760
-6.044582
-5.367698
-6.641509
-7.861751
-5.048253
-6.113356
-3.694328
-3.820174
-2.214263
-5.895709
-4.499356
-3.171112
-5.790290
-0.758668
-5.079669
-4.572596
0.073721
-4.577252
0.184786
-1.385991
-1.654501
-3.143320
-1.163398
1.657481
-1.309173
-1.514812
