2.467111
2.738460
3.116886
2.494997
2.844255
1.976053
3.538463
3.609215
2.410958
5.772008
6.184163
3.953462
2.620357
5.232103
5.921901
2.293363
6.038878
3.533454
4.541010
8.627285
4.955492
8.834683
7.624879
5.814957
9.086454
5.270818
7.613063
5.610830
9.232583
6.806762
10.825957
11.440863
7.269123
10.037728
11.118725
7.534947
6.383388
12.006148
11.596546
11.421137
9.317250
12.586075
8.964946
12.717564
7.617527
9.186774
12.678859
10.657766
11.546993
8.202538
9.527491
10.343065
10.422093
12.706205
8.319719
11.362431
10.840114
9.831306
7.609951
12.461332
7.826926
11.280347
6.304673
11.320316
9.352684
7.007393
7.329327
6.606022
9.387381
10.791727
7.311511
8.896114
10.429887
7.788576
5.468242
9.391921
5.830800
9.294980
4.298678
8.767222
8.071548
2.589460
6.770745
3.325031
5.493816
3.380705
2.961234
1.364130
2.053331
2.354178
1.636973
-0.286752
3.937665
0.693203
0.989806
-0.680490
3.906609
1.054504
0.987396
-0.478127
0.463573
0.809120
1.016382
-3.532215
0.359040
-3.701714
-4.469714
-4.226211
-4.518090
-3.272715
-0.881327
-3.024774
-3.651319
-6.962311
-4.058799
-7.730219
-5.246999
-5.875642
-3.556821
-3.031562
-7.177055
-4.645155
-7.177213
-8.268411
-9.168109
-5.684898
-10.470515
-8.392050
-8.890664
-8.088334
-5.292556
-11.151101
-9.714547
-6.856903
-8.060916
-9.833083
-6.859493
-8.145535
-11.105218
-10.581053
-10.333295
-11.189094
-10.129690
-8.004779
-9.414242
-10.446962
-9.478727
-7.974527
-7.722670
-11.014267
-7.661087
-9.454437
-10.704541
-12.141033
-10.196736
-9.759198
-10.491380
-7.610448
-8.605128
-12.304994
-10.329462
-6.417987
-6.798874
-8.558588
-10.885473
-7.557109
-5.871815
-10.288410
-5.478224
-6.974004
-8.538269
-10.129557
-6.040777
-10.247842
-10.015908
-6.238842
-6.914499
-3.375165
-6.817225
-7.497114
-3.014502
-7.065386
-2.614824
-5.565981
-4.367038
-5.571893
-2.161800
-2.149034
-5.178011
-2.352615
-3.813083
-0.985570
-1.396295
-2.365027
0.884313
-3.019060
0.804291
0.566320
-1.943367
-0.253814
