2.202868
-0.675524
3.247892
-1.164354
-0.045497
3.322885
1.893533
3.808579
3.219586
2.522901
1.545712
3.775311
5.879992
4.787374
7.466526
5.823438
5.780662
8.066282
3.602823
5.665621
4.973064
8.816299
6.589651
6.748598
4.137410
5.660395
8.699319
8.792280
9.195905
6.844680
7.592201
8.390548
9.564279
7.601065
11.639493
9.670658
7.537781
10.418581
11.743826
10.980257
8.030384
8.966036
10.610350
7.821182
10.904873
10.040421
8.231165
11.388667
11.004241
7.573239
8.603146
10.050848
7.558743
7.655686
11.173772
12.737391
9.871794
12.503431
6.812722
10.157857
8.844019
11.874148
12.161979
6.319203
7.021934
9.618360
6.342158
7.132103
10.753629
8.127489
10.730583
5.188508
4.511916
8.727296
4.301472
5.081840
8.226613
4.312517
7.630739
6.724378
4.074258
3.939417
2.463141
7.608166
7.235415
2.557674
4.896619
2.414113
3.314967
2.661763
5.279178
1.473050
1.673009
2.457649
0.687607
0.075956
2.678809
1.407541
1.383922
-1.644855
1.053790
-3.515497
0.246628
1.137979
-3.286181
-3.555899
-3.517204
-4.842028
-2.303508
-5.003898
-3.848042
-1.343231
-5.812819
-5.913103
-7.155342
-4.415287
-5.504656
-5.782795
-8.194292
-6.678255
-4.939133
-4.587476
-6.385074
-7.743106
-8.969571
-7.624565
-10.249312
-8.445490
-7.652267
-9.496858
-8.339632
-9.758695
-10.934048
-8.266127
-7.963682
-6.117129
-10.375219
-8.384376
-11.552271
-6.819561
-8.306152
-9.950397
-9.785004
-7.960953
-10.866368
-7.298822
-7.645989
-9.457051
-10.707101
-11.600671
-12.168717
-10.927045
-6.993145
-9.069460
-12.000959
-10.948388
-12.696497
-7.540096
-7.503340
-12.271153
-9.446701
-8.867528
-8.841840
-9.223789
-9.562485
-9.597191
-8.045195
-6.031054
-9.143873
-6.220604
-6.370269
-8.385975
-8.032506
-4.533216
-8.986725
-6.549715
-7.238620
-6.596500
-5.692737
-8.790751
-3.417676
-8.275855
-5.012301
-5.121883
-5.099998
-6.448747
-6.667388
-1.762604
-3.995963
-2.239973
-3.984757
-5.029625
0.359742
0.534655
-0.659362
-2.569039
-2.381611
1.543263
0.267943
-0.947797
