-2.407170
-0.711044
1.968341
0.775273
4.351946
0.470896
0.665157
-0.409692
3.553079
2.983459
3.207535
6.305370
3.465756
3.773015
3.720425
3.265537
7.663564
3.590994
7.389690
7.215839
4.292615
8.404934
3.788129
3.987152
7.390693
5.210946
6.751360
9.411519
9.528616
10.743258
8.297518
10.036166
9.352746
7.489206
8.804115
8.494353
8.090598
9.042645
12.394860
6.859879
9.835933
12.178170
11.672041
10.649099
11.980547
12.289772
9.757507
11.059853
11.425670
7.362668
11.246943
10.241840
12.324406
8.316494
7.038887
7.833059
9.691253
11.855698
11.990313
6.528904
6.564715
8.653547
8.158124
9.846586
7.054295
7.535011
10.275795
11.345430
8.445168
10.237303
6.449719
7.882549
5.108286
6.829806
4.940137
6.247941
8.696571
3.981177
7.376561
6.310955
6.537195
7.193272
3.944696
2.523976
2.116560
6.860816
4.403598
5.723764
4.013669
2.370052
5.192084
2.228058
2.845872
4.375114
3.184874
2.070839
-0.861431
2.172524
-2.627229
1.767840
0.960311
-0.099804
-1.295750
-4.231283
-0.122667
-2.731427
-0.599596
-1.631687
-1.633333
-1.781986
-1.801411
-5.639986
-1.919934
-4.570423
-6.378141
-7.586732
-2.790617
-2.437973
-2.934827
-4.527329
-8.828680
-6.514171
-8.359629
-4.333141
-9.611354
-4.743580
-5.927795
-6.329264
-8.377850
-7.181686
-8.081802
-8.977064
-7.706747
-7.498228
-6.615926
-8.235877
-11.236730
-11.436573
-7.249337
-9.951688
-8.211455
-9.744052
-9.721238
-9.714891
-7.143147
-7.627702
-7.376874
-8.626335
-8.911758
-7.698970
-7.505713
-10.239048
-10.541882
-12.243094
-11.759199
-8.464658
-11.845934
-12.445011
-7.152927
-7.849237
-9.166822
-10.165907
-8.156005
-9.896528
-10.939198
-11.577173
-6.184218
-7.470078
-9.859507
-11.019349
-7.505260
-10.324053
-5.907926
-6.776486
-4.208352
-4.991004
-6.808183
-5.729300
-6.629535
-5.605531
-5.032744
-4.942433
-3.690014
-4.279705
-1.596877
-5.825813
-2.553596
-1.830305
-1.025237
-3.035772
-4.407009
-0.339389
-4.473086
-2.233594
-4.092588
0.156731
1.964949
-1.736383
0.310915
-0.846423
