-1.633107
0.711842
-2.057370
1.554416
-0.547043
4.563864
1.970451
3.914691
0.246218
5.095925
0.854339
2.796015
4.993118
2.584663
6.948190
4.708119
6.366545
7.468445
6.914103
3.573494
7.305077
5.981785
8.685815
8.464302
4.538353
7.392085
7.238721
7.298138
6.766722
7.997640
11.006098
6.779155
10.943277
10.360372
7.452686
9.666869
10.874145
11.860168
9.240947
7.283915
9.612025
7.104624
7.274330
11.123043
6.982853
12.208263
9.346215
10.826677
11.070172
11.649549
11.822950
10.333525
12.914739
7.028226
8.095133
10.803620
8.168447
11.755647
11.551786
9.750760
7.860529
11.023126
8.582637
6.256000
8.002096
7.640260
6.754092
10.574444
6.300896
7.058874
8.574064
5.494301
6.267705
7.670788
6.881879
5.681232
5.185999
9.213616
7.928211
3.265791
5.617860
7.147351
4.505291
5.687990
2.438180
5.772627
2.652456
4.667612
2.138613
2.107810
3.331529
4.662889
4.848997
1.548398
3.662418
0.634170
3.036373
-0.931129
0.207963
0.191752
0.737179
-2.125155
-1.027384
1.619637
-0.659718
-3.591022
-1.445164
-0.664487
-4.509294
-1.105121
-2.031339
-1.435199
-2.659439
-2.251364
-2.238718
-4.277892
-2.533118
-8.061503
-7.171380
-6.239762
-8.953793
-5.814368
-4.143697
-4.755404
-4.749315
-5.552145
-7.199487
-8.686611
-10.566249
-10.432741
-6.777284
-5.981107
-10.262167
-10.061396
-8.119542
-8.550155
-7.738306
-9.707613
-8.556897
-10.598255
-11.670577
-10.950000
-11.963550
-7.411705
-8.094784
-8.814364
-11.756487
-9.357592
-8.469331
-9.562170
-11.340118
-8.776494
-7.882913
-9.575744
-7.534178
-11.008129
-9.554058
-11.223133
-8.061335
-7.551981
-9.753060
-10.936226
-11.651628
-6.712321
-6.159470
-11.530045
-7.967997
-8.123359
-8.240617
-5.786418
-5.765117
-5.869559
-9.466815
-9.739667
-7.719035
-5.467039
-6.275370
-6.142565
-8.870050
-6.855412
-5.612548
-7.706098
-4.648057
-1.889961
-4.311052
-5.479593
-6.878248
-4.354380
-2.082297
-1.816990
-3.130127
-4.391742
-1.615595
-2.820167
-4.533566
1.659736
-2.100434
0.561671
-0.756643
1.511134
