-1.125562
1.423043
2.087826
0.138578
2.564785
4.473134
5.126503
5.432123
4.262652
0.572378
2.045471
3.551595
2.814872
5.790378
7.033937
7.027802
6.597502
7.067710
3.064643
7.759435
8.697728
3.612006
4.921567
8.181778
7.302076
7.810452
10.284415
9.019540
10.208636
10.440244
6.250410
7.099726
10.974496
6.943724
6.600026
10.893656
7.556182
8.515485
8.735786
11.603881
6.885232
9.031091
11.765066
8.507511
9.677769
9.794062
9.848200
8.660070
9.614624
7.015279
7.970753
9.707408
8.072399
7.648642
12.065265
8.206079
10.602743
11.514428
9.846403
7.443717
10.579569
7.586488
6.938873
12.033952
11.640036
7.970776
7.355698
10.608004
11.231720
8.090614
10.533121
6.861998
5.171257
6.166899
8.768376
7.700148
6.016770
7.422525
8.514344
4.635188
5.717157
3.613228
2.105467
5.615657
2.578740
5.733003
3.098726
5.883899
6.144667
1.796078
5.283728
1.638596
3.005692
0.472467
1.764036
2.820108
-1.076299
2.928800
3.293498
-0.275353
-1.769783
-2.262160
-0.360285
-0.258218
0.137928
-3.476447
-2.748571
-4.560163
-2.982303
-4.640698
-2.444305
-3.545555
-3.722397
-6.682709
-5.304939
-5.126002
-4.076510
-6.728985
-8.233256
-7.869264
-5.461233
-4.056159
-6.889993
-7.724793
-5.562929
-10.170797
-5.522512
-6.806501
-7.967342
-10.069004
-9.743812
-7.798955
-10.879147
-9.263320
-7.204674
-10.755120
-6.457320
-10.649072
-10.913416
-6.537552
-7.293345
-6.991130
-9.693293
-10.711116
-10.305025
-8.586649
-7.251986
-11.009360
-8.750503
-12.093715
-12.430078
-11.134521
-9.327578
-9.724428
-7.568587
-11.464939
-9.929690
-12.275583
-9.127620
-8.778730
-8.569453
-8.250476
-7.103095
-11.602649
-11.675993
-6.314197
-6.418947
-10.949542
-8.901195
-6.052849
-6.188618
-10.418014
-7.722288
-9.603706
-8.486700
-5.675114
-4.447037
-3.870529
-6.766891
-4.108704
-4.784312
-3.397034
-7.089591
-5.452059
-5.659657
-4.542450
-2.083290
-2.625162
-1.504284
-1.212782
-4.047427
-0.109293
-0.886827
-4.113430
-0.546148
-2.187664
0.898969
-3.229338
-3.026365
-1.193431
