-2.546017
2.255854
0.238272
3.555812
4.195031
-1.004975
1.929680
-0.183157
1.794505
1.941340
2.822182
5.584524
6.644862
6.762032
4.123881
5.678593
3.259098
4.837399
6.933788
4.755308
3.930387
5.326550
3.712878
9.106649
9.013022
5.924602
9.356628
10.315561
9.799640
9.052616
7.405387
10.811593
6.140983
9.504095
7.637563
11.563678
8.025412
11.168961
9.927253
8.210196
11.133904
12.484062
11.709691
11.590114
7.725769
9.140687
7.751624
6.983894
12.504907
10.297593
11.969503
8.223943
7.255660
10.445263
11.911016
10.295481
8.648533
7.643869
8.367508
11.420530
7.166542
8.269686
7.835704
6.896866
8.413627
11.015172
11.342453
8.667589
7.658809
6.860938
8.733842
4.915407
5.971772
5.041574
8.719060
7.526205
8.062519
7.522940
3.139690
8.322654
4.472483
4.066397
3.143159
7.675517
4.259839
4.794587
2.151576
2.946648
5.398387
1.196541
4.271012
3.173359
1.676380
4.034867
2.513603
2.359125
3.745714
1.233704
-1.632875
-2.459787
-2.492090
0.298353
-2.401874
-1.520227
-3.319427
-0.491985
-2.105244
-5.036835
-3.640555
-3.368167
-4.571447
-1.686283
-3.432835
-3.550376
-5.059310
-4.855810
-2.823876
-7.493575
-4.886173
-4.597181
-5.330106
-5.635005
-7.074020
-5.191265
-6.645488
-5.956596
-8.400011
-9.124433
-5.081126
-9.792518
-10.231713
-7.515379
-10.093917
-6.550192
-6.966725
-11.697347
-11.012292
-7.745107
-9.269531
-8.506696
-12.177981
-9.989452
-7.954557
-12.244323
-8.979722
-7.575986
-7.306454
-9.340363
-12.936515
-12.230620
-7.096153
-10.090267
-7.977953
-9.001249
-11.464948
-7.681228
-7.533572
-10.557619
-9.972829
-9.757884
-8.378602
-10.213353
-6.232433
-8.908283
-6.328944
-8.535359
-8.966597
-7.050757
-6.568540
-5.248586
-8.201228
-6.397834
-9.806784
-4.579534
-8.172486
-8.140932
-8.298372
-7.803817
-8.873037
-5.532326
-5.083673
-2.771401
-7.147564
-2.953339
-4.349089
-5.509026
-1.905306
-1.113608
-1.538459
-5.832016
-4.560063
-5.166399
-2.751981
-0.379832
0.911673
1.377394
-2.347994
-1.867369
-1.576018
1.783529
