1.555871
1.782785
-0.492020
3.808470
-1.015948
4.063402
2.342104
4.509061
1.061461
2.512941
3.216291
3.702613
2.945704
2.819910
7.282022
7.623141
5.613402
5.953417
6.335750
8.250925
7.584207
8.633479
6.247953
4.007976
8.043413
7.631561
5.145390
5.448952
6.632622
7.550678
10.270877
10.293658
8.224587
8.813072
11.750793
9.875534
9.043809
11.255662
9.954071
12.344988
8.562398
9.617637
11.046281
10.340197
12.417533
12.003738
10.982112
11.424572
9.331731
8.744896
11.278359
7.765987
8.613419
7.832239
7.722036
12.289528
8.039213
10.126142
7.759099
7.582470
12.126805
11.973796
8.286388
10.690227
8.457367
8.422081
11.100440
10.576185
5.798382
9.540790
8.557726
10.656595
7.552988
9.166419
5.782207
4.604617
6.570064
6.814478
4.479228
5.207917
4.373963
3.904396
5.014958
4.225053
2.523024
5.005982
3.372244
4.057951
5.890099
2.369839
4.038862
-0.008697
3.538162
4.245938
-1.060243
-1.482749
-0.382127
0.106284
-1.182260
1.304351
-2.744714
-1.452017
-1.450158
0.243017
-2.100477
-1.260889
-3.975676
-4.554702
-4.618560
-3.613935
-0.513096
-3.020654
-2.971285
-1.374831
-1.753061
-3.807989
-4.795775
-6.563393
-8.542921
-3.405264
-4.751126
-5.583139
-7.103532
-6.314141
-9.957863
-6.476013
-4.928803
-8.016263
-9.576897
-8.962288
-9.377843
-6.294771
-9.309486
-11.545729
-6.131923
-7.890761
-11.423763
-8.630281
-8.012272
-10.037757
-12.373697
-11.177920
-8.343107
-8.397789
-9.616972
-12.690578
-12.906179
-8.820917
-8.329735
-8.632028
-7.745917
-10.013569
-9.863621
-9.858258
-11.531839
-9.967067
-10.201698
-8.875262
-11.633449
-6.909051
-8.627737
-12.124480
-10.966998
-10.376636
-8.501113
-7.691175
-5.853437
-7.904190
-6.903448
-7.124804
-5.418228
-10.062221
-9.987045
-7.765130
-5.392613
-3.870641
-8.256305
-4.882301
-4.984896
-4.748161
-7.010056
-4.575404
-6.872324
-3.942634
-4.562878
-6.360924
-3.222694
-1.376844
-1.391084
-1.989115
-0.675397
-3.031573
0.371606
-4.527558
-2.617495
-2.169641
-0.075412
0.221523
-2.907375
-0.518948
