2.346879
-0.909512
3.548928
2.584193
1.400070
4.240934
3.901713
2.526411
5.447868
1.291438
3.657573
3.141635
2.829996
4.117919
6.353312
1.962240
7.993437
3.378675
4.558038
6.458349
9.055941
4.532846
4.450006
5.356023
7.054146
8.071194
8.423037
7.807002
7.254284
5.831975
9.292719
8.696356
6.657564
8.452904
10.978993
7.531583
11.841232
11.500572
7.984431
7.655928
11.582124
8.320875
11.450084
8.399247
11.477255
11.610234
7.320054
11.402737
11.203607
10.766611
7.502659
7.280436
7.578025
8.803080
11.695992
11.228527
8.576632
9.382342
6.659731
12.234863
9.532417
7.485039
8.846212
9.298029
9.318985
6.505065
6.637098
8.273141
9.979964
6.516391
10.471922
5.124899
6.700600
9.193850
4.318466
6.542941
9.154026
6.822726
7.399144
5.223158
6.235111
6.417625
6.738870
3.051462
7.420509
2.755077
2.172129
0.766730
0.906165
3.639871
5.180249
3.493982
5.086300
0.148076
3.469403
2.423674
0.935222
2.706902
2.139980
-2.450896
0.649483
-0.243058
-2.138032
0.108214
-2.290641
-2.519069
-0.500726
-2.934584
-2.371253
-5.098573
-1.995458
-0.758158
-3.666480
-3.990840
-5.776071
-6.813352
-4.882557
-3.352809
-8.618340
-3.563778
-7.316538
-5.445377
-7.608040
-7.211965
-6.976138
-7.372728
-5.793376
-7.063297
-9.115628
-7.160665
-5.457079
-6.208971
-7.791984
-6.639826
-9.536399
-10.104017
-8.175941
-11.739562
-10.075017
-11.206222
-11.656333
-8.731874
-9.868585
-9.482360
-8.214347
-7.133690
-11.255921
-12.856413
-6.998374
-8.730755
-9.375966
-8.249539
-11.507637
-7.306345
-10.750885
-12.349977
-10.824225
-10.006044
-11.477277
-10.793565
-11.818084
-8.450575
-9.472646
-11.555738
-7.229553
-8.168455
-9.608590
-6.569430
-6.921711
-11.075848
-5.629466
-4.849383
-7.105544
-8.321134
-9.035503
-5.681909
-4.437003
-6.579601
-7.070507
-4.280981
-6.051626
-6.364933
-4.606438
-7.805787
-3.193990
-4.603771
-2.215163
-4.741403
-1.077580
-5.367936
-4.753827
-0.450038
-1.696638
-2.263761
0.044557
-1.750631
1.725555
-3.063980
-1.013237
2.419429
