0.251196
1.207245
2.186820
3.368744
1.450382
1.874417
4.257796
3.895310
4.987690
2.272785
5.766027
3.436796
5.827913
4.720503
4.174343
1.886901
4.090011
8.354304
3.174996
4.368606
3.705470
9.207889
6.338644
8.859724
9.462191
8.936316
9.140497
10.372012
5.778246
9.968781
8.683153
9.370063
6.463158
10.879596
10.225805
11.108331
6.935774
8.709243
8.939783
9.393039
11.829808
9.301126
9.557160
11.105711
12.186820
7.666019
9.057592
11.161230
11.759312
11.280285
10.861843
10.857947
8.642352
10.644410
10.850014
8.096659
8.487485
10.679829
11.843798
9.768853
8.348177
8.631518
10.973729
11.285913
7.362509
10.522416
6.839261
8.120733
6.351605
9.225688
9.068135
5.229317
8.562377
4.757234
9.730720
7.834679
3.784058
7.029699
9.014002
5.328986
5.772697
6.303399
6.575991
3.295657
5.940477
4.348799
1.799043
2.179655
3.405253
4.496821
0.189741
3.515330
1.948578
0.417490
3.102438
-1.649607
-1.835511
1.099904
-2.128527
-1.870885
-1.084099
1.249343
-1.162535
-2.805378
0.045320
-1.212694
-0.607922
-3.007351
-3.781724
-2.239480
-1.711089
-5.629071
-3.756184
-5.103358
-5.489339
-2.078210
-6.211772
-3.019280
-8.294666
-3.586693
-5.236350
-6.625340
-6.559685
-5.527236
-8.657480
-4.713077
-6.128368
-5.719447
-5.106709
-9.614204
-6.539557
-8.699270
-6.152829
-5.970793
-8.795284
-9.212175
-9.924168
-9.132519
-9.372662
-11.530336
-11.999514
-9.366641
-9.340583
-10.946485
-11.845549
-7.115538
-10.907920
-12.574921
-11.555979
-7.434181
-12.869348
-7.971739
-8.164776
-11.109407
-7.355736
-9.805281
-8.664183
-8.076363
-10.870746
-9.663718
-8.292619
-11.510094
-10.402512
-9.624774
-7.742717
-10.180435
-9.382075
-8.002133
-8.448959
-9.304353
-5.233559
-6.387139
-7.437714
-8.732928
-8.139421
-8.676501
-6.956819
-9.312354
-8.964035
-4.857990
-7.457808
-5.477957
-6.021038
-3.535232
-3.904069
-5.123594
-6.627394
-4.620471
-4.083512
-3.156534
-2.985414
-3.391861
-4.575266
-2.628203
-3.943353
0.535466
1.966705
0.260207
-2.429876
0.415552
