0.633201
0.852940
2.291140
2.990886
2.976615
3.953645
4.491270
0.466992
1.601484
4.087590
3.747668
6.607131
6.547839
4.753404
3.950023
3.548619
8.037584
4.425088
7.342782
3.414941
4.846309
4.472607
7.086501
6.172467
9.762468
9.690412
9.804880
9.069782
9.004351
8.585405
7.838298
10.652822
7.021653
11.107031
6.803837
8.719405
9.554650
8.506673
8.235674
7.814432
10.995684
12.173687
8.071591
8.927200
9.421021
6.926455
12.912991
8.558489
7.227092
9.314953
12.787395
11.941956
8.981348
10.096825
10.756180
11.122157
7.080920
10.227294
11.611417
11.940724
6.983917
11.164801
10.989701
7.520066
7.136177
9.542574
7.986085
6.715277
10.951332
10.789362
7.838636
7.205594
9.288751
9.009585
5.219611
8.927549
8.153897
3.971880
3.837648
4.531140
7.646665
2.680415
7.668077
5.384097
4.200404
5.946030
4.628882
1.746693
1.874076
5.051853
4.508898
1.830903
-0.748291
0.737203
4.141697
2.376769
1.629033
-2.221807
-2.382665
-2.490753
-0.513236
-1.469255
1.888881
-2.218190
-1.873406
-1.212490
-0.535892
-5.427555
-0.800357
-3.226041
-0.613509
-3.887838
-5.242952
-2.688374
-2.556858
-5.698542
-3.821422
-4.953341
-8.530527
-7.859622
-7.424925
-5.650798
-5.079553
-8.684951
-6.409915
-6.348478
-4.569429
-6.740271
-5.238108
-7.991528
-10.526304
-10.233049
-11.106391
-7.606250
-8.685799
-10.236912
-8.724786
-8.657671
-10.209650
-12.181153
-6.741082
-9.921037
-10.758139
-8.112746
-10.047892
-8.928326
-10.550013
-12.380041
-9.193755
-7.618896
-8.104475
-10.522888
-9.359506
-10.628827
-10.724134
-10.012501
-8.415937
-11.739155
-9.007417
-9.118986
-11.586611
-8.052927
-6.463419
-6.950631
-8.633118
-10.571684
-5.864929
-8.257317
-5.317866
-10.201649
-6.381648
-7.018125
-8.005845
-6.432242
-9.073452
-6.931013
-5.512817
-7.138332
-7.196481
-3.104052
-7.676325
-4.496553
-6.101148
-3.205219
-6.108936
-1.732760
-3.436835
-5.509012
-5.389925
-5.795117
-2.673212
-4.429792
0.347768
-2.239637
-2.917435
1.242050
-2.758309
-1.409468
2.048019
1.761645
