-2.252526
-0.087664
3.433238
2.896924
-0.644291
1.031455
3.879685
3.504048
0.391924
2.553164
5.151023
6.385601
1.860006
2.931484
2.211480
5.143607
5.127629
5.445822
3.771329
3.104324
5.806260
6.296202
8.335739
9.727421
7.602513
8.148237
8.718362
7.001659
5.531677
9.904621
11.083955
7.847652
11.499784
10.400750
10.998348
10.652191
11.364781
10.392882
12.041035
11.270200
7.527031
11.142507
10.796123
12.642830
7.882419
10.113349
7.583685
7.393745
11.449854
10.841935
9.076294
10.965510
9.286673
10.428878
7.291416
10.320782
9.567470
7.306633
7.374294
7.209354
12.357363
11.355909
11.183475
7.905890
7.313868
6.153426
9.184605
7.240221
5.754811
9.940605
6.828361
8.675821
5.892795
9.432073
6.712345
6.639227
4.029021
7.121162
3.244892
3.936131
5.123315
4.633604
7.606760
6.950425
1.922180
2.869061
4.290153
3.648591
5.236674
3.593178
4.131811
3.271725
4.895671
1.311314
3.782891
2.889069
0.267791
1.860888
2.167546
-0.762072
1.760095
-0.621021
0.670618
-2.120271
0.245255
-0.553016
-1.711853
-5.179213
-0.329970
-0.582270
-6.043722
-3.875048
-3.522970
-6.751419
-2.702199
-2.607834
-6.900941
-3.272018
-3.344596
-4.276395
-8.681295
-6.670558
-5.530345
-6.990684
-9.018452
-9.418238
-6.868643
-5.056279
-8.260604
-9.698302
-7.983936
-8.232578
-11.204933
-9.656571
-9.245514
-6.600530
-10.780703
-10.835394
-6.972219
-6.825616
-8.860027
-10.984683
-10.370775
-11.517128
-10.228812
-10.278060
-12.338319
-9.553804
-9.842185
-12.178292
-10.618622
-10.918092
-9.954218
-9.298841
-11.874887
-11.830075
-9.289972
-11.410456
-7.753404
-11.679336
-11.051720
-10.874005
-7.300675
-7.517603
-10.130238
-9.591830
-11.503585
-11.228681
-10.422624
-9.850006
-7.582130
-5.125715
-8.931124
-6.683193
-5.199218
-5.926113
-5.888229
-5.555674
-4.939229
-3.931231
-2.786363
-7.538478
-3.227899
-4.365176
-1.770393
-7.020814
-4.408172
-3.271130
-2.038781
-3.205900
-2.215396
-2.635794
-2.823466
-1.544072
0.757914
-3.132601
-0.207658
-1.032732
1.791154
-1.066780
