0.700334
0.454817
2.567373
-1.405968
2.509073
0.362672
0.809932
3.020580
5.619787
2.770498
2.309198
5.642605
5.527728
1.404435
4.638360
2.508002
6.769888
4.634279
7.350899
5.129299
4.483692
8.692168
7.708256
8.667927
10.059267
9.038581
5.543552
6.451782
8.801779
6.331895
9.553109
11.016898
8.421509
8.067792
9.287650
9.284504
7.083632
11.035983
6.713645
10.415865
11.149618
7.340257
11.917991
11.530681
7.673914
11.960157
12.257696
11.839591
9.139283
9.564704
12.096282
7.892136
12.800212
12.157876
7.558686
11.101587
7.420537
10.053161
11.127538
9.330073
7.263309
9.691572
9.495785
9.292387
6.909211
10.445990
8.486685
9.869052
11.202737
7.935931
5.401223
6.891950
9.547959
5.314285
5.751733
6.550575
6.024620
7.178373
4.152785
4.905151
4.001126
7.026418
5.346004
1.998176
5.764211
4.089679
6.853702
6.080173
0.552188
3.132797
0.762455
0.724870
3.471503
3.691833
2.893206
0.991747
1.835549
-1.844559
2.426768
2.146199
0.691180
-3.422560
-0.258479
-3.006040
-0.326067
0.795088
-3.967626
-1.572807
-1.804217
-6.054541
-2.018603
-3.146004
-6.125763
-2.989815
-3.098202
-6.481958
-5.522580
-2.613168
-8.006040
-7.804075
-3.936896
-7.648740
-9.148569
-5.004874
-7.818406
-5.613407
-7.727241
-6.861103
-8.442328
-7.672536
-11.215677
-10.155178
-10.707325
-11.067571
-6.993115
-6.687710
-11.125146
-9.866288
-10.980981
-7.262943
-7.273203
-11.145488
-9.706204
-7.088943
-10.491496
-9.503884
-8.252720
-7.123587
-12.025446
-8.172630
-9.266268
-7.377606
-8.684404
-9.831096
-9.706014
-7.751498
-8.023834
-9.235783
-7.280906
-7.865335
-9.812880
-10.241036
-8.678101
-10.856202
-5.994944
-8.711786
-8.479429
-8.110960
-10.497470
-6.686767
-9.969077
-9.668351
-6.060333
-8.524165
-6.223103
-6.602664
-7.014816
-5.145947
-8.441121
-7.360270
-3.326401
-6.323298
-2.346416
-6.587678
-5.786734
-4.248805
-4.994439
-1.430092
-3.116221
-2.718809
-5.206747
-3.052931
-4.918808
-4.160962
-2.910992
-3.726085
1.310772
0.940098
-1.898051
-1.053400
