2.382212
2.325622
3.287523
3.411004
3.962951
4.219088
0.863736
3.480584
1.308722
2.740943
2.483005
5.686376
1.812174
3.733751
1.615174
2.438761
6.529204
6.079172
3.196952
4.644864
7.737066
4.031437
6.961933
9.640471
9.228861
10.199904
5.481286
8.071303
6.610258
7.179735
9.112355
6.488333
9.342704
7.622114
9.706334
6.773075
8.682384
7.176148
7.030284
9.168056
6.881971
11.320676
8.061560
8.297081
12.695388
10.513658
10.806490
12.385512
11.547804
12.319477
7.684259
11.579543
12.712670
8.031690
7.986074
9.721079
9.180331
8.543077
9.807379
9.546278
7.117427
12.242896
9.629238
6.910941
8.142363
6.004224
9.318614
6.042686
5.347023
7.263072
10.652598
4.780805
6.445332
9.223678
7.858696
4.767859
8.507363
6.985175
5.734263
4.510839
5.028982
3.848928
4.366135
3.020879
2.073940
5.590344
6.938595
3.239484
3.049403
4.165670
2.663815
0.331725
4.290045
-0.576613
0.552134
2.009305
-0.506134
1.399440
-0.784411
0.691614
2.592777
-0.819480
-2.537636
-3.073773
-3.437241
0.491614
-2.516093
0.403274
-1.218692
-1.930201
-3.557340
-1.522848
-5.151951
-4.094203
-4.752156
-5.754290
-4.024370
-4.825580
-4.411966
-4.742866
-3.420603
-8.728981
-3.888581
-4.837056
-8.778173
-4.860685
-9.516506
-7.081655
-9.045134
-10.987612
-8.043742
-8.621722
-11.060822
-9.503679
-6.259892
-6.516456
-9.033127
-7.959372
-9.519400
-9.495448
-8.922610
-8.356361
-9.659272
-7.173577
-8.375906
-10.887066
-10.149350
-12.826187
-10.422191
-8.026119
-9.860098
-8.807475
-12.688567
-12.602131
-12.527865
-8.814646
-6.770561
-12.529661
-10.867678
-10.845744
-7.198656
-8.598517
-7.524006
-6.872552
-9.112161
-9.843036
-6.569691
-10.308891
-6.554517
-11.042007
-9.623753
-7.190909
-6.611101
-4.813246
-6.032650
-4.060016
-6.869344
-6.424323
-5.753936
-7.223449
-3.367566
-6.664546
-3.109870
-5.504635
-3.701741
-3.789338
-5.693742
-5.622689
-3.249576
-1.105127
-0.217766
0.238220
-1.397848
-1.288860
0.934137
-1.659983
-0.026304
0.562127
-2.505260
2.762374
