-2.281281
0.005746
-1.791192
1.435845
0.842073
2.371206
0.963025
-0.068617
0.796723
0.293751
3.802322
5.232696
1.904198
2.730779
6.046725
2.462353
7.992902
2.398450
6.835073
8.235387
4.202763
7.759839
7.232757
7.154973
4.373215
5.475148
9.009126
5.032994
9.201956
9.291486
5.773879
8.060718
10.889811
5.902489
9.211241
7.734168
11.908197
9.320163
9.522568
12.125026
11.005862
9.370023
7.327835
8.566341
8.343086
7.971806
8.800232
9.314288
7.576810
7.145299
10.796874
8.235593
8.783612
7.389187
9.263725
7.637957
10.340821
9.771878
11.368845
12.494142
12.284379
9.827608
9.623256
8.824173
6.167429
6.780200
10.066937
7.832451
8.043135
5.546079
9.800402
7.309076
5.099983
5.676991
6.432982
9.108435
5.306963
8.053344
7.003985
4.223375
4.952190
7.491306
6.231428
3.206635
3.680519
1.889845
2.538660
3.341944
2.444224
4.149795
2.398661
4.028475
3.288815
-0.120051
-0.920792
4.229583
1.862667
2.630701
1.670202
1.078292
-1.704975
-2.104910
-3.707356
-1.757923
-2.256322
-4.229163
-2.238698
-1.449020
-1.589014
-3.842477
-0.447952
-0.699634
-3.029319
-2.904888
-5.544447
-3.116874
-7.076574
-4.174429
-5.783153
-5.324592
-5.420682
-6.379396
-4.728154
-9.709350
-9.873979
-6.545503
-7.922241
-7.722592
-8.385571
-5.851190
-6.646688
-8.516196
-7.421162
-6.949735
-7.803189
-8.557753
-8.801999
-11.211096
-7.461426
-9.728763
-10.075780
-6.745429
-7.123909
-12.575100
-11.324909
-12.910257
-10.602295
-8.728592
-10.204821
-7.996221
-9.843778
-11.503739
-12.692085
-12.608654
-12.514197
-12.260050
-8.746543
-6.912548
-8.554629
-11.852842
-9.406612
-11.821984
-11.123483
-10.173042
-6.820068
-9.871942
-10.266753
-8.124372
-6.501437
-10.278663
-9.526894
-6.165679
-6.079405
-8.987777
-8.196079
-5.637157
-3.668042
-6.470211
-4.834554
-5.185614
-5.597935
-4.578092
-6.286849
-2.491888
-6.693199
-6.928035
-2.827917
-3.997385
-2.991798
-2.252450
-3.784813
-1.279641
-4.897276
-1.531284
-2.458045
0.034272
0.423577
0.734848
0.600978
2.931352
