-0.854073
0.232639
-1.725367
2.355827
0.588217
2.511201
4.537922
2.466952
3.422627
1.178755
1.074598
4.873083
4.680753
4.655964
3.020362
3.858847
3.179882
5.600453
8.450268
6.518518
8.887621
8.294214
8.231447
5.037981
8.462933
4.300907
10.460290
9.938834
5.036347
9.719030
7.526634
11.001266
11.193027
6.491487
11.115105
8.745199
11.570032
11.611651
10.163532
9.968314
9.616030
11.856217
8.116093
9.744394
7.218331
8.939309
8.406262
10.920496
12.329481
9.219325
11.971666
12.463364
7.024789
7.199418
7.423788
7.956658
7.739983
7.837744
9.448834
8.835926
8.474282
9.247173
6.364728
11.073082
9.108424
9.773801
5.773422
8.561502
10.042759
6.424250
6.678435
5.103587
7.310011
5.601497
8.792515
5.085374
8.548741
5.400679
8.365738
4.837517
3.785250
6.064580
6.254253
3.691276
2.148083
7.177819
4.618611
5.459937
3.329596
1.418958
4.472480
0.140819
2.560057
4.849808
3.384561
2.301147
0.574955
-0.807947
1.870235
2.170948
-2.139877
0.017704
-3.880989
-2.841820
-2.276384
0.033416
-2.749148
-3.520786
-0.879340
-2.567306
-2.978547
-3.797873
-6.497029
-3.584604
-3.156065
-3.344304
-2.885491
-6.971376
-6.809711
-7.326381
-8.590733
-7.046294
-8.098065
-8.613376
-4.367885
-7.752903
-5.677529
-9.966484
-9.007319
-5.092208
-10.712202
-8.453086
-6.153387
-9.431087
-5.942584
-8.680741
-7.357778
-10.073709
-9.710053
-9.791372
-7.563076
-8.882242
-8.016988
-10.078871
-9.920077
-7.577686
-7.607902
-9.589142
-9.415037
-11.720374
-11.073172
-9.849009
-9.504261
-11.950457
-11.868447
-11.836969
-9.190733
-10.808193
-10.188752
-10.829791
-12.355577
-10.328388
-10.379701
-8.256522
-10.735649
-8.896952
-9.079546
-7.885057
-7.394568
-6.556723
-9.924013
-6.283703
-8.062372
-9.797613
-7.119813
-6.152252
-7.698782
-5.785541
-4.296916
-5.765784
-4.368164
-4.091386
-7.868480
-2.146139
-6.893747
-6.236411
-5.583019
-1.772457
-4.691531
-0.485353
-3.787586
-0.748587
-4.606283
-3.313872
-2.064906
0.489026
1.790932
-0.991392
-1.348830
1.035474
