2.955003
-0.199957
2.280336
-0.392519
2.125782
1.288244
4.048985
2.876724
2.397981
4.785336
2.892029
0.707222
6.206911
3.433048
1.656184
5.241620
3.771438
6.587777
8.331132
4.434628
4.087139
4.265748
6.670956
7.369177
8.208423
10.090415
7.302571
9.473783
6.530959
6.744511
7.980612
6.845120
11.387619
8.601753
8.995959
11.293304
7.025515
11.405745
6.891511
11.055480
10.343089
9.963912
12.557174
9.552184
10.496473
6.926085
7.894266
10.668187
11.539827
10.826978
12.068598
12.776857
8.986242
12.645447
7.994735
10.449833
9.937712
7.291215
11.414203
7.050297
10.512314
9.723683
9.691904
9.788586
10.141921
8.190607
10.759352
7.875665
10.851164
6.653133
7.478502
4.812354
8.418721
4.482150
6.908729
9.764988
5.753399
8.294277
4.352857
5.457824
6.921396
8.051612
4.783464
6.095274
5.755209
2.157017
3.317278
2.260376
1.479343
2.950339
-0.147044
5.297468
4.539414
0.891407
-0.405947
-0.843698
1.182427
1.142337
1.155219
-2.841079
-0.722621
-0.106816
-2.880760
-0.237004
-2.481716
-0.498823
-0.206869
0.295877
-0.721560
-2.373368
-5.849404
-1.945802
-4.170872
-2.416091
-3.172812
-6.646004
-8.033063
-3.774341
-4.827416
-5.293456
-4.823343
-7.134678
-4.860400
-6.010917
-6.882059
-6.923304
-9.193164
-9.070213
-8.386833
-5.720496
-8.827392
-7.211423
-7.225496
-9.093361
-8.435685
-8.948792
-7.981428
-9.440846
-12.259005
-10.798399
-10.010138
-10.375049
-12.644709
-7.685843
-10.183832
-8.879611
-10.664261
-7.966752
-8.676968
-8.802308
-9.492263
-7.298324
-9.597781
-9.433733
-10.952046
-12.558222
-9.161645
-7.191567
-11.411580
-7.485520
-6.627944
-10.510989
-7.476053
-7.766721
-9.406957
-6.409790
-5.774623
-8.127212
-8.068587
-6.022008
-8.638095
-4.947876
-9.225111
-8.656790
-4.908190
-7.195952
-4.390247
-3.774402
-6.637921
-8.404538
-6.808171
-7.550950
-2.526511
-5.676251
-6.264861
-5.545820
-5.426989
-4.800112
-4.514771
-3.777575
-3.724016
-4.639652
-1.989494
-3.535533
-1.340392
-2.322892
1.104234
-0.378612
-1.799383
-1.250322
