-0.901139
-1.432767
0.071628
-1.215950
1.215674
0.264090
1.436052
-0.102469
5.753309
0.831995
2.509212
2.695365
1.691016
5.093251
3.350679
6.252031
5.128896
4.662187
4.625609
3.062312
5.824031
5.133370
4.841427
4.032082
9.732312
9.580348
4.946358
7.297776
8.277470
6.894970
8.622234
5.832391
10.624102
6.784534
7.998698
6.444714
6.241842
12.143332
9.302789
8.441495
6.897776
12.564607
8.547482
12.153034
10.591788
8.979607
10.017718
8.013441
10.553929
10.516151
12.218799
9.324025
8.374027
7.009066
11.902949
12.295980
11.518205
9.394322
10.415946
8.134700
6.603900
10.110625
8.407381
10.657746
9.087390
8.244846
7.085058
8.111817
9.434541
7.452204
8.979340
5.230640
6.085940
5.978988
4.771986
8.299666
5.136199
3.923910
4.567472
8.611752
6.367673
4.814208
7.597458
2.133893
4.245053
2.377284
6.099098
0.970936
3.710712
3.748824
2.194815
1.329405
2.617362
2.760939
1.876542
0.342054
1.076475
0.932005
2.360272
-1.025409
2.419562
-2.958023
-1.926480
-2.580140
-3.381669
-0.130961
-1.576779
-4.716002
-3.887711
-0.765820
-4.921924
-6.191427
-6.415793
-3.317868
-6.080391
-2.116628
-7.512803
-6.557539
-4.138534
-3.064694
-3.256912
-8.100799
-4.961318
-7.567025
-9.406482
-6.019128
-9.039535
-9.772469
-9.695894
-6.313637
-6.313583
-5.825004
-8.590325
-7.140086
-11.518059
-11.077646
-10.554320
-10.062784
-6.553101
-6.951606
-8.635813
-9.920829
-9.362412
-10.019150
-9.699477
-7.097904
-10.322485
-10.347702
-7.031261
-12.889623
-12.422904
-7.542692
-12.615645
-7.379511
-12.025010
-11.884730
-9.560230
-9.241609
-11.086012
-9.887667
-10.918480
-8.069047
-8.820164
-11.441196
-9.912811
-6.274773
-8.238603
-10.753230
-9.967917
-6.922495
-10.374845
-8.362274
-7.355002
-9.871102
-5.858141
-4.882840
-4.479931
-3.555941
-5.577359
-3.090042
-7.762356
-2.624998
-4.702457
-7.634141
-2.356418
-5.915248
-6.672063
-6.269190
-2.577930
-0.747186
-2.504801
-4.333923
-3.174992
-0.717838
-3.526328
-2.776764
-2.443322
0.621080
0.130704
-0.452091
