-0.867954
-0.453287
-0.360352
0.308714
4.358403
0.180473
1.043154
1.937567
3.554732
1.187522
1.901506
5.671917
3.176639
1.801824
3.659246
2.992000
2.341214
4.991583
4.191101
6.568968
5.224052
8.747810
8.803120
5.160475
4.866171
10.118291
6.339077
7.682599
9.529025
10.762950
10.725358
9.864058
10.137804
6.106398
7.702285
8.326925
9.652419
11.230102
10.341997
12.010285
11.914718
12.527081
8.333698
11.014258
10.847264
9.360179
8.700514
10.212318
11.940755
8.466468
11.410451
10.716099
7.102648
7.112599
10.427648
11.554315
9.118756
8.637659
7.560659
7.411662
7.687084
11.569956
9.448329
6.334961
6.266385
8.512075
9.041446
5.676284
6.781083
10.693940
7.853911
10.028045
5.633415
9.939447
8.255566
8.697345
7.333661
7.491049
7.732507
8.433663
4.257503
3.159590
7.263070
2.879974
3.383294
6.896722
5.573347
4.475302
5.417780
2.282567
4.759292
3.094368
-0.270387
-0.771287
0.993861
-0.306302
1.243906
-2.356798
-0.285065
-1.813293
1.244709
-1.584865
0.469064
-1.829224
-0.133989
-2.994973
-4.609331
-5.446311
-3.954487
-1.082373
-5.234826
-6.232225
-2.141549
-5.874253
-5.945408
-2.098839
-7.772907
-2.677352
-3.290774
-4.332827
-8.534418
-9.159485
-7.928401
-8.955601
-8.755323
-4.423976
-7.160609
-9.176355
-5.933068
-10.037955
-11.029010
-7.493998
-9.849006
-9.384459
-6.466279
-8.126605
-7.434278
-10.260228
-9.226874
-10.163323
-9.205065
-10.989408
-6.897997
-11.170136
-8.327872
-12.503782
-8.925938
-9.724199
-11.693194
-9.464457
-12.945512
-7.586022
-10.358619
-9.469423
-10.680114
-7.133193
-10.943516
-9.175650
-12.055030
-11.762418
-11.871128
-8.096762
-9.415854
-7.863886
-11.233661
-5.797050
-11.546236
-6.885233
-10.248754
-8.523053
-7.457055
-7.079462
-9.619274
-6.707528
-9.336418
-8.544335
-6.506075
-8.030519
-7.468919
-4.714615
-2.871406
-4.459299
-2.228154
-7.552040
-4.723069
-3.004478
-2.098980
-4.218372
-1.757078
-3.615863
-3.272385
-1.449753
0.001200
-3.030255
-2.369935
-1.925983
-2.920121
-2.430997
-2.036613
-0.355915
