-1.955479
3.532174
1.499672
-0.129408
1.156366
4.456887
2.228744
-0.128513
3.744579
2.785202
1.270390
5.332614
4.159049
1.785158
6.942669
7.026444
2.428213
6.198605
7.956422
4.964192
7.129388
6.101004
6.294392
3.947657
9.239574
9.916619
7.373755
8.124121
10.858324
7.514978
6.589854
10.642259
9.741559
6.791883
5.964208
7.062733
7.415873
11.707498
10.663647
7.302145
9.154165
10.654512
8.693466
10.407493
8.140766
8.058856
8.205513
11.260340
8.511244
8.620090
9.885610
8.304310
9.083605
10.747551
11.375409
9.777401
10.463500
8.602550
8.417931
7.361302
11.474862
8.026691
11.630540
6.727526
9.593229
7.466491
8.656212
8.676530
5.583709
7.712665
6.213928
10.215166
8.649829
4.985238
6.228805
5.681805
5.426607
6.742913
7.905664
5.697545
7.367857
4.870882
6.527593
3.962676
7.238837
5.758672
1.088944
5.212248
5.858186
2.176693
0.217622
4.617431
-0.252447
2.171220
4.057495
1.385402
-1.747124
0.273359
1.461243
-1.431735
2.061338
-0.869631
-2.548969
-3.077675
0.533818
-0.424162
-1.208140
-4.844368
-0.772874
-3.360678
-2.483600
-1.254710
-6.307245
-3.634816
-7.441610
-7.270274
-2.656384
-5.072554
-4.755596
-7.462591
-5.405629
-8.900346
-5.738612
-8.787672
-6.357519
-4.467741
-6.485950
-8.714264
-8.154228
-10.940474
-8.132178
-5.508128
-7.267238
-9.381398
-8.365686
-8.609191
-9.131501
-11.424487
-10.663115
-9.503701
-11.751718
-10.247531
-9.200549
-7.966593
-10.053290
-8.876417
-8.412542
-11.887669
-9.277231
-8.380438
-10.468548
-10.346335
-10.022938
-11.620149
-7.879409
-9.813609
-12.142778
-10.499672
-7.678125
-11.773504
-8.512655
-7.878017
-7.913557
-11.416261
-6.158438
-9.220910
-8.246740
-10.850583
-8.372100
-10.168421
-9.050731
-9.919634
-8.439999
-6.311324
-6.973852
-5.065470
-6.153545
-8.972996
-7.638176
-3.425776
-3.283783
-2.419431
-6.148481
-1.893014
-3.856716
-3.345304
-3.363402
-1.894480
-2.724700
-3.826738
-4.742031
-5.127414
-4.267317
-2.573302
-4.485841
1.538909
-2.031962
2.105717
-3.140349
-0.616927
