0.418175
-2.341957
-1.016756
0.865107
0.172989
1.852095
1.239553
1.614048
2.395011
0.970163
4.106854
3.755454
2.786059
6.207060
3.208257
3.959268
5.374705
7.572062
6.495740
7.109398
5.023879
4.530588
6.632518
4.809235
8.302507
9.656126
7.089985
9.194889
10.306384
9.138558
7.331393
7.956027
7.406795
11.524537
8.202141
9.125912
9.719173
7.685202
11.185138
8.623125
11.188551
9.096551
12.175821
8.891950
7.964721
9.832452
12.547847
10.379037
8.798505
8.831762
9.167817
9.374573
12.734696
7.319388
9.614516
11.942180
9.937854
12.029584
6.737512
12.391488
11.588409
10.997975
6.803293
7.133093
7.556141
9.670464
8.237757
5.757500
7.868508
5.648321
9.247073
8.850812
9.589849
5.950343
7.337562
8.255984
4.227236
5.489173
5.297488
6.673608
3.650661
7.751521
4.354428
3.452948
7.182645
4.246588
4.207635
6.221637
1.514721
5.325559
4.263502
-0.186365
0.059026
-0.451443
-0.588959
-1.255196
0.853306
0.552081
1.683435
-2.584002
0.692316
1.502111
-3.221993
0.988570
-2.698204
-4.720941
0.401581
-3.648970
-3.762816
-0.263867
-2.532579
-3.688873
-4.365452
-1.844630
-3.153947
-7.428647
-6.313227
-5.176474
-5.678715
-5.827360
-6.373002
-8.373306
-7.734607
-6.568619
-8.718569
-8.217801
-10.092138
-8.708737
-5.395834
-11.044566
-10.685718
-9.732632
-11.145893
-10.857280
-11.098717
-9.637486
-11.177177
-8.382288
-9.178405
-7.106693
-7.581839
-12.292809
-10.958207
-12.591874
-10.356915
-8.450670
-12.943093
-10.789493
-11.625848
-10.275342
-11.223068
-10.694341
-7.270203
-11.057361
-7.897330
-8.666626
-11.923543
-9.899881
-6.845793
-12.062547
-11.481756
-11.946703
-8.930817
-7.673235
-8.391033
-10.313136
-9.840638
-10.433559
-10.101204
-9.799446
-5.896031
-7.382936
-8.734856
-9.536599
-4.418200
-6.566173
-7.089006
-6.355168
-4.565740
-6.484938
-7.572278
-6.561609
-3.550442
-6.926313
-2.936377
-1.533894
-3.851655
-3.980170
-4.881464
-1.863475
-1.585684
-1.261157
-3.166130
-1.909773
-3.733169
-0.722863
-3.677680
-3.015739
-2.730368
1.380495
