1.304044
-0.327914
3.735266
0.100689
0.550738
1.722818
2.151317
1.175665
2.531161
3.188763
2.826258
3.389027
1.002348
2.164352
2.146193
3.179462
6.969932
3.414766
8.168615
6.443958
3.648988
7.099662
5.510144
8.439743
6.768106
7.989346
6.991317
7.989038
9.802444
6.858487
6.419099
6.101629
9.883122
10.676259
9.929617
11.336935
8.573325
12.244502
6.898301
8.000493
12.245308
8.312841
11.527596
9.006633
12.034717
10.192623
11.533366
8.566481
10.063544
9.369526
10.774521
9.388070
12.614176
12.538564
9.428563
10.145708
7.912229
10.483453
8.833967
6.533303
8.873213
11.245299
11.767891
6.557844
9.254787
7.560523
6.158853
10.355118
8.921447
8.351760
5.699353
6.667200
7.802825
5.755864
7.974447
6.817351
7.970019
9.263785
4.815788
4.940996
8.117423
5.788813
3.669837
7.069676
4.430575
1.845049
6.519615
3.175045
2.154316
1.543883
4.749678
2.759999
4.513117
3.006088
1.313962
-0.245646
-1.906410
1.094973
-0.683111
-2.930327
-0.482063
-3.099977
-1.840349
0.744574
-2.826562
-2.884568
-4.198788
0.227664
-2.335903
-1.818776
-4.877778
-3.832466
-5.632057
-1.291857
-5.753120
-5.425264
-6.363139
-5.541642
-7.778405
-8.250730
-4.428471
-7.127906
-4.621048
-9.214098
-7.446392
-7.859311
-6.084577
-7.341977
-9.741489
-9.771098
-7.773379
-7.141221
-9.208967
-10.921855
-11.552663
-10.320172
-6.710076
-9.438496
-7.973591
-9.064118
-8.071543
-8.888460
-7.731356
-11.994923
-11.968024
-9.187970
-9.859570
-7.846867
-12.800059
-9.241846
-11.029345
-9.295535
-12.001785
-10.361082
-7.250663
-9.920793
-10.168175
-9.051817
-10.379738
-10.889207
-11.325550
-9.874843
-9.223138
-6.580153
-7.436265
-6.821638
-5.993824
-8.536584
-8.680692
-5.904038
-5.716930
-7.517322
-10.089870
-8.416896
-4.990332
-5.346449
-4.804742
-7.414574
-4.859142
-3.801150
-6.923561
-5.520771
-4.172289
-3.992562
-6.990047
-6.603280
-6.777724
-0.881160
-3.821339
-4.322430
-1.861582
-1.069519
-2.099150
0.229642
-3.290207
-2.410527
-1.646689
-0.303545
-2.357360
2.733015
