1.307963
1.891604
3.775153
2.202919
0.819766
-0.606078
0.586124
4.684301
1.835641
5.590051
1.387534
2.958214
6.203506
2.622006
5.179136
2.675900
6.912494
5.904258
3.469936
8.098160
4.547351
5.845779
9.108618
3.958517
4.615660
6.897290
8.235582
5.902717
6.747630
8.424879
5.450201
6.462042
9.724557
8.464199
9.446079
10.497322
6.991531
9.247143
8.858422
9.667029
10.740096
12.028849
9.148940
10.559250
7.643968
11.735894
7.565058
7.091008
9.009263
10.210852
12.264319
11.530545
11.653182
8.613797
7.289300
11.025356
12.548109
8.619741
10.567846
10.788464
6.866786
6.583482
6.816517
11.771901
11.177826
6.294632
9.351855
9.885542
8.378323
10.356308
8.067576
6.523108
5.362242
8.165959
7.812762
4.087920
5.715306
7.723644
5.607789
3.666233
8.453538
8.197054
3.326259
6.530978
6.640767
1.499658
5.786265
3.734575
3.504066
1.764828
3.205842
4.969121
1.187842
1.671112
1.930125
-0.735275
-1.438412
-1.343815
-1.260944
2.083272
-3.303502
-3.221700
-0.929750
0.964975
-4.493240
-3.106871
-2.912198
-0.440924
-1.605583
-0.654046
-5.094884
-5.433531
-3.340232
-1.708890
-7.404270
-5.600401
-2.674212
-3.286317
-8.530814
-8.602390
-8.287459
-4.828605
-8.152135
-4.412807
-9.944825
-8.167516
-9.155318
-10.307797
-9.989989
-8.699013
-8.227140
-7.253759
-8.246986
-7.429776
-7.112582
-6.847174
-7.148724
-12.131847
-8.216386
-6.796338
-6.816885
-11.129479
-12.573662
-10.895607
-10.883767
-10.643189
-10.334296
-9.142898
-8.194681
-9.613429
-12.151493
-11.509821
-10.391889
-11.373224
-7.174132
-8.274644
-10.220647
-8.714160
-9.648262
-7.753211
-6.504980
-9.640545
-8.581366
-7.338975
-5.988107
-7.649988
-5.708077
-11.108764
-5.649097
-6.347277
-9.513041
-6.207319
-6.861241
-5.787845
-7.397020
-5.273344
-9.583380
-3.449645
-6.552889
-6.866079
-5.630681
-2.745190
-6.258619
-2.345794
-5.383435
-3.039621
-4.463366
-6.022004
-1.714539
-3.667670
-0.757992
-1.856272
0.551387
-4.050684
-2.107572
0.323913
-3.940069
2.310620
1.874876
0.477427
