-2.629128
1.279605
-0.101308
-0.591672
-0.531128
2.633236
-0.433001
3.198075
1.054217
0.724044
1.010383
6.635388
5.933672
6.863122
6.371047
6.758621
4.480263
7.348460
3.515268
4.774860
8.861512
7.157998
7.847975
5.963373
9.252320
6.340879
10.377985
7.835866
8.444805
7.305428
5.583254
6.302923
7.388045
9.547656
6.481398
9.807773
6.844110
8.939742
10.874360
9.061004
7.210464
8.261368
9.906629
7.159714
8.131788
12.205670
11.892288
10.419578
12.539761
11.131339
10.281715
12.672294
8.695072
10.861646
9.036235
12.327289
12.420701
7.895799
6.675820
8.294465
8.116014
7.202612
11.948202
10.799549
11.058763
7.367756
7.121202
6.931760
10.089940
7.608287
5.404639
4.987802
5.549007
7.918542
4.419246
5.662688
3.906537
3.575769
8.356479
6.051968
2.990909
2.499298
2.684029
6.619901
4.679430
6.739219
3.391731
3.149108
4.619172
4.231019
3.630536
1.175404
-0.776083
0.258923
1.915421
1.397857
3.794499
-2.010693
0.667879
-1.490090
2.402861
2.140126
0.400592
1.157212
-0.583168
-1.546338
0.667157
-1.212331
-5.586994
-0.259721
-5.642386
-3.163620
-2.353188
-7.185164
-3.322408
-4.217882
-6.200798
-4.341814
-6.469812
-5.655754
-4.188712
-4.326705
-6.878388
-5.403684
-5.211415
-6.091262
-9.852217
-10.402591
-7.508212
-6.677979
-10.846055
-9.926024
-9.623500
-9.077709
-8.295330
-7.954409
-7.140856
-7.098435
-7.526714
-8.819903
-10.927277
-8.452925
-7.870322
-7.797098
-11.520851
-9.305568
-11.808825
-9.326365
-12.748638
-11.175020
-8.131831
-11.523241
-10.921173
-9.383789
-8.207840
-12.159261
-9.965351
-7.255931
-12.026538
-11.067354
-10.431315
-11.360698
-7.553574
-6.270205
-8.259803
-9.775282
-9.890114
-8.238514
-10.541687
-6.313360
-8.339850
-6.933990
-9.223998
-6.587341
-9.258715
-7.800980
-4.518930
-4.463291
-7.780200
-6.175766
-7.925110
-8.013580
-2.549774
-3.237462
-4.344220
-2.927865
-1.221230
-5.520505
-2.516486
-1.592785
-2.792781
-1.151439
-4.630229
-2.436349
-4.491148
-2.199453
-1.955184
-3.540653
0.164193
-0.781964
