1.401386
-0.823168
1.219813
-1.210803
2.604146
2.916280
0.157320
0.979446
0.563371
1.409484
5.972010
4.827897
3.009410
3.592625
6.005072
5.268860
3.500989
2.753397
7.830670
4.495688
5.882148
5.579231
5.590601
4.593879
5.418037
5.633385
8.759042
6.859266
6.164751
9.208724
8.697432
7.762065
7.509455
9.039800
8.687207
8.341185
9.987733
9.788474
7.964211
7.153761
6.787092
7.621102
8.849616
10.895089
9.276272
8.345633
6.986160
8.458989
8.111163
7.819073
10.709870
10.119224
10.446361
7.836627
10.567701
7.909684
7.868200
7.258371
9.814991
10.024221
10.371476
10.932084
11.585566
11.061461
9.705238
10.554085
7.247486
6.229020
10.038146
6.112612
6.025967
10.200630
9.153124
6.334296
5.048654
9.738293
8.572877
8.534135
4.267136
7.473205
6.441441
6.669767
6.308196
2.861558
1.774218
6.119948
2.358611
1.799480
3.486376
3.762951
0.850801
2.300354
0.208487
1.164126
0.464649
1.648843
3.415479
3.275157
0.789739
-0.630323
2.558889
-1.160241
-0.238305
-3.680901
-4.234994
-0.152701
-0.431739
-2.401428
-3.206048
-4.269760
-2.504003
-2.112418
-6.039572
-3.182229
-4.829769
-4.247415
-3.805256
-2.731233
-6.457662
-5.745329
-7.028119
-5.807191
-4.216731
-4.364176
-7.949785
-8.690860
-4.678123
-8.767068
-8.007243
-9.884487
-10.040100
-10.646655
-10.955922
-7.211411
-8.323527
-10.394197
-8.780788
-10.869045
-10.536342
-10.395967
-11.825364
-8.619015
-11.464230
-9.243282
-11.653592
-11.284119
-12.507359
-7.571979
-9.495300
-8.510100
-8.057884
-11.817945
-9.153140
-8.658171
-7.788216
-7.259342
-7.305591
-10.499844
-6.814947
-12.431778
-9.717762
-7.567995
-11.615856
-8.830903
-5.945829
-6.337530
-7.113865
-11.358658
-9.264340
-6.451904
-7.888567
-10.534890
-7.517865
-7.192862
-7.101248
-8.143015
-5.884545
-3.586237
-4.436822
-7.033589
-6.680494
-5.637332
-4.726516
-6.217866
-7.428386
-5.234501
-5.648713
-4.129554
-6.215901
-2.885919
-1.617931
-2.470496
-4.892810
-0.700428
1.407872
1.067252
0.414730
-1.088415
-2.368039
-0.328919
