-0.506269
0.053928
0.715935
1.621281
-1.070528
2.391734
1.145881
-0.057431
4.678235
3.912403
2.711896
1.321703
2.968384
2.012772
7.093235
5.983693
7.505816
8.310672
3.095321
6.724133
5.824780
6.341923
9.367436
8.209529
8.633340
6.777374
4.810306
5.206455
10.127074
6.741959
7.255417
5.802570
7.218932
5.830056
6.276810
10.209310
10.472984
10.200057
8.904659
8.338652
8.184049
8.688407
10.881131
8.240118
7.779783
11.703856
9.966655
9.559226
9.392636
11.138952
9.237443
9.177088
10.642760
11.301844
7.281036
11.259201
12.530990
8.312864
8.757670
10.172383
7.800461
11.177566
7.479836
11.468819
7.481710
6.503583
10.544804
8.373013
8.404407
6.093635
6.039768
5.634002
7.560217
4.786359
4.124721
4.499831
8.298100
6.603127
3.363224
4.911829
4.054328
7.788039
3.726265
6.714115
6.542808
3.760903
5.201479
2.131599
3.443262
4.809889
2.749400
5.095477
2.895067
4.455684
0.944145
2.255982
0.947104
1.926496
0.584406
2.977179
0.191045
1.388177
0.428744
-2.028097
-1.938241
-4.493253
0.358244
-5.467959
-1.299341
-1.677427
-1.459245
-3.493352
-2.655349
-3.670986
-5.176833
-6.181723
-5.097174
-3.037690
-3.793318
-4.948821
-5.134631
-4.775907
-5.165483
-7.269565
-8.725186
-7.155818
-7.389380
-5.116821
-7.186544
-8.627317
-7.446164
-9.385203
-9.484137
-6.304643
-6.985676
-6.537621
-8.131431
-10.040472
-11.348520
-8.533763
-11.445134
-7.179843
-11.165861
-8.411996
-8.535608
-11.881007
-11.159110
-10.240329
-7.771925
-11.460626
-12.295200
-7.234919
-7.738869
-11.629908
-11.374027
-9.218297
-11.259921
-11.302001
-9.408748
-10.250130
-10.378080
-6.513975
-11.910450
-11.692765
-6.431375
-6.398284
-10.443333
-7.409462
-8.587243
-5.278045
-9.847718
-8.175370
-10.389532
-9.466373
-9.676274
-8.294068
-3.701631
-6.798434
-5.322784
-4.214849
-7.542851
-7.875218
-7.918180
-4.776170
-3.127504
-1.689634
-6.449179
-3.741496
-5.366965
-0.928871
-1.724802
-3.547240
0.813284
-2.647509
0.236399
-3.436372
0.474623
-0.714432
-2.473124
-2.666141
