-0.684773
-2.240408
3.402242
1.482913
2.364543
2.352410
1.216940
4.872202
0.292649
4.979850
1.619393
5.889027
5.116428
4.769679
6.733122
4.142808
2.704793
5.187418
5.090635
5.768582
9.108875
9.124406
7.600641
8.339139
7.777342
6.835496
8.513899
7.134235
9.416369
10.078944
6.915880
10.505527
8.857135
10.374856
9.918408
9.573399
10.579987
10.932355
8.360809
7.443683
11.859388
8.905440
10.125055
6.861268
11.448280
11.874551
12.175780
8.076676
8.003041
9.279405
8.848485
7.561991
11.089064
11.682278
7.477931
9.716663
6.924889
9.519887
8.343280
8.727443
7.049578
8.757286
9.574408
10.194534
11.535703
11.180983
10.591413
6.602110
9.094690
11.007858
6.612092
4.954941
7.419558
7.651648
7.961985
4.612968
7.671460
9.035353
5.094420
6.084103
3.898844
4.816496
7.112539
7.657656
6.889361
4.336973
1.650065
5.505442
3.838400
0.586144
4.782456
2.983889
1.845511
0.816747
-0.990170
3.195059
3.068798
-0.088047
-2.505117
-1.627814
0.725014
-0.562532
-3.390055
-2.706111
-2.419064
0.620081
-2.015679
-2.957157
-3.634282
-5.939191
-5.607622
-5.503406
-6.091283
-3.800042
-6.502028
-1.992525
-3.833683
-5.519268
-5.399993
-3.088286
-8.280013
-7.677579
-4.155942
-7.956169
-5.289742
-9.720090
-7.350838
-9.365219
-8.686720
-10.598494
-7.602678
-9.741547
-9.053407
-9.085461
-8.857435
-11.714241
-11.446281
-11.348053
-11.517428
-9.598424
-7.567540
-11.295625
-8.204742
-8.505180
-8.117092
-7.144980
-8.769820
-7.911862
-12.023426
-9.013482
-9.978478
-7.333864
-8.376746
-7.179598
-6.952877
-7.006104
-11.819336
-11.529027
-9.108049
-10.337547
-6.659579
-10.162310
-7.640668
-7.147630
-6.407266
-10.233682
-6.646731
-7.007876
-8.889921
-9.363625
-8.285274
-9.720055
-9.343143
-6.702500
-8.212458
-4.345992
-7.648494
-7.348407
-4.144523
-4.423336
-3.261787
-7.155415
-3.971320
-5.244944
-7.223940
-5.704018
-1.869863
-2.689518
-3.151297
-0.300810
-3.926387
0.389703
-1.374084
0.229299
-2.923167
-1.198235
-2.446714
1.759220
-0.276285
0.790981
