1.799891
0.483059
-1.652879
2.610801
2.496456
-0.287845
0.132225
1.934012
3.367015
1.722228
2.015042
2.396486
2.245903
5.050965
5.645175
3.560529
7.182970
8.125991
7.162220
6.255030
4.075487
3.840238
5.063348
8.863938
6.170966
8.205023
8.579409
6.807344
6.408754
5.367529
5.623805
10.977748
6.287210
7.842459
9.707075
11.589400
11.433534
9.071572
11.468441
11.893409
11.267119
8.435493
8.289923
8.271453
12.332594
10.525791
11.477978
7.669079
8.423962
11.492701
10.618876
7.735614
11.389262
9.070494
9.687615
9.835380
10.507404
9.834551
8.012931
12.211650
8.088738
9.602622
10.445560
10.508284
6.301131
10.320678
9.973089
9.641734
11.231523
7.259638
5.957572
5.480832
6.172161
5.746653
7.661798
6.358588
5.332016
8.724977
6.117971
8.744222
6.716343
5.040148
7.361203
6.769113
6.520093
4.356501
1.571043
1.754236
5.892433
3.453209
5.503683
1.554367
2.496978
1.963799
0.111220
2.342775
2.422943
-0.280317
1.694434
0.417594
1.117820
-1.969811
-2.541935
-3.793419
-1.987812
-0.864062
-1.837391
0.279570
-1.824308
-1.773391
-3.062559
-4.039536
-4.546970
-6.240121
-7.053199
-4.539061
-4.306052
-5.134212
-3.108199
-5.344863
-4.852295
-4.179566
-6.128547
-8.480997
-5.746479
-8.992623
-4.547125
-5.475488
-7.410120
-6.985864
-7.887233
-7.409456
-7.264802
-7.257703
-10.251385
-10.032269
-10.106419
-9.914716
-9.745731
-9.615870
-8.822656
-7.447476
-11.968593
-11.093917
-10.597302
-10.306242
-10.523565
-9.434517
-11.945383
-10.042948
-12.191594
-11.005459
-8.625967
-7.570659
-8.645032
-11.960666
-7.635157
-7.218672
-9.569267
-6.542538
-11.485873
-9.049083
-10.572176
-9.735365
-6.300082
-8.586699
-9.138871
-7.974301
-6.843245
-5.425910
-8.716783
-8.958110
-9.899827
-9.087801
-9.676094
-5.392112
-5.809413
-4.668800
-4.836158
-5.524622
-3.392859
-6.866343
-7.083015
-2.733862
-2.502043
-1.334278
-4.579139
-1.960733
-4.747905
-1.162213
-3.764385
-2.536543
-2.350931
-2.664180
-0.327732
-2.350526
1.743740
-1.135325
-3.037688
-0.298445
