2.618435
0.278349
-1.151590
-0.818440
3.299510
-0.539387
2.226327
0.134755
2.815367
5.628473
6.206012
2.080546
1.021974
2.258449
5.924697
3.196837
2.461455
7.151152
8.202117
7.279710
6.735409
5.801429
8.390585
6.739973
6.474558
9.101136
9.361625
8.177954
10.136361
9.655771
9.244458
9.493104
10.777118
5.992153
11.604670
6.270120
11.404573
8.569289
9.318971
12.465752
10.492057
11.854421
8.765855
10.261027
12.316798
8.711912
12.032272
11.966542
9.878138
10.568497
11.691162
12.802898
7.328445
12.839312
11.249602
11.869125
12.210662
8.415605
10.804672
8.032440
10.993748
9.042366
8.999691
8.082856
9.973711
8.445342
6.203793
6.700130
5.906162
8.557990
8.787153
7.354712
6.909126
8.827458
8.278653
7.183614
3.828259
8.488862
5.051423
5.753818
8.602447
4.614313
3.191494
6.186172
7.270967
6.332999
6.613347
5.723390
4.213230
3.500193
3.962560
2.256063
0.820038
3.132797
3.826439
-1.601571
0.841099
0.134961
2.730535
2.964943
-0.836828
2.070183
-3.873162
-2.545164
0.465697
-0.939905
-3.817653
-0.422428
-3.757371
-4.280938
-1.214350
-2.636101
-4.145801
-1.605109
-4.199547
-3.577922
-5.319347
-6.370051
-6.843608
-5.340405
-3.646049
-8.595335
-7.308339
-6.743335
-4.083849
-7.134572
-7.731750
-6.006489
-9.944616
-9.816444
-10.157461
-11.248792
-8.968146
-9.964096
-8.423730
-9.521096
-9.142995
-9.615491
-6.476537
-7.468163
-11.984432
-10.156592
-10.269323
-9.221681
-7.270463
-10.249655
-8.272302
-9.908273
-11.481500
-11.523201
-8.084264
-10.666757
-11.030160
-9.940790
-12.201243
-8.548933
-7.647683
-7.302733
-11.572251
-9.973337
-9.521570
-9.709873
-8.839709
-7.699963
-11.080376
-6.362795
-7.843688
-7.593826
-10.563573
-9.251065
-6.665648
-6.275024
-5.667311
-4.726130
-6.683435
-6.375055
-6.921470
-4.306368
-3.460771
-5.212828
-8.578118
-7.836021
-3.126603
-4.917943
-6.864310
-1.814576
-2.981131
-3.859287
-2.673789
-0.269924
-1.284613
0.269419
-3.998285
-0.994290
-3.227270
1.377934
-0.909515
-2.291224
1.541901
-0.915426
