0.803247
-1.965285
2.703247
2.281490
1.275333
0.452012
4.128166
0.320142
3.604514
2.432844
3.520243
2.826933
3.954104
6.373507
3.329675
6.698227
3.755915
7.898754
5.023529
8.183374
4.299304
6.280408
3.707776
6.776301
6.460993
10.263843
9.130663
10.365208
8.996513
8.571500
7.471382
10.002691
7.821206
7.506875
11.046779
6.897174
10.827952
9.736872
6.647969
10.872846
8.410581
6.707933
9.743227
10.486028
10.267740
12.321822
11.715847
11.510105
7.881004
7.687112
12.513627
8.639435
9.323363
11.647984
9.872240
8.121749
11.074086
10.915262
8.186374
7.675716
6.986633
10.620969
8.691240
9.052666
11.337972
5.923139
6.388002
6.874725
7.348529
9.349634
6.552642
7.829441
9.521400
6.062455
5.880051
8.134208
4.717689
6.058315
8.761592
6.160397
8.079422
7.520009
4.956191
2.951921
5.843042
7.000220
3.192867
2.039501
2.859231
3.158102
2.991091
3.309124
1.133855
1.019052
2.888963
1.836723
-2.031667
1.114012
0.383692
2.672303
2.485914
0.502575
-3.840597
-0.603633
-2.711648
-4.781712
-1.238839
-1.850144
-5.298669
-5.527543
-4.622891
-5.047730
-2.101355
-3.534449
-5.021417
-4.954046
-7.512592
-8.126586
-4.910512
-5.971443
-4.675017
-3.818982
-6.085435
-9.432607
-9.701018
-4.415024
-10.462402
-9.529681
-4.985642
-10.787265
-9.122388
-10.655832
-8.547812
-10.446018
-10.302588
-11.957393
-10.248171
-9.055937
-11.358481
-10.127556
-10.400580
-9.608117
-10.633791
-12.223071
-8.998766
-7.558005
-10.927510
-8.901502
-8.847443
-11.163752
-7.585704
-7.057763
-9.009397
-11.355850
-11.152741
-10.466722
-8.866868
-8.512681
-12.304797
-9.140675
-8.161452
-11.286198
-9.928176
-7.618697
-11.588871
-9.386648
-8.094167
-9.588355
-6.797489
-9.156184
-8.507422
-8.232798
-5.094327
-5.578084
-6.748344
-8.410515
-6.440649
-7.459942
-4.249754
-4.939027
-3.209920
-5.037499
-2.711530
-6.738967
-2.154788
-4.518686
-4.532819
-1.193109
-4.933390
-2.046951
-4.060397
-3.732369
-4.239170
-3.541951
-2.786888
0.540953
1.492951
-3.144494
-0.608437
-1.919469
