1.825225
0.160701
1.917713
1.507848
0.969444
2.248050
4.885907
5.395698
5.154833
2.954791
0.525079
3.877559
3.045881
3.250787
2.853653
4.360484
2.447651
6.532387
7.351641
3.421527
7.422222
7.821868
4.877978
8.958499
8.782831
7.087551
8.955901
9.055690
9.381536
7.732566
10.432962
8.656029
7.309096
7.884033
11.280116
8.072815
8.698374
12.079209
7.080430
10.875036
6.861986
8.177998
10.333759
8.588108
12.118640
7.612760
9.975861
9.149327
11.914945
7.609395
8.986397
7.848730
12.345142
12.853149
11.147543
11.075109
6.837172
7.498350
10.738350
8.773542
11.263112
10.034990
6.503918
8.464090
9.529903
6.079512
7.778577
8.429279
9.121125
8.248517
7.282911
10.130304
7.630830
4.432204
7.790672
4.164724
4.489393
6.062388
8.574750
6.936259
8.384960
7.032344
6.568103
7.566767
3.959459
5.024486
6.800219
5.603765
1.499270
0.932690
2.416425
1.767922
2.460436
3.973420
3.908867
2.494242
-0.895938
-1.074713
2.160521
-0.946240
0.052686
-0.959917
-2.380481
-0.219017
-0.645433
-0.915583
0.219694
-0.115496
-0.645317
-2.608380
-2.686469
-5.088710
-1.235102
-6.809697
-5.254113
-5.057320
-6.609157
-6.733289
-8.022894
-6.363889
-3.584820
-7.218119
-6.955452
-4.137736
-6.150523
-6.595069
-6.184135
-10.069826
-6.693260
-5.249457
-10.621849
-8.563567
-8.163881
-9.884051
-6.224256
-10.559928
-10.108547
-8.571424
-7.902900
-7.979848
-10.136239
-10.808905
-7.065741
-7.902966
-12.123312
-8.619928
-12.159473
-7.346217
-12.147343
-11.778396
-10.797161
-8.167548
-11.602030
-8.253525
-8.201230
-11.550147
-11.224900
-7.490813
-9.184877
-8.136270
-6.966726
-9.003100
-10.929876
-8.506792
-7.097636
-9.635100
-11.337464
-10.640986
-9.173623
-7.641201
-10.026544
-9.592761
-8.903052
-10.000495
-7.439652
-9.554652
-9.028450
-8.028923
-8.982677
-6.204740
-6.489957
-7.455358
-7.957416
-4.744567
-2.814986
-6.966772
-5.062114
-6.019170
-2.235864
-0.409854
-3.305820
-5.375841
-3.885885
-0.116829
-3.488105
-0.470126
0.822372
-1.820851
-0.773803
-2.861103
