1.342383
-1.644926
1.911968
3.959064
0.362107
1.317404
2.368348
3.416710
5.477682
1.802464
5.519069
5.862297
6.830596
6.488531
1.902787
5.802071
2.274741
6.335116
7.517800
6.002127
5.969769
5.810877
8.170952
9.424818
5.250760
8.361895
5.315961
8.971075
9.776145
5.512176
5.320539
8.369449
9.304215
11.747559
10.640212
11.660835
11.785522
9.492218
11.185801
11.319411
9.645832
12.405275
11.487928
7.577229
7.759315
10.026160
7.705493
12.612452
7.156122
8.348064
11.813885
12.369630
8.464901
7.293174
6.887009
8.268552
10.744962
8.194497
11.920256
9.011717
9.252181
12.251326
9.637926
10.370553
7.120291
11.418616
6.010089
6.173191
7.023654
9.714363
6.426462
10.160919
6.470909
9.472061
6.199206
8.890108
6.196861
7.543537
8.609025
7.031281
2.751164
5.401390
2.807065
4.598096
6.309115
4.665902
6.836243
0.856924
3.218169
1.714558
2.754640
-0.072057
-0.017365
2.518126
2.770638
-1.640478
2.009185
-0.540200
2.133396
-1.114609
1.860877
-2.457010
0.171209
-3.969203
-3.173540
-2.070511
-2.188726
-0.592437
-0.209164
-4.351873
-1.315676
-2.261186
-4.348335
-4.395399
-4.908280
-6.695722
-5.478934
-2.953823
-5.535870
-4.780666
-5.690301
-6.537983
-8.769240
-7.113740
-5.479139
-4.874090
-7.780571
-8.775560
-10.737912
-7.440873
-6.310636
-6.225584
-6.726174
-10.144873
-6.475816
-7.852249
-9.235461
-6.611514
-11.509654
-9.052207
-7.202208
-8.315736
-7.041174
-8.057603
-8.957314
-9.827448
-8.683523
-9.106432
-8.160216
-8.134208
-11.800406
-10.704043
-9.611215
-8.459712
-11.862889
-7.940208
-10.445738
-12.067583
-12.033078
-6.680058
-8.102580
-12.183304
-9.948493
-7.755918
-9.491153
-6.667564
-7.729772
-5.623096
-10.470001
-6.423409
-6.964840
-10.314171
-5.137564
-10.271580
-9.544779
-8.105430
-8.139033
-6.915281
-8.719155
-6.350188
-3.410834
-7.146279
-5.023655
-6.869626
-6.185235
-4.884984
-5.015938
-3.666097
-4.859805
-2.644157
-3.076755
-3.219736
-0.286956
-0.027185
-3.628654
-0.125461
-1.315447
-0.726426
-2.598572
-1.708781
