-0.665257
0.506999
1.630510
0.496993
2.231989
1.572123
1.864735
4.687155
4.099874
2.775717
1.307024
1.052674
4.086574
4.627248
7.357360
3.366810
8.028954
4.419287
7.954308
8.049237
6.770406
7.061172
9.539214
5.630478
5.721939
7.966772
8.891650
6.244719
5.587814
8.121570
7.006784
6.481156
7.499691
9.545152
7.547008
8.828865
10.382819
6.696988
8.946466
11.228275
10.866989
8.991072
9.580601
10.890534
9.550975
10.398605
8.429391
12.113818
12.877352
7.078117
11.499071
11.960071
10.461139
10.429478
12.849380
8.313742
9.306018
8.974935
8.047857
11.518510
7.643720
8.185387
8.938621
10.627630
10.608801
9.350236
6.228222
10.599975
5.517299
9.683098
8.085934
8.074870
5.588734
6.232438
9.378748
9.791718
7.190610
4.703378
7.356909
5.144000
6.709168
4.421258
5.673312
5.439318
5.679476
6.265745
4.266684
2.741650
5.496788
2.038243
2.033648
3.677150
0.258822
0.384659
-0.603320
0.864929
1.451363
-1.652406
0.363267
0.049513
-0.359935
-0.300423
-1.142208
-0.689208
0.253054
-4.745822
-4.640184
-3.642000
-0.717866
-5.847826
-3.749511
-0.888791
-3.989031
-3.412600
-2.337710
-6.415661
-7.215069
-6.957506
-6.907622
-6.258611
-5.412575
-9.354847
-8.586611
-8.640814
-5.260541
-9.256751
-6.710951
-8.907341
-8.588810
-10.177370
-10.877984
-9.721257
-10.715970
-6.552610
-9.804731
-8.200233
-6.965729
-7.077484
-10.187067
-8.844384
-9.650551
-9.337870
-11.084018
-9.159697
-10.908876
-9.297146
-11.843915
-9.024604
-7.516009
-10.574521
-11.333558
-8.836815
-7.752447
-12.797316
-10.299811
-12.277036
-6.943896
-9.306812
-6.607834
-8.864507
-6.944410
-8.033241
-11.576743
-7.680096
-10.839816
-6.161181
-6.385070
-8.952524
-8.959703
-6.740268
-6.797324
-7.443729
-4.636740
-6.916965
-8.477259
-3.983146
-3.873055
-4.916448
-4.941545
-3.815601
-8.171602
-7.889687
-5.979540
-2.369505
-2.651759
-2.242891
-5.007950
-2.779467
-2.214864
-3.900843
-3.518973
-0.228421
-0.434819
-4.704656
-1.154871
-4.068476
-2.803183
-0.516694
-1.947731
-1.799762
