0.969209
1.292398
1.598656
3.632136
3.707524
-0.500903
0.979348
2.360963
3.514276
2.466967
0.427327
5.140498
1.961241
7.026557
2.209193
7.557051
7.592872
8.164544
2.674637
8.127896
8.945143
9.301721
5.496635
7.048059
9.463996
5.911201
9.288188
5.057245
10.521153
10.025473
8.663468
9.560382
10.508609
9.990657
7.232655
7.188053
11.145740
6.505646
7.207690
9.323238
12.108731
11.129318
12.067408
11.246199
8.465334
8.421404
9.565733
10.008769
9.472552
7.927755
7.703492
10.352603
11.356919
7.002898
9.776696
6.962273
7.322232
11.663581
8.776954
8.046642
7.353287
7.985741
9.113975
11.145792
8.995849
7.527590
11.342634
10.714150
8.574462
8.227815
8.909664
10.497370
9.113811
4.419867
5.267013
7.765834
9.043070
5.313669
7.126611
4.178526
3.342320
6.696723
4.714790
6.829432
5.307270
2.763000
6.479688
3.196023
6.189252
2.519776
4.381781
5.263867
3.218790
0.554971
-1.060942
-1.223144
2.792500
3.012058
2.017867
2.696992
-2.205298
-0.672340
1.390825
-0.994466
-3.477645
0.678827
-2.913845
-4.878837
-1.193885
-5.911584
-0.617579
-3.076602
-2.366088
-4.437350
-3.430806
-6.787863
-2.214821
-4.857859
-8.590729
-6.112085
-3.661433
-3.651728
-6.794694
-9.081250
-6.535108
-6.346172
-10.357444
-5.753477
-9.153190
-10.987875
-9.070141
-10.031851
-8.447939
-10.812391
-8.647197
-6.083214
-10.710361
-6.350032
-7.436954
-8.783200
-10.597485
-9.322419
-7.325389
-10.339114
-10.661637
-10.445859
-9.069826
-7.708074
-7.444571
-12.266300
-12.332555
-12.697619
-7.960026
-9.441663
-9.025461
-8.180516
-10.230930
-10.728184
-9.333392
-11.291518
-10.992501
-7.406808
-6.454524
-8.972949
-8.930485
-7.539019
-7.419417
-7.986941
-7.882354
-9.704594
-7.956488
-8.327393
-8.523546
-6.161210
-6.141386
-6.053885
-5.032027
-4.775673
-5.540825
-4.713469
-5.923276
-5.616945
-6.999691
-4.474553
-7.511899
-4.926970
-2.027337
-3.946305
-4.416774
-3.459537
-0.380839
-2.784280
-2.682930
-2.811522
-1.098851
0.559200
1.351346
0.755860
2.323358
-0.547230
