0.528684
-1.719709
-0.871982
1.932697
-0.260879
3.231500
-0.734267
0.153523
4.752829
2.497044
5.928257
5.993913
4.545302
3.529755
1.812484
7.085341
2.762854
6.806811
6.329942
7.427991
6.194983
7.160681
8.990403
7.822949
4.080202
8.044626
7.215150
8.601150
8.325526
6.353475
5.625532
10.643523
8.368579
8.048867
11.176249
8.802618
11.317490
9.686093
11.190767
9.307906
8.023239
8.666462
11.243635
10.390882
9.595462
9.016673
6.998317
9.288078
7.543110
10.484809
7.410197
8.489883
11.394548
7.992211
8.721972
9.792310
9.516041
7.940746
7.855245
12.146861
11.248796
12.109297
10.167647
10.236759
10.140708
6.845009
6.702955
6.748528
5.782734
10.681335
6.361775
6.123822
8.854337
9.288478
5.136341
8.715307
8.159880
6.638047
5.713993
8.487382
6.676494
2.497520
5.780299
3.972231
4.371353
3.034453
4.473897
4.248716
4.619710
0.166641
2.917937
2.943114
1.349409
1.223112
1.960127
0.987538
-1.940588
1.187945
0.462530
-1.370580
-0.473135
-3.549167
-1.641007
1.317967
0.599004
-1.950534
-1.329423
-2.870980
-4.095823
-4.371625
-2.353744
-4.219878
-1.373966
-2.940043
-3.949234
-4.265807
-3.718071
-3.539972
-6.095012
-8.666983
-6.264673
-5.519485
-5.366175
-5.091295
-8.589338
-4.495491
-9.529511
-8.379443
-10.739102
-10.174694
-5.973848
-7.624567
-5.868882
-11.294980
-7.355279
-7.146240
-11.910089
-6.721970
-8.715588
-9.600123
-7.547907
-7.735890
-11.970852
-10.694262
-8.605657
-7.927029
-9.387690
-7.423370
-12.985136
-7.501316
-7.109004
-8.683796
-10.408386
-12.643842
-9.137651
-9.940016
-11.523305
-11.144438
-9.712772
-11.203530
-11.720273
-11.448576
-10.311799
-7.942734
-6.943731
-10.153443
-5.722295
-9.318579
-5.411018
-10.869759
-5.058474
-6.549907
-6.230287
-4.644210
-9.006537
-9.311401
-7.505452
-4.223759
-4.432671
-3.187067
-4.435127
-6.906598
-7.640528
-2.381799
-1.804774
-4.503160
-5.804223
-4.522175
-3.151238
-2.089949
-4.191736
-0.129302
-4.974025
-2.224283
0.095747
-2.979137
-2.385509
-1.792991
0.624203
-0.838167
