1.274711
2.009495
2.694499
2.420637
-0.978738
1.398583
0.408089
1.334171
4.486319
0.121304
5.469357
6.489347
1.926837
3.737192
2.017256
3.026040
6.400043
5.815698
4.649742
7.773442
5.745566
3.703447
9.475171
9.809376
8.684783
9.468425
9.589681
6.368561
10.721617
7.692888
6.653992
7.649261
10.347121
10.687983
8.594159
11.410951
8.937898
11.739706
9.882354
8.804755
9.428259
9.150482
11.402087
10.880372
10.829605
8.542076
12.545956
10.029540
8.393371
7.305754
11.657814
10.872806
11.105861
9.921261
9.885673
12.236366
9.937531
11.524877
10.040237
6.609880
10.172888
12.259712
11.368625
11.820187
10.479316
10.339778
7.346612
9.560398
9.803240
5.186948
10.008987
7.792794
5.404423
9.278533
8.487597
5.480718
6.665494
8.279747
4.236857
5.258603
7.111565
3.309974
6.913090
7.328771
1.907116
3.303506
2.289853
5.685914
3.620041
3.635666
0.634523
3.081273
1.101281
3.244228
2.599920
-1.592657
-1.940400
0.657140
0.573616
-2.233197
-2.726883
1.681189
0.987441
0.644715
-2.955806
-1.131692
-3.891612
-4.869047
-2.385946
-2.235220
-5.652709
-6.212192
-5.554675
-1.468775
-5.321160
-6.430613
-6.760365
-4.461383
-4.421175
-3.798927
-3.871088
-7.754845
-8.885131
-6.231770
-6.055447
-7.997888
-7.899294
-6.991266
-7.996481
-5.273994
-10.192940
-6.917141
-10.881751
-6.218730
-6.015833
-10.605628
-7.833882
-6.948830
-11.406189
-7.309646
-10.874099
-10.498560
-10.763660
-10.074239
-11.474256
-9.216096
-9.866925
-11.209173
-8.730040
-11.555232
-11.233680
-11.493673
-11.987736
-8.787380
-9.451744
-12.045669
-11.349337
-11.800840
-9.266761
-6.646256
-7.261429
-11.123794
-7.549901
-6.869703
-9.713629
-8.435348
-10.892022
-10.772798
-6.297385
-7.360373
-8.032791
-6.945758
-9.825067
-10.105472
-4.887196
-7.768897
-4.239189
-6.075446
-6.897462
-5.524858
-6.816928
-7.998447
-4.103540
-5.530151
-1.703313
-4.830220
-3.481987
-3.215280
-6.342511
-3.080549
-1.237163
-3.502873
-2.440420
-0.566474
0.710089
-0.427169
-0.894238
0.084275
-2.918435
-0.294126
