0.553069
-0.339452
3.238303
1.862952
1.655466
2.389319
1.478515
1.055478
5.710790
3.687935
1.097871
3.107956
6.500616
6.881471
5.034795
4.694416
4.967937
7.919030
6.217339
8.820449
3.609511
8.962869
6.546427
6.939507
6.507407
6.500720
7.631316
10.247464
10.043390
8.396309
7.334743
8.183071
5.893904
9.837070
10.788098
8.925762
6.278853
7.187712
6.840041
6.587184
8.987848
8.760821
9.255170
8.296713
9.850604
8.046837
10.982698
9.878402
12.825615
11.287223
8.388577
12.685250
9.763975
12.185124
9.569138
9.388795
8.158431
11.872331
6.946576
10.004245
9.408951
8.041555
10.651948
10.428893
6.891092
11.426091
11.469412
7.389652
7.424518
7.459003
9.345687
7.740292
5.784348
9.184671
8.354651
9.218070
5.405363
7.446754
5.927244
8.016423
5.962342
7.906284
7.508702
7.052417
1.681849
6.526032
3.241208
6.183669
2.555235
3.183043
5.100437
4.037843
4.096298
4.289758
-1.396210
2.826499
-0.013903
1.982070
2.029668
1.822617
0.527531
1.690077
-3.765612
-1.742210
-0.851539
-3.356834
-3.826532
-1.267580
-1.099833
-4.522722
-0.666184
-5.844459
-4.618199
-3.627482
-5.494579
-3.634119
-2.858758
-4.907624
-7.836846
-5.378208
-8.784767
-6.969767
-6.770426
-6.101972
-6.484793
-7.747245
-6.621529
-5.572059
-6.145774
-10.585544
-5.423569
-10.738174
-8.057272
-8.575466
-9.476369
-7.920442
-11.455664
-8.750951
-11.812314
-10.204398
-11.878697
-9.045988
-11.463586
-11.148158
-10.968801
-10.089429
-10.539667
-9.418165
-12.188668
-7.946698
-12.966523
-10.009025
-11.633163
-10.749450
-12.725154
-12.724176
-10.001318
-11.895453
-9.102977
-10.423162
-7.183682
-6.512293
-7.347751
-9.078232
-11.887149
-11.269070
-10.294670
-7.410938
-7.632845
-9.605096
-9.488484
-6.014476
-6.571106
-8.806807
-4.552031
-5.952910
-5.498234
-3.498512
-4.896496
-5.256195
-4.217357
-6.035805
-3.290593
-6.083248
-6.356531
-6.654143
-3.148177
-1.232644
-4.210440
-3.004058
-0.405030
-4.074182
-3.637574
-0.420408
0.883708
-2.431029
-2.078358
-3.115982
0.442648
-0.301364
