-1.895130
0.823582
0.519016
-1.190405
0.268373
-0.374911
3.717989
4.189276
5.428691
4.469482
1.637739
3.561446
1.113533
5.199864
7.533583
1.866624
5.592567
5.274993
5.086950
6.620668
4.174005
3.609500
4.537305
4.297200
6.546068
8.670479
4.565933
8.027709
6.956623
6.531603
9.628094
11.114903
10.553795
8.995766
10.609174
6.748592
10.729789
10.630973
7.753298
9.051534
8.935130
12.017270
11.873928
10.968294
7.312393
10.867555
11.051328
8.753750
8.447605
9.001903
12.008803
12.173116
8.325229
9.882505
12.168166
9.780686
12.174599
10.986594
9.489939
12.146307
9.305344
9.370352
6.639646
11.593269
10.675995
10.563517
9.182289
6.510666
9.460000
8.952457
6.653414
4.992039
10.121969
9.503470
7.560144
6.399619
5.203456
7.727985
4.865972
3.660432
3.570008
2.518613
6.481344
5.115856
4.507710
6.796333
1.012371
4.506669
2.080683
3.574253
2.588851
0.758677
1.719194
0.167394
-1.061207
1.884104
-1.782416
2.794137
2.989042
-0.722373
2.606971
-0.666303
-1.026608
-1.432594
-4.092310
-0.153353
-2.305552
-0.692908
-2.372999
-0.512841
-4.412916
-3.714326
-1.207281
-6.802010
-1.799545
-5.642501
-3.512013
-2.587133
-3.997748
-3.661591
-8.267764
-6.346752
-4.724278
-4.960965
-4.263355
-4.349466
-10.319079
-8.858269
-9.562500
-8.438073
-7.804939
-6.856411
-10.723766
-11.262984
-11.485419
-7.809517
-6.370719
-9.431776
-7.167986
-11.596588
-7.242066
-10.164658
-10.381921
-10.030186
-10.254102
-9.344199
-10.054199
-12.023080
-10.105724
-12.083083
-7.090929
-12.212904
-11.954973
-8.103702
-9.954907
-7.237737
-10.017474
-9.810817
-11.477505
-8.968145
-7.340832
-12.155340
-6.194159
-10.644765
-9.366312
-6.581311
-6.365815
-5.705098
-5.509403
-7.434445
-10.558995
-5.496059
-4.916645
-5.706797
-9.576074
-6.211411
-5.600687
-7.756634
-4.931568
-7.457965
-7.718236
-7.308159
-6.509837
-2.501552
-3.138663
-6.425843
-2.725575
-4.159190
-2.410647
-0.746608
-3.680409
-2.274817
-4.496040
-2.858639
-2.026774
-0.440589
-1.104319
-2.621254
-1.317801
-0.933578
