2.934575
3.436746
0.839156
-1.040478
-0.027777
4.684554
0.908915
3.805152
4.251573
6.064509
5.892977
2.365132
4.112101
2.112825
4.679696
3.158016
7.853522
3.749993
6.599413
6.962545
3.423917
9.214035
8.459922
5.138163
5.496811
8.231559
6.585035
6.816545
5.471350
7.706207
9.504591
9.955729
9.142614
9.674939
9.918193
11.767132
10.194221
8.211785
11.244967
6.836722
7.898295
6.959716
7.684694
8.367684
11.954944
10.985400
10.155961
8.871184
11.074398
7.317163
11.899420
12.269264
8.620629
10.211120
12.260806
8.386481
6.760440
8.972540
10.320750
8.838399
7.507651
8.465018
7.156476
11.572413
8.644423
9.217453
8.780056
9.437320
9.997759
7.454653
7.573744
6.093404
7.781344
4.719839
7.338566
5.501625
7.357394
7.890823
6.616894
8.710206
7.451687
6.119339
7.023967
5.689965
7.015534
3.626326
4.478253
1.082547
5.804163
5.046031
2.449236
3.793314
5.050726
2.086484
1.787493
1.255751
0.398178
1.851815
3.136148
-0.814409
-3.201144
-0.321664
0.186680
-0.085602
-4.314535
-4.152925
-4.972791
-4.934554
-2.272999
-1.590040
-0.968575
-3.781586
-6.523961
-6.581324
-5.202804
-4.676004
-4.492413
-7.929348
-5.264099
-7.778437
-5.951311
-6.075458
-4.934684
-7.841325
-6.129519
-5.540503
-10.022566
-10.453565
-5.074126
-5.393514
-10.289335
-10.388914
-6.843163
-8.935569
-7.679545
-7.368428
-10.975935
-11.300047
-8.710236
-9.544129
-10.107185
-10.981208
-10.823772
-9.548476
-9.940935
-12.378101
-8.105872
-12.875691
-10.778485
-12.184473
-8.746457
-8.157443
-9.907428
-8.355242
-10.894355
-12.039445
-11.606304
-7.300604
-7.212109
-10.946950
-6.915934
-11.762875
-11.638965
-11.486666
-9.744236
-8.664411
-11.327686
-8.722228
-6.722629
-6.519899
-10.453559
-5.096696
-8.589922
-8.942554
-7.094452
-6.144242
-6.592120
-4.771792
-8.599038
-7.388061
-4.397517
-5.692387
-3.048164
-7.346305
-6.613640
-5.908817
-1.165239
-3.389392
-3.551160
-1.169833
-5.700430
-5.143408
-4.441149
-4.739269
-4.236426
-3.791704
0.972730
-2.401853
2.636299
-2.787000
