2.354924
2.104811
3.730229
2.971886
1.223112
2.563849
0.830221
0.754218
2.403567
1.003802
4.766353
1.244664
5.590522
5.117288
4.189223
3.742602
3.120302
7.708923
6.353593
7.659133
4.903700
5.248639
4.780480
9.286372
5.770494
4.961698
4.917825
7.376005
5.668518
9.163585
10.076031
8.317536
8.749196
10.017009
9.434450
10.781519
6.820302
12.273367
10.845762
11.268441
11.981293
9.919557
9.137359
8.446820
10.843764
11.982330
11.137034
7.392850
7.798904
9.456831
10.279501
10.618332
8.364533
8.254584
9.304951
10.475221
6.802346
10.224465
10.153499
11.677481
11.559806
10.035185
10.482033
10.848687
11.601569
6.770115
10.290134
6.206655
10.348262
9.262968
9.026657
6.863648
9.893274
5.826944
5.490309
7.898407
6.590459
6.286746
5.296594
7.339043
7.589028
5.256347
6.633875
5.188184
3.977182
5.303113
4.561015
4.259651
5.294527
3.675920
0.616990
0.107046
-0.398171
2.854196
3.180953
4.073475
1.609497
-0.037770
-0.678787
-0.950804
0.660782
0.352893
1.417106
-0.746025
-3.618206
-0.944888
0.159878
-5.134583
-0.264811
-0.218605
-4.678327
-5.139903
-2.596259
-4.930061
-6.646877
-4.147773
-6.785939
-5.849510
-3.579265
-6.557844
-7.652412
-6.015856
-8.935058
-5.976851
-9.859488
-6.537273
-10.241132
-7.489412
-8.220100
-9.481379
-8.787276
-6.261470
-7.438544
-9.442854
-10.359534
-7.286595
-8.472784
-11.499210
-6.792782
-9.521773
-9.347589
-7.426758
-6.844049
-7.949916
-9.435038
-8.914009
-9.017156
-9.803046
-9.454547
-11.902704
-12.088064
-11.944189
-12.404113
-8.542122
-10.537696
-8.624028
-6.984394
-6.853840
-7.618035
-9.013738
-7.899860
-8.758309
-8.416626
-9.197093
-9.932897
-8.173570
-7.187502
-7.209351
-8.210954
-10.771860
-10.802881
-10.338430
-6.553635
-4.298010
-7.034717
-4.995311
-7.334691
-5.617372
-4.760880
-3.221438
-7.866349
-4.403449
-4.602809
-7.457472
-7.524173
-2.476790
-4.592301
-4.404776
-4.698257
-5.350845
-5.298231
-5.267108
0.056456
-2.651660
-1.558554
-3.412365
0.239737
-1.103215
-2.585962
2.020013
