3.298733
-0.617377
0.958135
0.731514
1.302860
0.409873
4.732760
3.248951
3.190803
4.524857
6.370499
3.355372
4.918937
2.722829
3.353637
4.522541
3.867641
6.949886
6.810916
6.187492
7.424503
8.399452
8.340556
5.807570
4.637129
9.002264
4.854991
8.674840
5.177881
9.068402
6.383542
6.768004
10.807934
6.695291
10.775840
9.828536
6.450077
9.209054
7.778716
9.201525
9.788235
7.196662
7.518921
12.677755
7.212478
7.369337
11.368863
11.592295
10.906136
9.113545
12.415368
8.055712
11.437933
12.582699
9.874315
9.529499
10.435989
9.681769
12.079738
11.187439
11.920400
9.222425
8.745507
7.858721
8.987704
11.198965
6.267127
8.245452
7.592993
6.468830
5.588095
7.537590
8.120884
8.613898
8.071419
6.400402
4.743631
4.035429
3.993137
7.518028
6.348954
4.935256
5.816160
6.968641
1.775050
1.729673
1.589435
1.315948
4.457581
3.325061
4.956580
5.201983
2.270919
-1.085506
0.803922
4.170141
3.029697
1.617132
1.049762
-2.176356
1.353465
2.345430
-2.770752
-3.400447
-0.946850
-0.117320
-2.928480
0.416142
-1.338287
-1.307969
-2.419321
-3.068375
-5.190712
-5.861846
-3.836190
-5.708145
-6.089985
-7.202459
-6.223220
-7.647546
-6.312609
-4.313261
-7.205963
-5.422300
-4.875454
-5.777337
-7.520711
-4.832651
-6.810356
-9.510445
-5.471899
-7.733183
-5.702521
-7.965478
-7.657403
-6.563468
-11.561675
-8.897340
-12.398481
-7.140427
-10.949692
-7.351631
-12.667305
-10.150003
-10.266503
-8.114335
-12.800335
-11.700466
-10.840201
-11.597370
-7.402799
-9.453315
-11.166490
-7.111492
-7.601526
-10.600036
-12.506577
-10.370072
-8.472444
-11.583823
-10.788662
-11.084740
-11.156850
-11.764506
-8.130816
-10.708976
-10.876727
-5.801095
-10.734669
-7.999041
-9.439343
-6.299366
-5.278492
-8.563063
-4.774002
-6.940002
-9.188560
-4.876339
-4.557098
-6.557982
-4.929862
-3.665623
-4.399034
-5.467117
-2.508418
-7.196502
-5.521114
-5.555670
-5.617772
-4.658102
-3.828047
-2.116896
-4.529649
-0.980221
-1.224724
-2.253096
0.287307
0.511515
1.205882
0.889229
