-0.826846
-1.507514
-1.798317
-1.136416
0.217140
2.955577
0.645811
4.191272
5.377894
1.273695
1.012525
2.754042
4.972341
4.699492
6.211164
7.496033
7.849422
4.002660
5.500349
4.606443
6.300953
7.444206
7.544311
4.070185
4.179774
6.251906
5.266872
5.027954
7.683281
7.459562
6.771339
8.474967
9.802858
10.083341
8.109836
9.880646
12.032738
6.829010
8.707464
7.838734
10.836785
11.184859
11.974480
7.005065
9.706823
9.249730
7.972358
12.720991
7.514992
12.908480
12.831869
8.244155
10.261854
12.403304
7.224129
12.096915
10.890548
9.251492
10.417665
10.884345
11.585163
11.063439
7.206954
8.116277
11.254830
6.677019
10.279340
6.759724
5.890135
8.635083
8.439232
7.094018
10.119936
8.637578
6.520035
5.099873
8.864417
3.390989
5.096648
3.889904
6.372284
6.864297
7.836671
4.092608
6.077219
5.049594
5.559721
0.750612
5.249674
4.700754
2.590912
4.321028
0.377962
-0.421291
-0.551858
-1.599353
0.002534
2.347294
-1.899585
0.209585
2.643805
-0.946217
-0.549902
-2.369857
1.431034
-3.533723
0.810289
-1.723052
-2.607855
-1.664218
-2.843743
-4.902209
-2.081717
-3.714462
-4.108610
-5.933518
-3.398782
-3.688032
-4.490367
-5.810167
-7.370216
-3.466155
-4.434960
-6.237964
-5.445160
-6.353930
-6.642429
-10.152740
-9.108599
-5.284229
-8.366716
-9.409108
-6.996252
-10.887095
-11.232946
-7.570967
-11.283275
-9.652194
-9.527605
-9.372389
-7.353954
-8.644955
-12.213550
-12.530196
-7.943365
-8.903472
-10.603403
-7.944425
-12.934263
-8.060689
-11.673703
-10.118750
-9.774736
-6.933471
-12.754611
-11.123515
-9.141288
-11.331406
-7.184916
-11.449595
-12.109052
-8.738261
-8.823403
-9.916644
-6.543531
-9.555858
-6.040117
-8.262018
-10.672920
-10.144047
-7.299106
-5.294404
-8.002916
-9.661925
-8.514159
-6.564844
-4.481855
-5.424031
-8.303134
-8.699743
-5.298327
-3.320860
-6.223759
-6.140717
-6.977183
-2.562249
-5.796083
-2.833248
-6.238025
-0.900512
-0.138122
-2.948671
-2.365646
0.449764
-2.790259
-0.928857
1.716771
-1.646465
-3.215157
-2.547864
