1.221033
-0.269626
2.900360
2.366236
-0.461362
3.212074
0.809117
0.042698
1.796991
5.255536
1.537431
3.603281
2.953419
4.843745
1.650186
5.868298
2.973181
5.290914
7.214432
8.302170
6.182502
3.968343
5.191975
4.010936
4.747360
7.836269
5.796815
7.063245
6.421498
5.929081
11.126058
8.261773
8.754919
10.194817
6.823525
8.702864
9.807015
12.247896
7.214761
10.388137
10.070607
10.037328
7.988791
11.659143
11.857770
7.907328
8.598991
10.199205
10.399639
7.460188
11.377927
7.418345
10.716071
7.666338
8.289690
11.386972
9.338343
11.427987
9.947679
6.898280
10.492957
7.234618
7.649643
6.677224
6.603959
8.407084
9.808665
5.632317
6.832214
6.719299
8.909606
5.634765
8.255806
8.905638
6.617245
9.080447
4.537864
8.567534
4.405421
7.650346
5.705123
4.117633
2.195727
6.645628
2.606124
6.631426
4.984372
6.445992
2.786473
5.722182
4.467857
4.814633
4.732489
-0.286056
-1.200869
0.602924
0.141530
-0.946640
1.096914
-1.027059
2.388873
-0.514100
-0.018222
-1.813992
-3.140974
-3.183790
-3.608583
-3.094896
-4.162744
-6.083523
-4.813332
-4.709066
-6.070718
-4.477173
-6.360970
-7.806248
-5.861803
-6.605597
-3.765115
-5.266226
-3.708427
-8.496542
-4.078723
-6.775413
-4.852016
-9.038059
-6.254601
-10.624458
-9.770296
-9.734374
-9.060595
-10.841100
-8.427743
-7.139566
-9.898560
-11.774440
-7.766778
-11.971978
-8.669273
-7.595989
-10.571244
-11.892359
-9.836970
-9.737104
-10.352907
-8.124553
-8.598130
-7.126925
-9.383250
-12.699302
-10.275794
-9.487645
-12.542344
-11.147634
-10.591401
-11.733262
-12.680089
-10.229507
-12.185819
-7.397185
-6.893407
-11.079221
-6.702984
-10.864637
-7.010193
-11.707334
-6.442735
-8.262663
-6.514801
-10.824977
-10.615083
-8.348202
-6.400993
-8.977372
-7.120180
-8.864045
-8.313221
-8.746118
-6.757221
-6.040158
-6.860126
-2.576343
-7.511209
-6.477818
-3.092912
-7.135721
-4.966602
-1.189294
-2.651504
-4.218918
-2.302053
-1.574116
-1.238327
-0.656162
-0.266515
-3.353339
-2.380471
-3.610306
1.374752
0.789462
