-0.926455
2.049124
2.608831
3.807168
1.881333
0.494731
3.635743
1.685225
5.650862
4.563487
6.250273
5.532477
4.550030
5.674361
2.578669
4.148951
6.122340
3.189941
8.599982
7.712565
7.751043
7.349221
7.600415
6.483015
5.986261
8.717388
8.247444
6.947034
5.663717
9.973641
6.715665
11.006862
7.215226
9.302862
8.372547
8.703603
11.812735
11.551850
6.581557
7.866335
8.639945
10.119285
8.932686
8.744037
8.269279
9.969182
7.497679
10.274286
12.606901
8.545851
9.572083
9.051512
8.786356
9.323392
12.052023
9.487636
11.149398
8.890417
12.111704
11.682249
7.731946
8.208800
6.720973
6.854157
6.580606
10.743239
6.306762
9.445869
9.833686
7.097825
7.298429
5.442481
10.189350
5.598287
4.249358
8.731003
4.055279
5.810748
4.001207
6.296755
7.907399
6.725219
4.791039
2.666447
2.907492
2.260042
2.118512
1.124398
4.136547
2.690527
-0.137940
3.161398
0.142256
-0.125787
-0.783343
-1.103602
2.891757
-1.511095
0.400679
-1.593351
1.223163
0.662334
-2.518590
-0.649053
-1.570479
0.577406
-1.666277
-2.389062
-5.215664
-1.167647
-3.101199
-3.409395
-2.225258
-1.696450
-6.441014
-5.565747
-4.664422
-2.520362
-3.594248
-7.012570
-7.289792
-6.230524
-4.074324
-6.452949
-5.433679
-6.926941
-8.280071
-8.630359
-6.187659
-9.511566
-10.875655
-10.713737
-6.861545
-9.622408
-10.083746
-11.779740
-12.117718
-11.462236
-7.550302
-7.437493
-11.001005
-8.673637
-12.750658
-8.571612
-10.408210
-6.957444
-11.760981
-9.526140
-7.257148
-12.167411
-7.167204
-7.919081
-11.075703
-9.314048
-8.512631
-8.192886
-12.348358
-7.848707
-9.644196
-11.724929
-7.798041
-7.331394
-6.760988
-7.532079
-10.166455
-11.722552
-8.221337
-8.902752
-8.721714
-10.614244
-8.731258
-9.420154
-9.587911
-6.852411
-6.095339
-5.861152
-9.585394
-3.458304
-7.949247
-3.794582
-4.023707
-4.667699
-5.439856
-3.260206
-7.500506
-3.849112
-6.860374
-4.279884
-1.898850
-3.726059
-4.757504
-5.026974
-2.033464
-1.864098
0.740637
-1.326804
-1.077900
-1.581583
1.666522
-0.134075
