-2.405135
1.042877
-0.271506
2.930716
0.158863
-0.364428
0.188278
4.157382
1.032638
4.160894
0.631729
1.530855
6.304765
5.318554
5.325867
5.457612
7.390522
7.015446
3.492084
7.378234
7.598855
5.505093
4.939519
8.895025
6.467905
6.884712
6.123937
8.180615
5.684998
10.793064
7.317204
10.432386
10.489017
10.342595
8.626265
8.477353
10.841781
8.470018
7.671259
10.892473
7.560241
11.188996
10.496747
8.306885
7.998839
12.087447
9.752834
11.054381
9.934850
11.358116
12.550904
10.154647
9.707848
12.263166
7.949039
8.951158
10.127140
11.290571
9.271040
8.329364
12.333344
10.664945
11.210489
7.871408
8.837381
10.869775
6.308184
8.918317
7.801794
9.486862
5.252761
4.908535
8.258776
8.460330
9.748175
6.844019
6.305613
9.166504
3.570916
8.832641
8.348260
6.142600
2.724795
5.959944
5.326107
1.403021
4.084476
5.246697
1.241039
3.129985
5.363419
2.207788
2.056816
3.879719
3.678272
-0.053852
2.624259
2.923724
-0.194485
2.650113
0.720717
0.078283
1.049112
-1.064468
-1.380789
-1.296028
-2.780838
-1.646562
-5.631825
-3.395564
-5.220625
-3.045693
-1.719819
-1.711320
-3.040866
-6.039255
-2.857159
-6.043125
-4.378907
-3.990578
-5.539819
-4.318540
-8.754920
-7.562037
-7.090519
-8.948427
-6.713568
-8.760631
-10.035088
-6.831595
-7.328809
-7.332162
-9.763676
-6.796998
-9.917075
-9.842194
-10.245057
-9.101966
-6.540893
-7.215501
-7.309123
-11.408966
-8.512841
-10.294566
-9.739214
-8.374682
-12.717674
-9.948455
-12.533093
-9.385865
-9.685478
-7.299395
-10.696094
-7.879872
-6.903556
-12.071738
-12.431364
-10.893735
-9.115314
-12.489223
-6.847940
-10.283263
-10.624178
-11.634450
-11.509178
-9.746861
-9.483859
-8.969141
-7.496129
-6.269249
-8.899033
-7.348182
-8.887912
-6.353332
-4.586500
-9.740208
-4.441124
-3.499138
-3.295037
-3.301373
-7.615120
-3.607526
-4.872388
-1.966908
-2.060229
-7.003225
-4.117002
-3.587563
-2.296372
-1.944049
-3.128902
-2.865280
-2.598692
-3.265866
-1.502775
-2.739826
-2.467805
2.107569
0.044891
2.842262
