2.359012
0.122089
0.774416
-0.119772
-0.848798
1.300053
3.687608
0.668844
3.012303
3.011993
2.487382
6.670082
5.748359
2.135832
2.031827
7.573460
6.057382
3.446396
8.103287
3.276211
4.523387
4.492831
7.993759
4.621399
10.026804
10.129505
6.019705
10.162975
8.665254
9.384928
11.204520
8.660393
9.384564
7.931987
8.678829
9.516943
8.459069
8.710863
9.309589
8.430089
11.394506
9.625639
12.027433
8.003556
11.131764
8.012984
9.641433
8.508803
8.097334
7.335545
11.119512
10.215682
10.058020
9.515117
11.644956
10.544287
8.139467
7.418601
9.362098
9.886407
7.129465
8.763268
8.920856
10.945526
10.804842
8.492654
7.960483
9.190675
8.063600
9.005609
9.574000
5.350429
7.130761
5.900928
8.103839
7.468614
4.454448
4.874129
7.835936
6.189824
7.408020
4.410887
2.130069
1.852044
1.959726
6.808215
6.190113
2.973662
3.190736
1.219447
3.663621
4.306448
-0.401039
2.867346
-1.395329
1.286135
-0.868758
-1.329996
1.859255
0.684646
-1.622163
-2.952138
0.536698
0.113494
-2.611303
-0.648670
0.672388
-5.237351
-2.641372
-3.744152
-0.990588
-4.899212
-3.328917
-4.651319
-3.843250
-4.122637
-4.105632
-4.763738
-8.235417
-3.241739
-5.744701
-3.978282
-5.823623
-4.748915
-9.352663
-4.464852
-8.759360
-6.125524
-6.906388
-5.655221
-7.124648
-9.833750
-7.179578
-9.917974
-6.655090
-9.526898
-6.268151
-9.834931
-7.107787
-9.028226
-9.896225
-8.158485
-7.619869
-8.908326
-11.175864
-8.388218
-8.006421
-8.221649
-10.993899
-8.569644
-10.821973
-8.126592
-11.171819
-8.689838
-8.461150
-9.555162
-8.899125
-7.005230
-10.502572
-12.341332
-7.831352
-9.930167
-6.661982
-8.664509
-10.586617
-9.848748
-9.656855
-10.174798
-8.832913
-5.109399
-8.220426
-7.063289
-7.011279
-5.943214
-9.866130
-4.058790
-3.880695
-4.932640
-3.500947
-3.721403
-5.576926
-7.014740
-3.668681
-1.901273
-3.883850
-1.422067
-4.286783
-2.261643
-5.847902
-0.542552
-1.199965
-0.760916
-0.346169
-2.276554
-0.017034
-1.441843
-2.763037
-3.076138
-1.285628
-0.833004
