1.725509
2.184235
-1.681896
3.034985
-0.865598
-0.946337
4.591112
3.918938
0.367230
3.607860
2.638095
5.332559
5.947513
6.376417
4.332275
4.434863
5.837360
7.826991
7.246696
8.108074
4.113310
8.716869
6.075350
7.692854
4.777625
9.373738
9.971039
5.644431
5.826746
9.454581
8.523404
6.212163
10.611374
8.946768
10.722356
6.544711
7.525396
11.412165
10.160339
10.763382
7.290296
12.229407
11.487999
10.798685
7.398218
11.838860
12.928619
7.957604
12.474845
10.643843
8.331547
11.129760
11.173705
12.618504
7.130378
7.513807
10.605304
11.350958
6.891361
10.615183
8.959871
10.903212
8.346589
7.240034
11.335243
6.397976
9.053454
6.897398
9.598180
8.831007
7.632016
9.404849
6.527207
5.202769
7.814680
5.504964
3.708954
9.212434
3.814758
4.250248
3.289590
8.199215
3.013089
5.986947
2.276976
5.565947
6.419250
5.112980
1.780199
1.388209
4.089132
4.212336
1.622561
3.731253
-1.067757
-0.652073
-0.407988
3.350615
-1.729098
-0.845926
-1.325490
1.303561
-3.012732
-1.072530
-2.265214
0.772380
0.527979
0.479037
-3.527060
-3.803987
-2.371058
-5.925771
-4.471672
-6.499725
-4.488323
-2.383744
-3.887912
-5.164813
-4.901027
-8.173119
-8.318236
-6.878100
-5.346876
-5.582077
-6.414584
-5.732329
-6.994335
-8.354170
-4.938036
-7.452135
-5.708767
-6.185212
-11.077989
-10.066070
-11.584689
-11.146814
-7.678149
-9.898253
-8.211772
-11.983826
-8.624426
-10.357668
-10.151357
-8.055247
-11.073301
-10.609864
-7.681954
-7.555260
-8.282894
-11.142501
-12.896682
-11.988867
-11.418250
-10.074705
-10.584036
-12.613299
-6.789620
-12.032041
-7.630270
-6.870941
-7.401673
-11.314957
-11.048601
-9.900693
-7.865029
-6.183071
-10.679707
-5.839681
-6.388178
-10.062724
-7.448178
-10.298494
-4.663738
-8.890127
-4.745630
-5.942181
-7.214087
-6.882133
-8.215954
-8.727937
-8.127665
-7.420993
-2.232681
-6.811880
-3.173080
-5.934052
-5.433718
-3.694439
-6.367974
-5.831958
-2.282768
-0.210546
-3.944320
0.918599
-1.450146
-0.316005
-2.755685
-3.076292
-0.612117
-1.204559
