2.572858
1.300765
-0.259155
-1.364930
2.600656
2.950314
3.624495
1.260420
1.478682
0.176839
2.510919
4.970749
3.408800
3.391383
7.042196
2.714191
5.963898
3.879384
6.704254
4.099003
7.931780
9.109287
8.653414
8.617085
8.318943
5.741951
5.554340
6.856290
8.020188
6.378506
8.845200
6.708186
8.358599
9.382423
7.517619
10.525720
6.268085
8.417083
11.948188
11.211970
8.427122
6.797188
11.532646
9.073806
9.836384
11.596905
7.024536
8.637893
7.004438
8.403829
7.963369
11.145457
11.977525
9.810176
12.788904
8.378693
10.934038
7.484799
9.934991
8.112422
7.564497
6.939459
8.625936
10.197509
9.503424
9.097978
6.049277
9.497420
6.255526
8.498034
5.594211
10.255235
5.093140
8.039701
8.670358
5.403482
4.365385
5.497830
5.973453
4.856944
5.904455
5.797282
2.895384
6.352745
1.803691
2.555582
1.037486
3.956279
5.495978
4.746963
3.788484
1.312918
5.174884
2.583990
0.763223
2.391658
1.042042
0.839087
-0.816029
-2.954310
1.152931
-3.456756
-1.969747
-2.180732
-2.075671
0.293738
-2.818934
-2.824103
-4.496433
-1.365636
-1.410224
-6.521066
-6.332559
-6.228617
-5.323377
-6.633572
-7.881805
-5.518097
-7.617413
-3.980679
-8.649113
-7.422852
-9.598415
-8.872612
-9.874399
-5.870196
-6.937383
-8.132933
-9.401502
-9.623113
-10.759557
-10.568320
-10.069330
-11.149339
-6.326398
-6.187105
-10.446399
-8.807127
-12.389592
-9.790086
-9.830189
-10.617993
-8.119897
-9.594121
-12.247894
-11.550386
-11.076569
-11.101969
-11.634668
-8.537233
-11.095775
-12.332524
-11.157014
-10.984274
-12.750628
-9.570451
-10.022992
-6.814465
-7.807125
-10.596936
-10.551082
-10.110099
-6.374009
-7.567041
-10.687129
-9.479106
-10.679114
-9.406593
-9.494474
-5.544664
-9.951667
-8.492483
-5.916884
-6.125944
-9.199438
-8.287078
-7.068866
-3.533822
-6.684633
-3.038263
-6.310411
-8.076666
-6.290617
-3.220104
-1.893567
-5.170907
-1.599094
-1.754641
-5.927925
-3.429948
-1.287036
-0.043804
-4.012831
-0.848381
-0.771188
-0.714302
-2.615226
-1.661917
-0.307515
-1.346561
