0.774943
2.675289
-0.890104
1.021388
3.840147
-0.990025
2.040423
1.179852
2.405809
5.236474
6.376890
5.985967
5.826167
6.752798
5.759394
6.953536
5.025523
4.192291
4.948233
3.035201
4.280228
7.468676
5.124391
5.193889
5.328326
9.322089
9.223437
7.085574
9.190192
6.425579
7.407330
9.881839
7.729596
6.901768
6.357483
9.776918
7.092932
10.873408
8.022652
9.481426
9.229143
10.203212
9.709145
10.150955
12.111170
10.701479
8.088563
10.891289
10.738065
8.926952
10.483304
9.635955
7.068366
7.097947
7.275636
10.634381
7.203139
8.015504
9.693294
12.443433
8.225888
8.567742
7.836384
7.613973
7.268725
10.492523
6.081973
6.117278
10.847594
10.829031
7.417043
6.228311
5.050283
8.090840
6.599276
4.255107
4.667742
9.000104
6.081769
5.611128
6.568911
3.601350
3.705113
2.309160
3.860182
2.227853
4.057612
1.934605
6.026614
2.600904
2.023750
2.628692
4.976028
1.583256
-1.293906
-0.779933
1.128980
-1.618490
2.355910
2.531795
-2.986904
0.488800
-0.731080
-1.267562
1.158328
-0.399949
-2.287717
-3.185497
-3.369695
-2.580416
-6.358225
-6.019569
-6.959175
-5.700933
-4.895762
-7.440260
-8.022227
-4.551948
-3.551881
-7.864382
-7.299971
-5.297435
-9.188625
-5.441028
-5.469575
-9.650343
-5.611274
-7.720405
-10.393361
-5.700547
-7.912874
-7.899815
-10.204654
-8.821505
-11.845146
-11.371364
-9.644559
-9.863093
-11.434497
-7.730044
-7.213225
-11.252107
-11.058821
-7.046928
-11.849258
-7.553565
-7.887346
-7.922578
-10.244845
-8.869528
-9.864703
-8.251791
-7.708942
-7.962711
-9.782751
-12.259893
-8.690716
-7.586170
-12.517413
-6.588457
-9.091183
-9.408313
-7.755637
-6.055044
-10.130112
-8.921308
-8.673578
-6.671316
-8.338345
-6.960267
-9.775830
-10.039012
-5.249329
-8.298591
-8.445103
-6.314727
-4.884051
-3.863369
-4.418995
-6.378739
-5.599715
-3.717109
-2.875352
-3.960515
-2.521145
-3.868801
-4.052992
-4.768000
-2.000330
-1.458099
-1.876778
-2.074361
-5.038104
0.311465
-2.400497
-0.554791
-0.224274
-0.614786
-1.351267
-0.851397
