2.446305
-2.295605
-0.266097
-0.246182
3.032470
3.667323
-0.322012
2.597470
-0.116780
4.850261
2.856237
3.610455
1.060983
3.459900
2.052839
5.331511
3.234319
2.534785
3.597844
6.191018
8.322712
8.827554
9.071007
8.630022
6.285325
9.044972
7.164653
5.116242
10.429582
5.359891
8.867989
7.352528
9.343255
6.907775
9.926240
8.912109
8.080652
7.789472
11.356164
11.956760
10.623508
10.673056
10.253082
11.544556
9.385777
10.436404
6.988149
12.242733
12.187191
12.245667
9.999685
9.325497
9.044441
8.715954
7.837910
10.692361
7.858204
8.884887
8.479989
11.989157
12.402517
8.796048
6.325700
9.652401
9.582448
7.801204
6.972412
9.288264
9.523323
6.716827
10.625485
6.764521
9.212480
6.878810
9.160340
5.055121
5.322240
3.588532
7.829494
2.946860
6.896530
2.556022
2.922497
4.143543
4.488306
6.337377
5.859907
1.084247
3.453153
3.170491
4.381197
1.554651
3.772667
2.686039
2.168845
0.681995
3.810346
0.059453
3.306825
2.161868
-1.532405
-2.286303
-0.661343
-3.318636
1.374780
1.071352
-4.303630
-4.698371
-0.867831
-5.856294
-5.222947
-6.357053
-6.969875
-5.634010
-1.845629
-5.009496
-6.702247
-3.849882
-4.839672
-7.554757
-7.593985
-5.936585
-4.340360
-8.014246
-6.368906
-6.843772
-8.359131
-6.916347
-8.174498
-7.927371
-9.093462
-11.192387
-5.852457
-11.559276
-11.830645
-8.218295
-10.905741
-7.797503
-7.616834
-10.704315
-8.813375
-12.256742
-9.141508
-11.549757
-10.194649
-10.324002
-12.585673
-10.572847
-12.874727
-7.310089
-7.411414
-9.095342
-10.030192
-12.750405
-11.103354
-11.726406
-12.613395
-9.791605
-10.170946
-6.597512
-8.058425
-6.404864
-7.110122
-8.877685
-10.010064
-9.516583
-11.363699
-9.645664
-9.446744
-9.531255
-9.573495
-8.526966
-7.360268
-6.894951
-6.699582
-4.533904
-3.790081
-5.197622
-5.550666
-4.845188
-2.917970
-7.824708
-5.711893
-6.537510
-7.066360
-2.982546
-3.308727
-3.113870
-2.136612
-0.535453
-3.897982
-0.408417
0.147824
-2.141630
-3.565737
0.282928
-1.305141
1.531439
2.626145
1.648694
