-0.694991
0.239981
3.823837
-0.830756
2.693774
-0.250682
-0.066184
2.636081
1.809872
2.212193
6.346369
4.127310
4.746207
3.754541
7.461270
3.592582
7.648453
6.067771
4.515244
4.058859
5.742173
9.134141
8.392007
5.303344
8.565107
9.706174
10.014492
7.567202
5.157619
6.034498
6.825286
6.426573
7.505526
8.316760
8.612814
8.906164
10.533284
7.883528
11.818353
8.663362
9.619242
12.385218
12.189740
10.943217
8.069209
8.905180
8.640503
9.177644
9.529653
9.997470
11.357796
8.192815
8.634259
11.267460
9.616406
8.221932
7.911399
8.043994
10.552615
10.906013
12.249334
9.928066
12.068316
11.404533
10.974670
8.602910
10.654166
11.372242
10.057673
5.197291
5.183444
5.593415
7.262916
7.889329
5.799926
8.102288
9.206637
5.444504
3.828143
5.253603
4.484964
6.865158
4.593956
4.908560
3.190025
3.934526
1.524713
2.209454
1.380049
1.459708
5.146298
4.150568
4.699028
2.027774
0.308119
3.651462
-0.301212
2.412302
1.932650
0.868466
-1.486907
-3.409763
-0.972672
-2.351400
-4.065516
-2.865611
0.239118
-2.376014
-0.428906
-5.355978
-1.571569
-6.506703
-6.905402
-6.197745
-6.114140
-5.722135
-3.710431
-4.615671
-8.361068
-8.472540
-6.313955
-8.354215
-5.772154
-5.936095
-8.258330
-5.661314
-8.863969
-8.773016
-8.336247
-10.427546
-7.961132
-9.641821
-9.850984
-10.103715
-9.078092
-11.727490
-11.048270
-9.592201
-7.902938
-8.433546
-7.513394
-9.897354
-10.273927
-10.025092
-12.079475
-7.394928
-8.050646
-12.241836
-11.289931
-7.559354
-10.863403
-12.128706
-11.102302
-11.305462
-11.406823
-8.349843
-11.198226
-6.822048
-12.323631
-11.207032
-8.607522
-11.996081
-8.673218
-10.771884
-8.852475
-6.234009
-6.297520
-6.738734
-10.849838
-6.810093
-6.106064
-8.421915
-9.909549
-7.547218
-6.653525
-6.142948
-4.449315
-8.388443
-6.238906
-6.766210
-6.483042
-6.825016
-5.556936
-3.721060
-5.280071
-3.744847
-1.397797
-2.561278
-3.160087
-0.179010
-4.097904
-0.634553
0.335320
-2.754918
-2.740371
-2.839969
-0.093979
-2.110994
-2.746400
0.344580
