3.205333
-1.803335
2.927882
-1.245957
3.317962
2.743742
1.809027
5.045294
1.195402
1.341796
3.241179
5.948091
6.772614
3.067849
4.227296
5.648732
6.071617
3.158780
7.270634
7.225301
4.344852
7.864017
7.003803
8.298559
8.033467
7.267618
5.085006
6.383833
7.493112
5.246257
6.584011
5.771393
7.126776
8.949159
9.215908
6.485510
7.884846
11.194227
11.667034
12.455879
8.365089
11.875362
9.038964
7.693669
7.088231
11.499782
7.987039
11.003159
11.506021
8.845613
9.632152
7.742093
12.725902
12.211789
12.045127
9.637807
10.659285
10.284856
12.088033
7.843469
8.795254
8.764890
7.362682
10.589311
8.428230
9.901912
5.835131
10.231448
11.167101
7.820238
10.655767
5.688432
9.392443
4.676331
8.906437
4.490939
8.294578
4.134743
5.221790
4.229144
4.177288
4.572569
5.737544
2.691053
5.711694
1.491548
5.483419
6.183064
0.459752
5.837214
3.022532
4.126649
0.434298
4.115806
-0.850727
-1.363813
0.954601
-0.524682
-2.601620
-2.168696
1.785189
-0.269763
-3.779396
-2.045659
-3.355446
-3.021727
-3.879008
-4.966738
-4.466296
-4.531028
-5.929340
-3.252608
-3.086938
-3.553293
-2.930850
-5.894549
-7.219553
-2.623045
-7.096457
-4.607561
-8.999648
-3.481248
-5.515235
-5.028503
-5.204304
-5.766999
-5.007327
-6.110548
-8.933106
-7.807162
-10.595473
-10.292780
-9.555485
-11.477120
-8.570651
-9.013147
-10.249494
-8.419921
-7.876495
-10.922353
-9.128585
-11.013546
-8.964305
-7.316256
-8.103337
-11.822803
-12.128744
-8.939002
-8.174923
-9.143088
-9.910617
-10.659419
-7.038316
-8.876714
-11.579175
-8.257737
-11.279126
-9.753972
-12.227079
-11.427137
-11.979075
-9.064861
-12.142764
-10.901701
-11.634928
-7.983764
-6.128830
-6.566950
-5.796347
-9.822720
-6.596356
-9.908156
-5.906020
-7.210780
-4.836859
-7.703843
-5.906964
-7.077613
-4.108915
-8.583025
-4.991854
-8.174160
-6.026078
-7.244836
-2.083918
-5.843982
-6.501542
-0.894592
-4.391222
-3.765899
-0.346449
-3.290557
-3.836925
-3.004784
-2.388416
-3.892182
1.223747
-1.480633
-1.096048
1.784358
