-1.198135
1.631765
-0.662085
0.566847
0.471449
1.398344
3.636327
2.056434
2.874836
5.350624
4.571276
3.834024
3.441004
5.757746
2.092952
7.319670
4.156091
2.381471
4.903013
4.166567
3.460379
5.697237
9.216457
6.004822
9.648786
8.472193
8.081002
7.792881
7.357933
6.196380
8.528093
10.311625
7.867203
11.259606
6.712359
10.921994
8.492031
11.294589
11.259345
9.849817
11.441149
8.171641
12.228314
11.848090
8.015100
9.063481
10.317398
8.724679
7.072635
9.094065
7.022093
10.119764
9.176103
12.126715
7.414284
12.430278
8.881192
7.236431
11.916394
7.799420
8.402291
8.619472
7.422338
10.673061
7.574573
7.322261
7.263041
11.136839
9.301021
10.395494
6.199763
7.662994
10.118059
9.264192
5.943271
9.072592
6.445106
6.277849
6.947028
8.172527
4.911138
3.552921
4.018344
3.952751
1.795370
1.733188
1.550629
3.164929
2.462604
4.536148
4.924345
-0.001977
4.377118
-0.243806
1.962554
1.017871
-1.170986
-1.692456
-0.465396
1.588896
1.339884
-2.736305
-3.803466
-3.836300
0.757118
-4.025018
-3.672883
-2.727064
-3.703800
-1.997632
-4.275977
-1.370861
-4.876232
-6.250553
-3.511126
-7.382484
-6.816632
-3.466987
-2.883669
-8.015288
-7.968385
-7.176811
-4.817841
-6.360763
-6.363722
-6.364811
-5.877331
-4.730239
-10.861280
-10.556379
-11.110087
-10.032194
-11.093547
-7.070799
-9.482734
-9.657712
-7.307530
-7.087051
-9.147323
-11.105426
-11.987877
-6.850548
-8.905330
-10.979374
-8.244798
-8.787752
-8.014758
-8.243200
-10.843670
-9.539003
-9.239786
-8.011627
-9.506187
-10.033486
-12.804354
-6.973380
-8.948860
-10.502316
-8.321200
-6.785715
-11.737536
-10.974412
-11.609740
-8.752500
-11.583621
-7.586681
-6.513546
-8.673409
-8.270129
-7.807097
-5.174306
-8.942891
-4.785702
-9.101303
-8.122981
-4.153733
-7.705240
-9.016473
-8.026020
-5.105809
-7.397496
-3.088560
-8.064920
-5.695906
-6.385797
-7.121035
-5.928472
-0.971438
-3.837516
-2.571238
-1.389147
-0.602982
-0.730349
-4.677649
-1.115446
-2.963549
-1.004754
-0.066100
-1.684193
-1.443924
