-2.508458
3.547580
-0.307689
0.899858
4.519513
2.544513
2.225016
0.539163
5.467955
6.084697
2.344735
3.166667
5.006831
5.356920
5.141123
4.006700
4.898390
7.993459
6.056614
5.763219
7.799844
8.364660
8.337729
9.440466
5.106041
8.622108
10.499035
6.457775
6.488532
5.749123
9.556454
10.140856
8.953497
11.561397
6.810476
8.346278
11.531428
8.788808
12.231206
9.564650
10.416363
8.682358
7.018324
11.424728
11.549469
8.786709
8.823983
9.896477
9.125906
10.722702
12.004466
8.235153
8.887601
7.139785
10.004571
8.533296
12.058945
8.486008
7.148491
12.032353
11.317709
10.068685
12.112693
6.951742
9.738263
6.742769
11.274125
7.844821
8.403869
10.259842
8.817913
5.822869
7.768812
9.179084
7.879091
3.883700
6.575338
7.071188
4.060141
3.924502
4.149717
2.887454
4.097191
2.950204
3.424065
2.991534
2.093058
3.279697
0.421961
4.996607
-0.097940
4.161189
0.914350
1.253699
-0.056722
2.099571
-0.213405
-0.578740
-1.394847
-0.197391
-1.175808
-0.732062
-0.321183
-2.490531
0.095856
-3.500542
-4.011849
-5.421710
-2.562390
-1.887338
-5.159018
-6.214986
-1.710603
-2.666446
-1.949657
-6.092527
-7.735219
-6.532265
-8.290687
-3.144858
-8.781669
-4.600637
-6.405836
-9.141363
-8.262622
-6.974794
-8.077600
-10.023561
-5.556781
-8.974702
-7.558287
-6.225125
-9.424090
-11.358248
-8.031315
-10.792043
-9.383716
-11.148848
-7.875749
-12.029148
-8.456390
-11.242678
-12.462675
-9.838757
-9.057157
-7.145630
-8.465241
-11.832120
-12.355225
-11.759097
-8.566165
-7.869884
-10.669352
-10.492176
-9.491646
-9.415445
-8.789430
-8.499449
-7.120431
-8.959650
-11.513001
-9.913295
-10.802867
-8.627640
-6.917904
-7.404401
-10.227791
-6.212363
-6.267374
-8.176804
-9.368095
-6.467715
-5.153299
-7.491753
-5.549802
-8.834149
-6.075421
-5.067326
-4.407742
-5.367396
-8.171552
-6.565739
-3.531485
-2.731163
-1.935596
-3.242741
-4.994478
-5.851164
-1.333121
-1.842309
-4.773971
-2.359800
-2.235321
-0.445699
-2.795114
-0.288227
1.793948
0.312640
-2.729444
-1.708171
