-2.466603
-1.356717
-1.452489
1.166018
-0.986146
3.268529
2.600265
0.292164
1.352453
2.799751
4.786812
6.094515
6.896052
3.781444
4.252277
2.501386
2.589534
5.440231
7.049207
6.532040
5.784365
6.936088
9.143660
8.148748
6.626970
6.703139
5.517227
5.963357
9.788455
5.559056
5.472017
6.913889
11.107248
6.903227
6.721254
9.699355
11.244663
8.442492
8.722635
7.252855
6.955518
11.714376
10.315828
12.423728
6.901425
11.833041
10.204518
9.408431
12.634988
12.283149
7.652966
11.174221
12.480540
11.566591
9.465478
7.396470
12.708622
7.236113
11.645037
9.749220
8.068921
8.827801
7.540499
6.187406
9.910947
6.410617
8.159032
6.623727
6.573874
6.249306
6.989674
5.304672
5.693883
8.306234
9.537255
4.200746
7.524746
7.408273
7.695025
8.184598
7.604741
3.185422
2.836109
3.483344
2.921964
6.680663
5.160922
5.846564
5.890554
4.908759
4.089443
4.313445
2.529245
3.340400
4.305368
2.695388
2.321772
-0.442015
-0.782658
-0.508066
-1.280997
0.919534
0.414077
-3.602042
0.690629
-0.525348
-2.457353
-0.481152
-1.805166
-2.761244
-5.030434
-2.552189
-1.453312
-6.772380
-6.383480
-2.803332
-3.709808
-5.277074
-3.131310
-7.213998
-3.299149
-4.977410
-7.534805
-7.474207
-7.936678
-6.223830
-8.592746
-10.510592
-9.541293
-7.901363
-5.542963
-10.807999
-9.843000
-7.204451
-11.478837
-9.806742
-9.412684
-11.594532
-11.091928
-9.048442
-7.153686
-7.256107
-12.131889
-11.670863
-8.812557
-12.815468
-10.466828
-8.321892
-12.513245
-12.915862
-9.491540
-10.096636
-7.356851
-9.074831
-9.896525
-7.048764
-9.778787
-7.517435
-7.900998
-8.855607
-12.165571
-11.318268
-10.776277
-11.752936
-7.488746
-5.874999
-9.264598
-9.259144
-6.544457
-10.476172
-10.378700
-7.977879
-9.689662
-5.514792
-5.365402
-8.675553
-5.097185
-3.912017
-3.130415
-5.483551
-8.142403
-4.022267
-6.412710
-6.548171
-3.396864
-5.968112
-6.589911
-4.372454
-5.571929
-0.270837
-5.507036
-2.919188
0.470452
-4.518628
1.142631
1.510606
-1.898595
-0.146512
-2.813393
-1.408723
