2.671717
-1.257238
0.472678
-1.518940
2.449429
0.040487
5.108987
5.251800
4.885250
1.961149
4.142416
2.627002
6.948499
3.978686
4.339517
3.833194
2.939494
3.897768
2.656807
3.695130
8.361539
4.982674
4.915173
4.989841
8.737489
6.787673
7.040958
10.475680
6.429406
9.484308
8.901236
5.497248
9.469101
10.852876
8.241599
10.486058
11.144858
8.559406
11.372531
7.886776
12.255748
10.921283
6.908683
10.935703
10.303848
9.463068
9.352308
7.899501
9.545157
8.835898
9.901384
7.712899
7.760893
9.131943
8.706847
7.790698
9.352260
10.584737
11.991280
7.524405
10.685546
10.851421
7.056330
8.368125
9.740988
8.647772
6.637482
9.373649
5.431609
9.660309
6.448863
6.961661
6.768074
5.684203
6.659211
5.926620
6.215491
7.360965
5.107417
3.697894
5.269120
4.148868
5.436464
6.970470
3.363412
4.955591
6.394842
5.896793
3.059706
6.082533
5.304531
2.380751
2.373837
1.035694
3.792797
3.724785
1.547003
2.290458
-1.915822
1.118902
0.097302
-2.661621
0.854966
-1.155798
-1.247584
-1.244359
-2.109999
-0.558936
0.098394
-5.088817
-5.355161
-2.368046
-1.987721
-4.165112
-5.338729
-3.947906
-3.718618
-6.850501
-7.474284
-7.727252
-6.334327
-5.107631
-5.128124
-4.862042
-4.456062
-8.890097
-9.007790
-7.888624
-6.507087
-9.302124
-9.895562
-8.936769
-10.364532
-7.001649
-11.085306
-10.383329
-6.692201
-9.156759
-7.403563
-8.045366
-10.853031
-9.083169
-12.382271
-10.204349
-11.861293
-12.229299
-7.449348
-8.432162
-10.060312
-8.218389
-7.141811
-10.589396
-10.108394
-7.609601
-12.528847
-9.478016
-9.955867
-11.005753
-8.043073
-8.772697
-11.494894
-10.163950
-7.142643
-9.548652
-7.880218
-8.305033
-9.635530
-5.945567
-8.938661
-8.172903
-5.130300
-10.510522
-10.274852
-9.812205
-7.311035
-7.435668
-6.786093
-6.170763
-5.244301
-5.705001
-4.833355
-5.349204
-5.291193
-3.981038
-4.017281
-5.611915
-1.810299
-2.820430
-2.794261
-2.293314
-1.248226
-3.142629
0.092388
-1.005335
-0.201594
-1.157393
1.906401
-2.911926
-0.422655
-2.911927
