-1.171612
-1.197905
-1.561576
3.685368
1.303905
0.603657
3.861923
3.531473
0.480729
5.837339
3.714408
4.200489
6.610122
3.606824
6.081263
7.603774
5.204061
6.731666
8.222784
3.068602
7.530797
8.765210
6.189165
4.263420
4.418257
9.976960
6.791147
5.130947
8.762004
5.156452
8.393231
8.487637
10.159955
9.215812
11.006312
10.787466
7.899974
6.990982
7.380246
6.944883
11.353049
11.834878
6.801795
11.338573
11.247862
8.776121
7.933924
11.600357
8.188962
9.073989
7.406918
11.759749
12.574334
10.583200
12.451166
7.384818
8.516661
7.241992
10.826526
7.980995
10.666279
11.344525
8.548519
6.705004
9.283794
8.187317
7.010737
8.454194
9.958309
8.097096
10.615429
10.410008
9.264519
9.382235
6.899292
8.107155
4.239478
7.535430
5.522413
8.697483
3.624299
5.092352
7.863700
6.857560
6.987802
3.097160
4.316841
6.669625
0.753964
1.621648
5.505587
0.907626
4.187413
-0.778195
1.143782
-0.332001
0.165338
0.494302
-0.088361
2.267145
-1.330101
-0.480785
-2.232498
-2.398905
-0.544523
-1.822731
-2.151153
-3.250948
-1.290971
-4.318161
-4.312324
-4.272358
-4.701459
-3.756626
-5.892158
-3.555176
-2.697153
-3.204886
-2.997037
-5.521015
-8.867311
-7.680045
-4.657073
-3.848745
-5.926426
-9.370295
-6.247125
-7.019011
-6.763793
-7.250859
-9.513491
-6.771057
-9.702943
-6.601219
-11.448933
-11.556989
-6.972584
-11.020162
-9.831349
-8.072791
-8.095609
-11.646439
-9.082651
-12.278184
-7.152887
-12.015570
-7.163580
-7.976762
-12.677456
-7.525867
-7.442925
-10.264733
-10.820395
-11.561665
-12.449141
-7.635969
-10.239337
-7.182209
-11.100747
-11.411292
-10.826005
-11.534181
-10.160106
-10.887697
-7.307834
-8.521144
-7.881927
-7.179297
-8.143343
-6.474836
-10.505958
-8.216095
-7.394899
-7.792927
-5.683061
-8.097078
-4.858099
-4.502769
-4.776689
-6.610223
-5.939292
-3.352250
-6.004023
-5.547036
-6.022779
-3.324871
-6.111350
-3.788666
-4.342110
-1.688844
-2.675831
-5.223759
-0.216552
-1.753682
-4.271486
-2.702834
-3.730178
0.682538
-2.797249
2.530472
