0.617928
1.221175
1.382696
3.441454
3.678753
0.586728
0.832524
1.704780
1.890192
2.783753
2.739026
0.991558
2.701029
1.838866
3.105013
5.860741
7.862973
3.370508
3.088166
5.679405
6.148169
6.603553
8.066971
8.594176
8.787920
9.605068
9.148624
5.888406
6.714063
10.126588
7.036198
9.631450
5.912501
11.212557
7.455134
10.335903
6.790696
8.210997
9.353820
10.563059
9.268425
9.402945
8.888368
8.991433
11.075770
12.910007
8.393176
10.493465
10.908757
10.175427
12.061937
8.468898
11.943616
10.910530
11.587850
10.063512
8.921966
9.476597
9.838198
10.335388
7.431462
9.939924
8.806312
11.711932
7.547624
10.772875
11.136110
9.799416
10.041120
10.785137
8.140599
5.919516
9.599768
5.630733
6.162483
8.965556
7.947208
5.157324
7.532445
5.806714
2.944449
3.571919
6.928243
7.565390
4.402172
1.964204
4.608733
3.527783
3.954248
2.961167
3.213534
-0.240691
4.980776
-0.604227
0.733265
0.239001
1.791175
3.495701
3.160803
0.125496
-1.675501
2.350341
-0.425061
-1.914451
-1.028460
-0.204064
-2.269211
-2.785082
-1.688035
-5.931106
-3.648768
-6.317594
-6.858212
-2.555761
-6.774007
-1.818018
-5.747026
-5.962545
-7.804547
-7.420680
-5.474311
-5.080111
-9.052524
-5.941939
-5.850620
-9.643421
-7.820385
-6.696037
-7.719374
-8.717438
-6.214196
-10.116373
-9.787453
-7.273325
-6.880972
-9.402031
-7.599595
-10.686825
-9.699388
-11.373189
-11.061482
-6.724910
-10.504456
-10.776069
-8.151406
-7.126182
-7.801085
-9.489033
-12.576179
-8.404979
-9.713640
-11.651255
-9.414191
-11.559593
-10.836774
-10.296279
-11.685698
-11.025175
-7.892437
-11.005869
-6.584972
-9.036880
-11.517554
-9.048077
-10.403350
-9.546094
-11.043951
-5.791516
-7.025439
-7.849520
-9.363924
-5.846666
-7.661575
-6.725825
-9.492222
-8.858590
-4.460878
-4.298286
-7.766627
-5.449936
-7.067774
-4.517582
-6.310897
-7.521947
-3.228441
-2.576232
-3.766445
-6.451251
-4.156799
-3.637169
-0.914378
-4.941873
-4.627191
0.957734
-3.323753
0.518500
-3.326166
-1.679647
-0.506681
-2.455721
