-2.356872
2.955924
1.068886
3.922235
3.818640
3.365233
4.134068
0.122985
3.815251
2.556304
5.185517
5.153207
2.122392
1.858991
3.975527
3.997394
6.517938
4.793134
3.685637
3.641078
5.890546
4.143576
7.643495
7.084387
9.537464
6.355915
9.969069
4.727074
7.694068
6.346334
8.690828
8.658335
11.458239
6.566012
9.905298
9.390803
9.857520
10.616202
11.884496
11.178000
11.504368
8.908587
7.316843
10.671085
10.105143
11.959693
7.039381
7.830450
12.330094
7.286059
9.036642
11.882266
8.477069
12.470815
11.438371
7.162785
8.408963
12.631927
8.339325
6.577423
10.501891
11.089271
8.257060
11.147847
10.001893
6.455257
9.530012
5.764311
10.674967
8.923803
9.117595
10.487507
4.874469
4.326176
9.405357
8.631642
6.373114
6.250283
8.097330
8.549422
3.612204
4.550235
7.702216
6.277675
6.085070
2.463867
3.799868
2.544757
1.626745
0.677701
1.038046
1.819565
2.040531
-1.052364
-1.056161
2.156622
-1.998762
-2.130150
1.450021
1.255664
0.978499
-1.984133
0.715484
-1.956412
-1.644107
-0.591705
-2.738403
0.074358
-2.073383
-3.912833
-5.034672
-6.153099
-4.484711
-7.253251
-4.322568
-6.082560
-3.552076
-8.012556
-6.965806
-5.675116
-8.573963
-6.649499
-6.755864
-6.603051
-7.825445
-5.270525
-8.414521
-6.060241
-5.376138
-6.871798
-9.860713
-9.415478
-5.750350
-7.170190
-6.813606
-11.182934
-11.294156
-11.294143
-9.981444
-10.714995
-6.915159
-10.884593
-9.007800
-10.650520
-7.814134
-12.466567
-11.855961
-12.664281
-7.910336
-10.580556
-7.693720
-11.428543
-10.759349
-12.587607
-12.046511
-7.190063
-8.746907
-7.611027
-7.536152
-9.139003
-7.676681
-8.321338
-11.846743
-9.295368
-11.452600
-10.182963
-7.431295
-8.184523
-8.218047
-9.086833
-5.498497
-5.360570
-8.679607
-6.942352
-4.469735
-5.630280
-8.680931
-7.778387
-8.089533
-5.948465
-4.016499
-5.475095
-3.555353
-7.377437
-1.653008
-5.702734
-1.862162
-3.493443
-3.187398
-2.800839
-1.633526
-3.034653
0.036760
-1.138459
1.161141
0.358667
-2.727774
0.201759
-0.187433
2.219340
