-0.099153
-1.426315
-1.650285
3.674724
1.509658
2.793079
-0.187196
1.677384
2.767822
4.361871
5.069193
3.286439
6.956699
6.665901
1.792731
6.406667
2.223094
4.850674
5.042486
3.646930
7.650234
7.118582
7.921611
7.382310
7.444444
7.204883
6.737762
10.485866
9.104025
6.371168
7.793205
11.130479
10.221211
7.836375
7.786353
11.082997
7.012334
8.242740
8.543823
11.279211
6.987886
8.810056
9.041941
12.366103
9.853050
10.113124
11.822665
12.753360
10.326323
9.962700
10.146524
9.384191
11.834022
11.506940
9.807905
9.960936
9.226698
12.094183
7.066072
9.598824
11.295675
11.059810
7.006462
7.618919
10.004023
8.548150
6.107749
9.317437
10.485740
8.282286
7.034611
10.296819
8.832500
4.295636
6.394173
6.514117
9.108279
7.059522
5.763166
5.496126
7.516981
5.472293
4.909484
3.134051
2.445656
7.181520
2.464331
5.697770
4.299180
2.900469
4.751144
4.059095
1.102677
4.126302
2.865367
-1.444623
2.196028
1.372831
1.038748
-0.256212
-2.406175
-1.080861
0.838919
1.192869
-4.320843
-0.685337
-3.169820
-1.660733
-2.195130
-1.114204
-0.786870
-4.886426
-5.127299
-1.270440
-5.737516
-2.823410
-6.054928
-5.313744
-4.478329
-7.912383
-3.634353
-4.629401
-5.529398
-7.038820
-7.663729
-5.161608
-4.583037
-5.604120
-9.306555
-5.228775
-9.532791
-8.344869
-11.446074
-7.746419
-8.139372
-8.491263
-11.086399
-11.112928
-6.824410
-8.536040
-8.347418
-7.839840
-9.764269
-7.159366
-10.677950
-11.333178
-10.757160
-11.483382
-10.627411
-8.609999
-8.991648
-8.965224
-10.081992
-10.404094
-9.084009
-9.994555
-9.038638
-7.737852
-10.303091
-11.991051
-11.554446
-10.062780
-6.314627
-6.640642
-10.844336
-7.013802
-11.606580
-7.599092
-5.571568
-5.211591
-9.758108
-6.801568
-5.180529
-6.081301
-4.372076
-5.115866
-7.312807
-4.423149
-5.197255
-5.050911
-3.056854
-6.182419
-7.857834
-3.558053
-7.099329
-2.846204
-5.172737
-1.886198
-5.215024
-4.389253
-1.210941
0.180479
-4.635933
0.577231
-4.271750
-1.304885
-2.606649
-1.491356
-1.792131
1.957982
