2.967036
3.285937
-1.043953
2.467733
3.928652
-0.273965
0.003048
0.422764
1.158769
0.330091
5.081005
1.309942
4.314165
4.811953
3.610217
7.106275
7.014135
7.624708
6.134638
8.584064
6.693360
6.878767
7.782416
6.016957
6.001684
5.553970
5.332992
5.341194
6.422758
8.049419
6.204724
7.604004
5.881160
9.723963
11.211592
9.841243
7.680397
7.257291
6.480156
6.554445
10.587698
11.042197
11.463282
11.573158
10.339273
11.827824
12.594136
8.400323
8.711590
7.898633
11.593048
10.872082
7.526972
8.131950
9.798058
9.623844
10.624469
11.837740
8.100653
12.410309
11.211437
7.207347
8.911434
6.652909
9.489416
8.514488
7.211565
8.662057
8.516031
6.759795
4.948313
10.152896
7.722235
10.008516
6.389287
9.312318
7.677757
5.724340
6.760691
6.500749
8.018893
3.108021
8.070184
7.706230
7.517303
6.294453
6.890250
5.084904
1.296718
3.138222
5.392889
5.410258
1.626398
-0.091924
3.041028
-0.421826
-0.404164
3.280461
0.260381
0.209739
1.594233
1.374950
-1.191045
0.006217
-2.241528
-1.875896
-1.722205
-5.037536
-4.388753
-2.968978
-0.424676
-2.004329
-5.886227
-3.100555
-3.222268
-5.782414
-5.101563
-5.261956
-4.386953
-4.329558
-5.479348
-7.987273
-4.489548
-5.244205
-4.219887
-4.486302
-5.608478
-5.263912
-8.893815
-9.047940
-6.262289
-8.661767
-6.190695
-7.675920
-8.324530
-6.185914
-6.662712
-6.569091
-10.449387
-10.894181
-9.284272
-8.437972
-10.272423
-8.275053
-7.527693
-11.865758
-9.343038
-10.988031
-9.814220
-7.725755
-10.875860
-12.704317
-12.674176
-12.065077
-10.860173
-9.553670
-10.966113
-12.598813
-12.241421
-12.483922
-7.743980
-9.722179
-11.037519
-6.398636
-10.287883
-7.772099
-10.375509
-7.229528
-5.352899
-5.954985
-5.560563
-10.292934
-9.790379
-7.219622
-6.841089
-7.868087
-6.626895
-4.466253
-4.936458
-8.168124
-4.423405
-5.106121
-3.398301
-4.178346
-4.723422
-3.245266
-4.474349
-6.466144
-5.259315
-3.143781
-1.275089
-4.587940
-1.903354
0.352214
0.594716
-0.397080
-3.424541
-3.291471
1.838451
2.337986
