3.035700
-0.635777
2.357206
3.889526
2.330421
2.999830
2.019613
3.381363
2.695492
2.030565
5.520265
1.650480
4.515810
5.692676
7.072184
2.980586
7.039599
8.291452
6.567899
6.897802
7.203095
8.212134
3.724667
9.368379
9.301184
6.956580
8.732667
9.165561
10.301901
8.949633
8.851711
10.854548
8.606445
9.697773
7.803408
10.591535
10.486074
9.743008
10.952584
9.916548
6.901380
10.817188
8.508295
7.394639
11.526917
8.456875
12.102150
8.401160
10.384042
11.902048
11.293858
8.285196
11.526418
7.935482
10.742501
12.137291
11.968218
8.503848
7.307806
8.331953
11.679296
10.835657
9.174587
9.844386
6.879867
11.489554
8.318754
8.906885
10.271212
10.492154
10.398373
7.277017
7.421099
7.723546
4.652809
9.097560
9.460572
4.750685
6.438566
5.901569
2.983812
7.149367
7.239935
4.496761
4.491790
1.365640
6.762364
4.194272
0.429135
6.073522
5.636041
2.939912
-0.591755
-0.211124
2.145518
3.410230
-0.357939
-0.269362
1.966222
-0.216007
2.428944
-2.667214
0.120397
-3.868798
-2.389578
-1.011267
-3.884277
-4.064077
-5.013257
-5.882920
-3.183083
-5.290639
-5.889304
-3.616974
-4.222882
-4.556438
-5.158472
-2.863870
-6.561603
-8.729542
-5.013503
-8.889816
-8.159637
-5.262320
-9.288589
-7.512668
-8.382199
-5.437083
-8.232349
-8.207745
-5.667086
-5.705786
-9.509886
-11.301831
-7.742692
-11.465881
-10.590132
-9.691595
-8.033291
-9.334094
-10.725441
-7.217085
-7.842896
-9.841797
-10.152082
-11.935261
-7.441332
-8.973452
-7.657033
-12.117292
-7.452063
-8.742239
-8.689783
-12.858207
-10.615634
-9.379129
-9.448918
-8.550027
-8.010323
-7.128323
-9.838573
-7.511810
-9.739663
-6.262687
-7.705911
-11.060246
-8.241782
-8.133813
-9.372446
-9.378610
-7.796836
-4.753906
-7.047664
-7.901196
-9.181968
-8.033719
-3.818681
-7.850824
-4.532195
-6.433072
-3.433284
-7.592868
-4.750049
-3.905031
-2.590389
-5.935061
-6.458823
-6.486887
-0.580291
-4.590433
-0.258775
-4.513368
-0.073548
0.988537
-4.536353
-0.427723
-0.841472
0.901077
1.899613
-1.707849
