-0.427211
1.620860
3.378819
-1.155541
3.916265
2.786410
0.941789
0.084822
1.030684
5.677300
5.623475
2.668574
5.705761
5.569953
1.829510
7.289136
7.435697
4.230065
4.965254
8.276783
8.238622
7.991266
5.600668
9.395162
5.642002
7.421580
6.798219
9.483264
9.841319
6.838506
9.896464
6.134322
6.866178
7.228944
9.969224
8.501544
7.559708
7.504775
7.680984
10.391996
9.518362
12.547992
8.340036
11.126290
9.092241
11.380973
12.516577
9.916693
8.264220
10.043026
12.165260
9.234939
12.913362
7.184825
12.250751
8.928305
10.112705
11.689149
8.290398
10.619603
8.673711
12.052522
6.943797
7.059739
9.503961
6.098654
8.751142
8.155248
9.008592
6.194522
5.852840
7.322021
8.328151
4.690018
8.456192
8.340102
4.233823
7.678980
7.671584
8.867528
7.089680
3.543329
2.822910
6.818321
5.120544
4.213582
2.646648
4.523888
2.161505
4.237155
-0.017114
-0.164641
0.127119
0.514239
-1.110278
0.254728
-0.587330
1.837203
-1.027241
0.411420
1.499787
0.525474
-2.740969
-3.151132
-1.665143
-2.327678
-2.675048
-3.799632
-1.471671
-3.201167
-2.010752
-2.817777
-1.522842
-3.058890
-4.333043
-5.851242
-5.370683
-7.349912
-8.574088
-5.091472
-3.149882
-5.761696
-8.603749
-9.179021
-5.850707
-5.636814
-6.804807
-6.817565
-10.337503
-9.547507
-10.245174
-5.947129
-6.967516
-6.592354
-6.375486
-6.320904
-8.922599
-7.535363
-8.057972
-8.156123
-11.174087
-8.261646
-7.298620
-12.533823
-11.698148
-7.359029
-8.849290
-12.368066
-9.546544
-10.431094
-10.886742
-10.682701
-7.723896
-9.093482
-12.240833
-9.272608
-9.896634
-7.424946
-9.180748
-10.221945
-12.246976
-6.364041
-9.530805
-10.575448
-8.088438
-7.464739
-7.517962
-9.363373
-5.407294
-7.657319
-9.649307
-8.690811
-6.040894
-6.313427
-9.222703
-4.757113
-5.487830
-6.539773
-7.037516
-7.462384
-6.182658
-6.178332
-4.952400
-2.888634
-4.068211
-6.189243
-2.388307
-2.152858
-2.167739
-3.604973
-1.221085
-1.296837
0.401746
-4.631112
-3.976783
-1.284539
-1.377943
-1.734651
-2.732333
-2.276897
