-1.034745
0.147344
2.298650
-1.510339
2.327811
2.712334
4.752216
1.737232
2.135899
5.641785
0.459627
3.307525
1.864931
4.295010
5.987468
4.890410
2.992925
7.144427
3.099538
8.779298
4.306473
6.838001
6.281855
6.199669
9.739608
8.237911
9.876915
9.752738
10.324076
5.957463
5.646228
6.512118
6.869073
7.864064
9.896508
10.269728
10.030853
7.173992
9.765314
11.075165
10.432795
7.060192
7.028088
12.707614
8.658035
9.694992
7.094463
9.222368
10.393342
7.806921
12.414374
11.965208
9.861088
10.889338
11.141794
10.936432
7.921055
11.537846
12.478632
8.311306
6.923377
9.297634
10.210755
10.361916
9.868960
6.817572
8.591057
8.254298
9.576668
5.826848
10.820918
5.525835
6.427071
8.965608
8.049530
7.824512
8.068796
9.184561
7.102441
8.599725
6.543730
6.579183
4.286994
7.247280
6.834834
1.889374
6.459256
6.401566
6.330317
3.623959
3.633626
1.219304
2.055018
-0.784735
0.049683
1.800358
-0.464306
-0.944584
0.125227
-0.664175
1.299486
0.983676
-2.214380
0.696437
-1.268233
-0.830642
-3.074241
-4.014541
-4.372010
-4.784503
-0.453561
-1.300801
-1.025145
-4.258633
-6.978125
-2.775847
-2.772502
-7.510512
-3.934125
-3.023789
-6.215142
-5.382995
-7.768719
-6.116990
-9.788451
-10.278254
-10.042791
-7.831422
-5.613418
-6.416446
-8.822060
-7.205057
-8.835796
-6.450165
-7.075411
-10.487276
-10.886045
-11.306154
-10.640403
-10.970977
-7.303186
-10.279952
-10.959467
-11.605155
-12.782253
-11.983509
-10.747488
-12.010313
-7.568178
-10.262138
-12.307832
-12.567874
-7.608300
-9.543497
-7.444989
-8.223726
-11.354739
-11.336828
-8.770335
-10.230762
-11.285904
-6.529576
-6.861291
-10.041619
-6.446277
-10.034571
-5.830384
-10.009207
-7.610014
-10.183445
-7.345630
-9.642659
-10.315321
-6.488303
-8.556361
-8.166703
-9.035973
-9.095308
-5.467802
-6.437575
-4.821127
-6.323625
-7.719780
-7.646864
-5.447392
-5.350933
-1.978814
-2.457659
-3.653300
-2.655209
-0.953737
-2.446018
-0.792347
0.626605
-0.548900
-2.765211
-1.691543
1.250492
1.630901
-0.738088
