-1.936005
0.409823
3.757826
1.179871
2.367053
3.702137
4.847576
3.667549
-0.205315
4.699791
4.357057
0.731668
6.214899
6.528511
4.455920
4.964727
2.483953
5.198515
4.659871
8.602236
7.886669
4.196419
9.347463
5.067138
4.397996
5.395418
8.881784
6.566230
5.600371
8.148834
9.661941
8.656821
9.166889
7.282788
10.605738
7.692508
11.438156
10.628485
8.499021
10.444602
10.263083
10.904680
7.181573
12.752081
9.275330
7.249277
11.228866
10.226816
11.704983
7.603994
9.188075
11.018754
8.573682
11.936897
11.596803
7.777758
7.893841
7.390367
12.509381
9.828968
10.329078
8.317002
7.364740
7.858453
11.562467
7.310676
7.022550
6.883157
7.237331
5.158588
10.710203
8.807194
10.097071
6.850883
9.140617
7.559126
8.545242
8.530341
4.006155
4.840100
6.563940
6.802212
4.027800
4.868257
2.863182
2.005568
2.581875
2.229517
5.085824
0.452912
0.213828
2.630848
1.145382
3.416890
4.042977
3.878400
2.762090
3.316737
-1.396293
-2.156617
-2.152034
0.642579
-0.454377
1.618169
-3.645730
-4.757866
-1.255827
-0.235302
-2.322378
-5.500036
-2.893078
-3.489173
-3.885040
-5.282136
-1.551878
-3.351784
-5.647276
-7.859264
-7.652638
-5.049296
-7.186419
-5.239244
-6.571699
-3.921518
-5.960150
-7.490918
-9.512016
-9.840829
-6.164110
-9.699566
-9.555767
-7.901104
-6.257294
-5.855014
-7.456233
-11.412581
-8.879435
-7.158664
-7.893491
-7.723865
-12.179997
-7.464964
-8.857451
-8.238700
-11.202032
-7.308552
-9.745942
-8.711701
-11.906831
-7.440209
-11.978693
-7.301499
-9.792027
-12.636720
-7.841394
-12.002190
-9.725966
-8.913781
-8.046183
-10.001723
-10.936921
-9.430975
-11.085721
-10.845515
-9.939431
-6.310015
-6.971617
-11.060528
-7.296748
-7.564237
-6.393821
-5.639976
-9.659138
-6.315579
-8.909030
-5.311792
-8.043209
-9.061305
-3.746188
-5.042987
-2.958951
-7.923050
-3.546058
-4.932723
-5.333626
-3.676911
-1.030893
-6.115048
-2.885211
-2.300047
-4.757576
-2.393824
-4.699894
-0.124864
-2.245411
1.655003
-3.931493
2.267537
-0.551351
1.544854
