-1.948114
0.804460
-0.739218
-0.043781
-1.302677
1.573173
3.137393
4.937131
1.911445
0.095462
3.827690
4.908334
6.140178
6.221120
5.860791
1.917354
4.897753
5.239868
7.850831
6.752506
8.462433
8.360843
3.893588
7.801300
4.588333
9.166678
6.511209
7.468904
5.214416
6.479726
8.987666
9.961109
9.339065
10.530264
7.679045
10.387949
8.605639
11.075917
8.641690
11.435566
6.766270
8.109032
11.460457
9.211259
9.317256
7.743842
10.883020
7.892797
11.986734
8.133496
8.030769
10.524752
8.265501
9.555340
11.903793
12.813772
8.631968
12.464437
8.033378
7.043364
10.632613
11.748264
8.188680
10.619437
9.136686
9.325913
7.759837
7.703461
6.155227
8.447665
6.955241
9.936972
5.093765
7.147596
6.404915
6.627330
5.284817
3.940769
6.752690
6.567467
4.593953
6.387628
7.164292
6.171262
4.298005
6.101924
6.056808
3.542581
0.888603
5.078796
0.008537
1.421568
-0.791776
2.158854
2.918540
1.279356
3.676628
-1.725805
-2.500908
0.491244
-0.880413
0.113710
-1.683598
-0.286758
-3.277474
-2.059664
-3.391799
-5.337135
-3.547085
-3.771133
-0.749469
-2.634873
-5.782150
-1.934517
-1.779555
-7.394129
-4.838130
-6.920957
-5.816408
-4.574548
-5.628268
-5.069081
-5.222161
-7.015734
-4.874882
-7.092971
-6.397543
-8.635955
-9.933406
-9.518891
-8.033840
-8.882946
-9.417293
-11.693339
-6.766999
-7.866945
-11.209690
-8.210696
-8.335615
-11.725097
-10.022179
-12.434439
-7.346654
-8.594011
-12.016002
-8.501100
-10.139976
-7.670915
-10.639946
-8.012901
-12.220535
-12.709610
-12.036127
-8.067092
-11.358781
-7.512984
-9.757974
-9.341325
-7.340180
-11.770704
-10.303375
-6.549141
-8.756271
-10.094472
-7.979379
-6.658072
-7.972081
-7.179047
-9.209797
-9.918834
-6.289413
-10.390790
-6.144586
-6.822300
-7.646939
-8.963573
-4.260989
-4.951216
-4.311621
-3.560136
-3.938951
-7.586946
-5.556336
-1.880880
-6.340555
-6.068305
-6.445847
-5.805353
-0.646413
-2.305635
-0.174497
-0.100303
-3.900039
1.073503
-1.667900
-3.551200
1.521281
-3.040655
1.228665
-2.809745
