-1.313784
1.425431
2.825722
-0.071581
1.651632
1.442674
0.908446
1.149940
2.396553
2.177308
5.491281
4.361665
4.900461
2.109700
4.412727
6.411225
4.036892
5.196781
6.304436
8.586035
4.364636
3.485889
9.549518
5.955134
5.098452
5.736526
7.113634
5.029726
6.386330
9.883625
5.562495
5.712555
9.346817
7.229983
8.206504
8.117718
9.937845
8.588826
8.666523
9.596358
10.079019
7.766956
7.446157
10.415862
7.313904
8.942976
12.429420
10.339769
12.512285
10.260636
12.836102
12.446970
10.664050
12.480362
7.666414
10.322153
12.709204
11.894453
7.714155
11.629646
9.259551
8.042331
9.663181
11.472344
6.788037
6.974289
6.341441
10.417086
9.129303
10.987716
5.093403
8.017305
7.339917
5.803493
7.092692
7.304690
6.324857
3.986609
5.958425
8.819213
4.487951
8.123439
2.557650
4.802962
4.933314
2.748491
2.029442
5.418338
2.955601
3.820389
3.832355
2.272663
0.190303
-0.210388
2.635164
3.310278
3.880329
1.981668
-1.300285
-1.272826
1.178499
-2.686370
-0.114359
-1.079321
0.555814
-4.180333
0.152245
-4.496081
-4.708543
-2.588437
-3.041449
-3.453340
-2.251928
-2.955759
-3.277856
-2.039266
-7.411011
-2.552476
-2.725882
-6.799581
-8.959257
-7.582102
-4.058946
-8.935744
-9.072700
-9.906041
-5.171064
-7.544022
-10.835240
-8.689393
-10.598495
-8.332789
-5.721212
-8.146526
-11.899329
-9.805892
-8.981105
-12.062396
-9.088743
-11.448511
-8.664087
-8.115497
-12.751345
-10.382097
-12.207820
-11.873503
-7.982010
-11.948081
-12.217609
-11.715045
-12.427967
-10.232175
-12.523577
-8.530151
-8.089285
-7.421435
-7.554004
-10.721028
-10.090420
-10.061423
-10.892543
-10.931990
-11.848191
-6.474382
-6.710950
-8.325473
-10.954620
-6.961628
-8.402738
-5.923573
-6.200905
-8.895458
-9.263552
-9.637543
-5.736253
-6.699938
-6.614763
-3.566179
-4.187054
-6.742656
-4.478873
-7.239519
-4.439417
-5.899851
-4.900168
-6.195211
-3.965379
-1.059597
-3.767122
-2.813962
-2.742478
-0.737322
-0.346434
-3.461944
0.849664
1.482678
1.166875
0.804664
-0.310356
0.595990
