-0.948040
3.099809
-0.114439
1.516563
1.856647
3.220952
5.006214
4.138057
4.988275
1.854831
4.667079
2.895868
1.000319
6.449270
3.778642
6.419910
5.643235
8.143104
6.783850
3.177493
6.598333
5.908471
4.910690
8.824625
6.089997
5.219318
8.682641
7.307132
5.590882
9.143633
8.806723
5.701129
5.786449
10.462639
7.812220
8.588516
10.683019
9.289409
7.399437
12.013390
11.737157
9.802928
12.672353
10.616739
7.574613
10.415726
10.552294
8.838843
10.422201
11.409664
10.772957
11.893959
9.882232
11.323716
11.191667
7.178943
10.196689
8.228308
11.274590
8.137166
9.723651
7.947330
6.779419
10.663117
6.462260
7.353194
9.322060
10.620259
5.494748
8.871096
4.971224
9.301743
9.477524
5.100938
7.300492
7.849001
7.122028
3.902926
5.997409
6.992656
3.188115
2.980565
6.032534
1.887624
4.007663
5.079937
5.147308
6.543148
5.641218
3.568241
0.011318
0.254263
4.655517
1.899599
-0.868827
-1.628741
2.961369
1.608474
2.795873
1.923572
0.890405
0.869873
-1.014735
-0.419944
-2.631514
0.325202
-4.758373
-1.342521
-5.084415
-0.529303
-2.414320
-4.121792
-2.814993
-4.922356
-3.918334
-7.768946
-7.585435
-4.410175
-3.202174
-7.955895
-7.021024
-5.078319
-7.980276
-4.427968
-4.514727
-4.940039
-9.250153
-5.222268
-6.844131
-8.870102
-11.159142
-10.915368
-10.123369
-7.411325
-9.127307
-9.859255
-8.263671
-10.092458
-6.507035
-8.607525
-11.629357
-11.285216
-9.382297
-11.155422
-8.237781
-8.785596
-9.076103
-9.516321
-12.100057
-12.261761
-11.420424
-12.547750
-7.711088
-12.776639
-10.049335
-9.569801
-8.688533
-11.837113
-12.104088
-8.146336
-8.609068
-10.077894
-10.068465
-11.333103
-6.333871
-11.098599
-9.570060
-6.343400
-5.478146
-6.824094
-5.673708
-6.691815
-8.392376
-7.013971
-7.660312
-9.339593
-7.281987
-5.455295
-8.075073
-4.006398
-2.913177
-4.765229
-3.925480
-3.950283
-3.482049
-1.943526
-4.043825
-6.358817
-1.598231
-4.506704
-2.522546
-2.865233
-1.497695
-0.502517
-1.037275
-0.977955
-1.028709
2.070700
-1.366840
-0.563656
