0.554766
-1.511152
-0.674168
3.313786
-0.761318
3.391208
3.279571
4.771637
3.948049
5.415887
2.153368
5.590716
1.090963
3.188652
6.548031
7.010812
6.681971
8.024385
5.527390
7.324313
6.455060
6.658960
7.908735
7.245697
9.823819
6.339156
9.867191
6.795165
6.056164
8.289760
8.611914
5.698331
5.655740
6.634848
8.205831
11.965412
11.648294
9.994376
9.587613
7.570096
10.489283
6.879865
10.206723
10.841331
9.125197
7.498924
9.405795
7.461720
8.500674
10.333240
12.401960
10.992345
12.518517
11.685698
12.650344
10.774631
11.471189
6.784223
12.023108
8.804598
10.374131
9.783490
6.713457
10.491208
8.938588
6.570551
5.847579
9.295781
9.866861
5.791546
6.181830
4.934436
5.769781
6.117434
5.688085
7.809707
9.081259
8.985253
4.755566
4.974422
7.501474
6.911172
6.638444
2.505457
7.209858
5.891551
5.002905
2.790541
6.175412
2.202003
2.155645
3.562506
5.066512
0.027128
2.358253
3.889840
1.231329
-0.095011
2.488597
-0.541119
-3.046796
1.661413
1.930867
-3.749357
-2.946916
0.579470
-3.202192
-0.244082
-2.550072
-3.893109
-5.656367
-3.517746
-1.741782
-6.091783
-7.009886
-2.707545
-3.008861
-2.807322
-6.595964
-7.864047
-7.276672
-4.469137
-9.342828
-7.064569
-4.592799
-8.953709
-4.660456
-10.059264
-10.159375
-5.360326
-7.797122
-8.641455
-7.239739
-8.285288
-6.916570
-11.253029
-8.335226
-8.629288
-11.011085
-9.771021
-11.496969
-9.964286
-7.727611
-8.737693
-6.985663
-12.750701
-8.050464
-9.480181
-8.735903
-12.410106
-12.595679
-7.348922
-7.796212
-10.329128
-10.111261
-12.189967
-10.372442
-10.184874
-7.530918
-7.350195
-10.156390
-11.432054
-8.951502
-6.277345
-11.121745
-10.038427
-8.478910
-7.427075
-9.103975
-5.720904
-10.806895
-5.954366
-6.834475
-7.126593
-5.223979
-4.987724
-5.560614
-6.500094
-5.988022
-7.936553
-8.386451
-4.541019
-6.686287
-4.269906
-5.630620
-5.718210
-6.390014
-2.021404
-3.763740
-5.747155
-5.396563
-3.971841
-4.150919
-4.529160
-1.104210
-0.460875
-3.880372
2.107271
-1.085808
0.613660
