2.165722
0.516242
0.907252
-0.975383
-1.220153
0.429554
0.325789
3.575819
4.183017
0.141352
2.858930
1.282359
2.310566
3.850404
7.182217
4.366828
5.300861
8.160652
7.966015
4.107899
8.348539
7.978194
5.185403
6.175769
7.909595
4.887038
9.497634
8.562103
10.896346
8.446630
6.538737
7.305275
6.180536
7.911353
10.228697
11.122660
11.291156
7.483796
9.890157
8.421896
9.645404
6.997325
10.996484
8.549006
12.202967
9.236834
11.679663
10.008935
9.928449
9.753670
8.260175
7.868930
10.935899
12.699535
9.036131
11.098193
8.793122
9.779419
9.352563
7.911839
11.519559
6.965266
10.703161
6.988129
11.603375
7.658475
11.120323
11.102478
7.892097
10.345730
6.643731
4.869674
7.693527
8.576401
6.423979
6.578925
4.379326
5.310261
5.451873
5.744306
7.416300
2.850056
7.702015
7.534221
4.066429
3.716506
4.590600
5.203937
3.270272
0.147411
2.233628
0.520830
-0.700140
-0.690647
2.995833
-0.375641
0.444484
-0.849989
0.047849
2.931688
-3.044229
2.168534
-0.345907
-3.812110
-2.309615
-3.192853
-0.135812
-2.427778
-4.402029
-0.858259
-0.508975
-3.203237
-5.157441
-5.238372
-3.439604
-6.576397
-7.232654
-5.851912
-6.595965
-7.785025
-7.286016
-7.887390
-8.892208
-6.053030
-9.972740
-9.283815
-8.712671
-9.649134
-5.885660
-10.478580
-6.270621
-8.692876
-5.768442
-6.574309
-8.766099
-8.426650
-7.411093
-6.341793
-7.789899
-9.190832
-11.852205
-8.935019
-9.932722
-7.872631
-10.695757
-8.981194
-11.763201
-11.233952
-11.043564
-10.861266
-10.226918
-10.418572
-8.227498
-7.451531
-9.459683
-9.556587
-7.151103
-10.863904
-11.137026
-6.806577
-9.135014
-9.696536
-7.089688
-11.024182
-9.881349
-11.531760
-6.862728
-6.101419
-8.891789
-6.814403
-9.678191
-8.857900
-9.431167
-4.833064
-8.225941
-7.535628
-9.567093
-6.962317
-7.419545
-7.846192
-4.215772
-3.920641
-2.265597
-7.241561
-4.839217
-2.253709
-1.999894
-6.181319
-5.336826
-5.020744
-1.575211
-1.826179
-4.537801
-2.953321
-0.843370
-2.532036
-2.541034
-1.176189
0.952835
0.254532
