-1.962034
1.732484
1.357460
-1.558458
2.980801
2.221138
0.287120
0.010834
1.410411
3.385847
2.089327
5.395307
4.349990
5.689736
6.718760
4.310520
3.344160
4.378096
6.092036
8.361460
4.253652
7.503287
8.899695
4.936011
4.703322
4.949978
9.376957
5.553264
9.542785
6.162035
5.832313
9.414456
8.852495
7.599406
8.400673
6.111399
9.445705
11.828745
11.969290
9.361523
12.466320
8.518315
8.684497
12.797587
7.586342
10.530081
7.299512
9.460729
11.514936
8.500099
7.268041
6.987842
10.540102
8.647637
11.015447
10.870836
10.019234
11.993292
11.071743
10.395612
6.997660
8.395776
11.862558
6.852045
8.090179
11.315388
10.196816
9.486300
9.918969
7.956667
7.370960
5.883036
5.555147
6.125568
8.182075
9.798404
5.867385
8.723928
8.178897
4.564601
7.256049
4.543939
2.145519
4.106302
7.441768
6.833040
3.574837
2.819340
5.168657
0.506346
4.729272
4.220386
4.240126
0.877580
2.937411
0.344208
-1.837585
-1.103865
1.757882
-1.838509
-0.404001
-1.229957
-1.623768
-4.020133
-2.711170
-2.745526
-1.043204
-3.170544
-1.351100
-5.306858
-5.339706
-2.528096
-3.598783
-4.268730
-6.832556
-7.116755
-7.009133
-3.723934
-4.376668
-8.449798
-4.150827
-6.252719
-9.238138
-5.813149
-6.477621
-4.475036
-5.011468
-9.668717
-6.626664
-6.355231
-10.866638
-6.936637
-11.488696
-5.899523
-11.259749
-10.519824
-10.129437
-11.933052
-11.686696
-7.927563
-10.518791
-9.267216
-9.584262
-6.924601
-11.715662
-7.120702
-8.214697
-7.633221
-7.068134
-12.243556
-10.881634
-7.407699
-9.307383
-8.954833
-8.334792
-8.621100
-10.650065
-12.547564
-8.864661
-8.086143
-9.835589
-11.588225
-12.102761
-10.102989
-6.972378
-10.135224
-11.426458
-6.494766
-5.526835
-10.711474
-10.090687
-8.681043
-6.150533
-5.530823
-8.604619
-4.491033
-7.884118
-7.435937
-6.557306
-5.012624
-7.318608
-3.700200
-2.895502
-3.219825
-2.158850
-4.311421
-5.694237
-6.489473
-4.477625
-0.366014
-5.618934
0.247015
-2.443971
0.347415
-1.774508
0.497605
0.539866
-2.191723
-2.387089
1.906999
