0.188847
1.398394
-1.658544
1.949028
1.232677
-0.318766
0.673088
3.506551
4.955936
3.123413
5.566062
5.388203
5.745565
4.316544
2.227959
5.951119
6.412629
8.057354
5.075952
8.851088
7.762067
3.464355
8.529645
9.068902
6.738717
4.528807
8.361250
8.827572
5.416703
9.603274
8.966200
8.969582
10.979237
8.211429
9.860920
9.054243
12.168757
7.776531
7.982800
8.316509
9.792080
10.221808
9.735239
11.882474
11.507548
11.500593
11.634471
12.064106
10.454548
8.146854
7.997631
10.646650
9.129985
10.522577
11.294665
12.677525
11.468297
7.687597
12.424402
7.159782
9.287542
7.701421
7.479019
9.479406
11.176343
6.678551
9.330575
10.387964
7.232874
10.695169
9.349314
10.298975
8.241830
4.804710
8.493663
7.728066
5.848903
4.691251
7.635189
4.487088
8.099222
3.793526
5.912253
6.062566
4.895295
2.825331
6.804340
3.279067
0.660343
0.503622
1.978299
0.014791
-0.105702
1.079014
2.964531
-0.160335
0.301634
1.346430
3.094324
1.654341
2.325252
-0.436851
-2.176313
-1.403810
0.653295
-2.571864
-0.084237
-0.228329
-3.631844
-0.334219
-3.886964
-1.909362
-2.976163
-1.438036
-6.212300
-6.657789
-2.899709
-4.936060
-2.641254
-4.835035
-8.265137
-9.342688
-4.619577
-4.950468
-9.670276
-4.716774
-7.323090
-9.502680
-9.028363
-7.316445
-7.894086
-11.006792
-6.685846
-6.321550
-6.189137
-9.910399
-6.740592
-9.794879
-11.692311
-10.120346
-11.740822
-10.605845
-7.653477
-10.407989
-7.714698
-10.720819
-8.436118
-8.657437
-12.389428
-7.376911
-8.162869
-7.823295
-8.891010
-8.828389
-12.830005
-12.604561
-6.769475
-10.522355
-7.390389
-11.739227
-11.901195
-10.041033
-11.633573
-9.846300
-10.383983
-8.233560
-6.691689
-6.636534
-7.411174
-6.892065
-7.719172
-8.726247
-6.770653
-6.115094
-5.464969
-3.952668
-5.850151
-3.735643
-5.072285
-6.568157
-4.473682
-4.686966
-7.717152
-5.838315
-4.281206
-6.979100
-2.723577
-5.248030
-3.193632
-2.406668
-3.217106
-5.105233
-0.381613
-2.331178
-1.109553
1.049191
-1.716821
-1.082195
1.484438
-1.932442
