-2.216485
1.748522
-0.195061
-1.091314
-0.841751
4.480819
-0.754296
1.322666
5.749893
2.478372
0.496042
4.226378
2.105860
2.939576
3.863650
5.120499
7.350666
7.188782
8.095860
5.204022
3.534803
9.278550
6.289279
9.526395
6.925058
5.496226
9.732482
9.813774
8.985817
7.889405
6.816328
8.936871
9.273458
10.202155
10.869650
6.939267
7.384625
8.459295
10.679509
10.197215
9.783956
7.831669
11.310501
7.575706
11.728563
11.094206
8.832900
11.690285
12.424503
9.528018
9.799531
10.647234
10.167696
7.605697
12.629014
9.110426
9.843311
7.033461
9.654160
11.949867
11.608613
9.861944
10.098766
10.626147
10.942915
7.281719
8.381328
10.463692
10.368075
10.243615
7.645242
5.811371
10.259716
5.474674
7.615568
9.025939
8.703753
8.301932
8.426764
8.383038
2.652409
3.864974
2.399253
3.954210
6.932030
6.977115
1.004760
5.050761
4.397742
0.977400
2.662888
2.761744
3.071796
0.148529
-0.358774
0.811225
-1.530235
-1.793727
-1.313671
-0.649440
0.811858
-3.475259
-0.064477
-3.570202
1.183145
0.958863
0.558695
-3.252460
-3.183466
-4.714186
-4.591932
-5.508734
-3.167153
-2.490824
-4.171910
-2.651013
-4.277512
-7.536973
-3.704353
-3.450097
-8.098870
-6.369744
-5.468144
-6.407201
-7.536763
-4.332142
-4.749792
-9.748062
-8.977366
-6.808767
-5.764194
-8.722180
-7.128986
-7.179193
-9.040821
-8.269135
-11.467394
-9.666821
-9.442324
-9.795462
-7.924587
-9.714115
-11.392404
-8.568686
-7.599394
-7.815324
-9.768404
-7.942700
-9.468647
-10.141688
-10.203367
-10.982643
-11.760389
-9.975896
-8.860413
-7.190107
-10.184585
-8.065215
-12.004533
-7.096742
-7.615441
-9.682505
-7.404411
-7.155803
-9.850349
-9.897958
-6.233338
-5.820837
-5.697392
-10.565903
-5.670309
-4.953446
-8.826816
-4.797648
-7.649681
-8.165500
-5.774363
-7.079795
-5.039493
-3.566436
-4.955197
-3.540798
-4.567237
-4.691822
-6.677265
-1.881675
-4.250870
-2.430753
-4.866663
-4.615013
-5.160765
-4.255588
-0.109990
-1.892870
-1.395450
0.674844
-1.532437
-1.146347
0.117807
-0.726949
