0.824413
-1.538805
3.549140
1.560908
2.864749
-0.772722
2.219215
2.641161
2.446644
2.196595
3.084608
1.353385
2.851175
2.053830
5.573778
7.332816
6.856517
5.818420
3.706737
6.810163
5.286142
9.129172
5.565438
9.607962
10.011169
5.758057
5.132000
9.009004
8.405215
6.048534
10.143049
5.853615
5.638752
6.572809
6.178949
11.615286
6.950513
10.369997
8.084718
7.904733
8.725508
7.405808
12.454996
12.282557
9.795154
9.673625
12.190555
10.757181
8.952538
9.738440
12.358195
11.840476
12.224372
8.021326
12.201248
7.987258
12.417598
8.479122
7.886954
7.685349
6.975054
7.991522
8.329501
11.024075
10.990243
7.343722
6.508144
11.148546
7.208616
10.104619
8.690440
4.947570
8.691474
9.813317
8.096238
5.701566
9.561083
7.977346
8.204246
8.370514
3.894951
4.721304
2.397693
6.139550
5.920092
6.189100
3.833474
5.995079
1.159088
3.585179
5.447785
0.200326
0.964192
1.314257
3.387764
-0.202076
0.736756
0.757413
3.177009
-1.260878
-3.187348
1.304623
1.733549
-2.398287
-3.736641
-0.114887
-4.988684
0.221410
-0.309811
-2.758976
-5.829207
-5.193240
-5.249891
-7.000147
-2.964492
-5.325495
-3.198972
-3.346668
-6.374446
-5.936345
-4.779750
-8.465943
-8.049736
-8.315717
-5.944752
-5.327066
-4.516580
-8.079115
-10.132641
-9.310996
-5.753631
-10.069260
-7.122987
-11.733209
-9.988824
-9.759297
-11.446495
-11.451961
-6.603634
-7.460287
-12.223592
-10.518467
-12.684037
-10.899404
-10.393938
-9.090584
-8.355304
-8.825811
-8.580927
-10.073737
-11.169562
-7.580180
-7.603289
-11.387638
-8.551026
-9.214327
-12.124252
-10.950822
-11.709178
-9.354918
-12.071918
-10.434078
-7.948691
-9.282857
-7.283371
-10.605818
-6.349253
-5.957408
-11.011057
-7.268128
-5.592670
-10.492521
-8.528686
-4.581385
-6.550780
-5.184395
-9.490068
-8.912732
-8.697113
-7.278340
-3.098371
-7.368891
-7.570254
-4.109808
-3.154539
-5.825719
-3.520532
-3.482818
-3.028622
-3.498826
-0.710892
-0.027568
-3.589240
-0.556093
-2.331494
-1.153814
0.448327
0.246559
-2.858404
1.763618
