-1.858972
-0.348275
-1.406073
0.763562
3.090469
1.264815
0.386394
5.458837
4.627050
2.821172
4.349353
3.797348
5.167226
1.918704
3.525780
2.938414
6.274713
5.402846
8.495222
4.436652
8.592776
3.579193
4.898643
5.220312
5.918800
8.331834
7.072849
6.964658
8.741853
8.228768
5.846139
9.094500
7.192134
7.359477
8.599102
10.814869
10.418032
8.644731
8.277763
9.185774
7.485133
9.258499
8.626711
11.733231
11.941023
12.502960
8.300824
12.425873
11.133382
8.585358
9.411649
8.296915
12.014267
10.741398
7.752083
11.286747
11.945508
11.776310
11.523741
9.478736
8.913821
11.939119
9.646395
11.041545
9.843489
11.440739
9.790415
6.802279
5.854489
9.158805
5.258140
9.242326
4.703113
5.219674
8.884811
9.553891
8.738103
4.398582
5.462729
8.353291
4.639840
3.271556
5.101766
5.551210
3.385301
7.014305
4.881503
5.849363
3.223978
2.572418
0.614167
1.743146
1.059225
2.698895
-0.811453
2.850483
1.067453
2.489939
3.222329
2.336527
1.755116
-3.574716
-1.901655
0.116715
1.004972
-2.520565
-3.484940
-2.851105
-1.912983
-5.479333
-1.052295
-1.830231
-5.846817
-6.877178
-6.823153
-5.558987
-7.747132
-6.363190
-6.306445
-5.363436
-3.818381
-6.689566
-9.277734
-5.891303
-9.991228
-6.855098
-9.155714
-9.937484
-9.963522
-9.083576
-9.185038
-7.834758
-7.542766
-6.634097
-10.293367
-7.413656
-11.341810
-6.355062
-6.768725
-11.778094
-8.579858
-9.996984
-12.752730
-10.992642
-7.120527
-12.833579
-7.498311
-8.804004
-9.221710
-7.426145
-10.685891
-7.967743
-7.270014
-9.220595
-7.561022
-12.426793
-10.930755
-10.057080
-10.624580
-11.382721
-10.662625
-11.900859
-11.673291
-12.002139
-10.098504
-11.720498
-10.477027
-7.916006
-8.069142
-10.452428
-4.948349
-5.981906
-6.531664
-9.737030
-6.382064
-4.533681
-9.042808
-5.740074
-7.647301
-6.340283
-4.515900
-7.832350
-8.023412
-5.552712
-3.901548
-6.603352
-2.722353
-1.290681
-5.796990
-4.544977
-2.906597
-2.452959
-2.327665
-2.510582
-4.281595
-0.281608
1.937175
-0.172553
1.468337
-0.930373
