-0.032419
0.333937
-1.819378
-1.104918
-1.357960
3.503801
1.764358
0.916941
0.446061
2.001316
0.503550
3.094486
1.605059
6.352536
6.895210
6.104585
4.020551
8.125681
8.003730
6.963642
3.773772
5.717209
7.120291
7.672098
6.747405
8.525035
5.996319
7.726353
7.941754
7.124961
11.200633
7.386816
5.641495
7.197422
9.926730
6.913019
11.818876
11.389940
8.299882
11.810692
9.242814
8.129575
11.261103
11.576427
12.207713
12.543474
8.762893
7.380509
9.035141
12.064756
11.746348
7.736441
12.183985
9.217065
7.783074
8.046804
11.293720
8.334521
10.927240
8.665277
12.045048
11.280166
10.435045
7.935720
6.260840
6.805984
7.399116
9.767560
8.396158
8.661150
6.888390
7.338672
4.876503
9.932403
7.083601
8.981555
6.571274
5.813407
8.075372
7.139286
7.081802
4.484625
6.622177
5.596395
6.578660
4.425407
3.478199
6.680591
5.325813
5.761635
0.749536
5.135558
2.346109
3.132774
1.950095
-0.050221
-0.725046
0.190622
-2.565297
1.088864
-0.818306
-2.471687
-1.637768
1.372991
-3.755215
0.433759
-4.566066
-2.595889
-1.703277
-3.208700
-1.638595
-2.625790
-6.919192
-7.006916
-3.953153
-6.801892
-7.062800
-6.738916
-3.086515
-4.922840
-8.969187
-7.003351
-5.274758
-8.662023
-8.923483
-8.069279
-4.912681
-4.785519
-8.188733
-6.565605
-9.153466
-6.747579
-5.871319
-9.611680
-7.282844
-6.662942
-8.714092
-8.845227
-8.395233
-7.912456
-6.917431
-10.192426
-6.869755
-10.513647
-11.002286
-7.467745
-12.328147
-12.917101
-8.199459
-11.724001
-9.557710
-10.740134
-7.608443
-11.041569
-6.934141
-12.591099
-9.873515
-9.309192
-10.028106
-11.277585
-6.639579
-11.468534
-12.026808
-10.870891
-10.111049
-7.076466
-8.455428
-7.770571
-9.421145
-6.524521
-5.360149
-10.510330
-7.927166
-8.781932
-5.080271
-9.636960
-9.322643
-3.897168
-3.691108
-6.011859
-2.855625
-4.746775
-3.827138
-4.183527
-5.274819
-2.380835
-6.602399
-2.903433
-6.310011
-3.600821
-1.665001
-0.107051
-0.715532
-0.689543
-4.248633
0.164163
-2.871926
2.200923
1.197231
2.675101
