0.561940
1.226619
-1.495574
1.027920
1.658377
1.108840
0.017209
0.097513
2.094763
1.631738
1.738224
6.273451
3.274592
2.421321
3.592193
4.810938
2.849133
5.142821
6.850300
3.782607
6.189927
7.920026
5.978422
6.002876
6.692193
4.515947
7.053364
5.232034
5.213318
7.292304
7.781472
10.923804
10.562127
6.651249
10.076996
10.411420
7.410633
10.381940
9.814850
7.480933
11.946958
11.474350
7.756620
11.160558
8.103293
7.695274
11.569222
8.902800
9.612483
12.911336
10.156332
8.707820
9.652038
9.895626
10.211138
10.219974
12.598244
9.923267
9.869003
7.972809
9.757969
7.384261
8.514199
8.187945
6.686602
9.771317
11.039816
8.717369
10.020802
5.492116
5.527787
10.174805
5.023032
9.412474
5.605389
4.115414
5.623744
8.326969
5.046436
4.186522
7.211700
2.519948
5.097871
3.372751
4.210343
4.360375
3.549981
1.610925
4.712186
1.097298
1.531286
1.788748
2.559910
1.409926
0.878089
3.561871
1.481807
-1.789382
0.562993
1.151160
0.388744
1.649907
-1.546986
0.405666
0.745228
-4.527986
-1.647392
-1.744342
-2.038137
-2.367266
-3.290723
-6.309214
-3.690672
-4.716868
-4.406888
-4.860251
-4.443054
-4.302164
-5.120475
-7.795899
-5.390517
-5.328845
-5.281257
-6.697501
-8.646332
-6.519723
-6.611148
-4.898065
-5.740268
-7.210229
-5.717374
-9.452240
-7.653735
-11.302127
-11.668393
-6.781374
-9.199251
-6.501358
-7.198461
-10.708871
-12.439243
-9.790227
-7.953417
-7.606753
-11.922654
-8.578828
-10.490405
-10.515755
-10.890770
-9.554170
-10.669748
-11.595803
-12.599071
-10.872784
-7.970724
-10.655409
-8.306747
-12.082074
-10.285713
-7.379878
-8.137157
-10.468524
-6.516710
-9.138203
-6.591401
-7.355305
-7.434536
-9.539277
-7.127326
-9.545719
-7.219776
-9.097021
-9.710779
-6.053860
-9.685507
-5.935369
-5.457625
-6.750792
-8.867843
-7.487598
-8.445358
-5.460658
-5.142501
-1.943244
-1.818919
-2.236532
-1.482394
-6.017098
-4.296164
-5.514881
-3.112781
-2.492569
-2.958761
-2.460582
0.232234
-3.518816
-0.915784
-2.085109
-0.697062
-1.023730
