1.831486
-0.258684
2.927567
3.219501
4.042969
3.915474
-0.695764
3.830710
3.415607
4.165903
4.128611
3.345321
5.702511
4.804148
6.918701
7.659530
7.958686
5.029730
5.401390
5.271694
8.155031
7.946808
4.285650
8.574640
5.980314
9.049608
10.368284
6.992794
9.540383
8.754148
6.763831
6.749599
6.853377
8.861043
10.751808
7.693836
10.130200
8.783014
7.651776
7.991712
11.404563
11.402015
6.829171
10.748692
11.467664
8.500159
9.187491
10.653708
7.331166
10.419444
7.512338
11.169665
8.294566
6.988219
7.372335
9.266491
11.754605
8.723409
7.112636
9.654749
11.168327
9.809876
7.410381
7.046264
10.599482
9.782023
9.963031
10.692057
8.129238
6.693525
8.707606
9.913477
9.160257
10.141470
8.796361
9.482777
7.833901
8.601255
8.440071
7.345456
7.902652
3.229015
4.706791
3.716122
2.785292
1.507262
3.129055
3.115691
5.290051
5.353588
0.111897
1.876904
-0.240685
2.084302
4.229143
2.270981
1.483748
3.005295
-2.583122
2.814332
2.443172
-0.979429
-2.698819
0.851596
-1.562577
-0.711164
-2.544627
-2.782067
-0.448853
-0.204450
-4.296948
-2.258805
-4.870350
-2.347122
-4.958846
-6.549430
-4.072519
-6.383141
-5.240906
-5.600198
-4.018322
-7.222058
-5.148475
-9.828486
-7.147505
-6.221694
-6.607543
-6.263775
-7.963186
-8.858376
-5.463003
-8.895653
-9.963492
-8.965770
-8.591303
-9.693533
-10.858274
-6.412884
-11.549219
-12.186661
-9.364793
-11.401198
-9.896478
-9.221040
-12.457164
-7.447569
-12.801524
-9.080524
-12.994401
-12.236220
-8.473943
-9.120281
-7.024340
-11.795403
-10.274639
-10.020226
-10.874907
-7.169120
-9.186611
-6.972383
-12.016418
-7.595615
-8.910680
-8.045881
-7.273653
-10.435521
-7.261698
-8.169977
-10.187251
-5.227799
-10.111083
-5.358309
-4.651932
-7.738068
-7.249523
-7.310681
-5.213865
-5.020968
-8.962393
-4.022455
-8.428950
-6.386958
-6.796162
-5.180175
-3.776058
-4.140141
-5.364195
-3.272297
-3.659224
-1.226267
-0.802796
0.426557
-2.837635
-3.088137
-4.141709
-3.645478
1.826866
-0.963633
1.681705
-1.133400
