-1.291653
-0.912179
0.817958
1.823761
0.577047
0.694719
2.337906
5.379758
3.996077
3.347090
5.171763
3.961356
1.610105
4.416657
6.538138
3.869533
7.660519
5.160000
7.020836
3.092624
4.609155
4.843205
7.546485
6.051922
6.598930
4.732365
6.476678
8.289390
8.909046
9.387678
11.208534
10.381655
7.671695
6.142725
9.862141
8.964591
9.571412
9.496349
10.351783
9.484047
12.348107
11.058399
10.062478
9.648647
11.861641
8.780238
9.074131
7.835662
7.398815
8.521956
11.834438
12.781409
9.468261
11.944878
8.431123
12.567674
8.212844
9.296354
9.115434
10.702576
7.628010
8.934172
10.991101
6.740519
8.449286
6.111862
8.043316
9.606691
10.752270
10.012268
8.044009
9.946030
7.100501
7.617630
8.670333
6.246654
7.333035
3.656502
4.340150
4.708014
7.689252
6.069281
5.360626
5.401834
1.795192
6.741295
1.542495
3.691750
2.018094
2.035341
3.271454
5.193946
3.534734
0.135582
-1.360734
1.989726
-1.234044
3.595678
-0.695034
-2.702948
-1.092415
-1.090079
-0.786456
-1.418171
-2.192701
-1.015506
-3.165028
-4.051395
0.147766
-3.268021
-2.763853
-3.062554
-3.870479
-6.130063
-1.612829
-3.068744
-3.616701
-3.901659
-6.133934
-8.293657
-4.769071
-7.038513
-6.310859
-5.153010
-6.393086
-7.899654
-4.554313
-10.653678
-8.400438
-5.158118
-9.818931
-9.218339
-8.693545
-9.812018
-6.574687
-6.416309
-8.093876
-9.000901
-10.949479
-11.850588
-9.329505
-8.739034
-12.560253
-12.152835
-7.546597
-8.972155
-8.504835
-11.016828
-9.751217
-9.965787
-12.138568
-7.435207
-7.692228
-11.609959
-12.628754
-12.590193
-8.793393
-9.509033
-10.969844
-10.854855
-10.568558
-10.048175
-11.015749
-11.001712
-7.319850
-11.557641
-7.134013
-9.266025
-6.043487
-5.974501
-9.746438
-8.835824
-10.265046
-8.938501
-7.102991
-8.762729
-6.229795
-6.171363
-4.149951
-5.468824
-5.678383
-8.107620
-5.833795
-5.570382
-6.564275
-2.398849
-4.614920
-4.340055
-5.553743
-5.377437
-5.055716
-0.207373
-3.202945
-0.361935
1.422838
-1.915605
-0.297669
-0.739348
-1.885664
-0.532946
