0.667810
3.141191
-0.057628
4.095765
3.503862
3.748503
3.653683
2.822456
4.042782
2.657625
5.820724
5.652338
6.183422
3.773612
2.638793
3.863404
2.907160
6.082468
7.905589
4.107891
4.411327
4.330081
9.580721
6.441097
9.415438
6.942264
10.281853
10.093097
7.136214
5.752818
6.645232
9.552224
7.006776
10.701416
9.718465
9.546419
10.835472
11.051898
12.192375
12.354898
12.323663
10.927195
12.665189
7.978279
8.951799
9.463483
9.408123
9.853633
10.122092
8.647109
8.219991
7.749288
12.193096
11.152745
7.764023
10.367951
7.857960
10.118545
12.129114
7.216375
11.590723
8.584635
7.668695
8.502839
6.547831
10.312088
10.610376
11.159410
10.068250
6.842364
8.452503
10.521741
4.723385
4.426201
9.601526
9.481169
4.398070
5.884684
7.886276
7.611742
7.442630
8.077462
4.370531
7.583625
5.502181
6.814987
2.114722
3.893314
3.154064
3.218890
3.761430
1.809823
1.263139
-0.009486
-0.690851
3.492567
-1.238987
3.521783
0.026937
-0.999710
0.286094
2.034888
2.001118
0.556462
0.542012
-4.733120
0.045582
-1.903275
-0.374101
-5.226513
-4.202963
-2.306022
-5.774637
-3.438447
-6.011294
-7.757486
-8.073328
-4.355659
-2.879560
-4.029693
-3.551569
-7.026579
-3.800367
-6.356470
-4.956426
-6.266784
-5.549339
-9.987989
-5.630951
-8.392314
-5.432553
-8.600469
-7.089861
-10.251902
-11.146436
-8.908552
-7.621739
-10.562939
-10.558941
-12.132393
-7.518830
-9.577027
-10.599678
-12.367955
-12.131137
-12.022091
-9.552365
-7.541678
-10.300191
-10.351202
-10.430709
-8.209525
-9.975474
-9.492662
-8.504605
-9.058050
-6.947076
-12.441762
-10.716352
-12.204005
-10.240275
-10.061327
-8.719421
-11.922044
-11.689949
-11.237016
-11.216773
-9.275103
-10.321577
-10.536497
-6.290028
-8.963303
-8.871003
-8.202180
-5.123296
-6.523542
-3.865166
-5.764792
-5.584683
-7.699421
-7.538633
-8.086280
-6.005026
-3.163941
-4.905163
-1.999812
-6.042052
-4.926341
-1.735151
-4.457075
-3.070253
-4.073031
-4.750221
-3.795130
-2.633351
-1.421932
-1.788232
2.333249
-0.020372
-0.755450
