2.546229
2.762825
-0.726844
1.404817
-0.710644
-0.556316
-0.623967
1.517820
4.175811
1.979384
1.573552
3.184704
4.502402
3.198375
2.914961
7.369023
2.150775
6.494263
4.713823
4.191278
7.413013
8.813340
7.587620
9.267957
8.388225
7.359800
4.515539
8.568611
8.590705
6.331513
10.244919
7.605132
8.141098
10.977638
6.212471
11.323904
6.653804
8.790449
11.971141
8.400855
10.373605
10.742254
11.637152
8.082249
10.736018
12.736873
7.251404
8.626035
12.460828
7.836712
8.509872
7.583755
11.153999
10.915944
7.743174
12.011095
11.559922
10.163134
6.812618
9.796084
6.465518
9.371178
8.478707
8.759285
9.409288
8.885829
11.580952
6.898752
9.139281
7.384172
5.053595
5.614632
7.274126
4.957680
5.569354
4.781060
7.476294
3.788546
8.321607
7.763939
8.058391
7.927767
6.735346
4.500817
2.920469
5.975183
6.701492
4.064593
3.990966
5.237130
1.778465
-0.255879
1.663457
1.600703
0.389298
-1.291856
3.678605
2.805156
-2.180155
-0.866096
1.101120
-2.799506
-2.363870
0.941232
-4.471358
-3.106174
-3.982329
-3.388466
-2.793980
-2.914311
-5.240423
-1.330005
-4.599204
-1.409605
-6.785740
-4.297593
-6.671956
-6.348058
-6.970271
-5.744242
-4.333903
-8.692408
-6.940712
-7.174660
-4.844929
-9.897321
-9.492323
-9.204489
-5.005012
-10.665590
-5.817712
-7.145108
-9.780713
-7.539888
-8.140208
-9.758164
-8.462276
-8.017797
-11.530163
-8.921613
-6.606707
-12.095402
-7.684151
-7.681221
-11.638523
-12.276186
-11.360612
-7.136142
-8.907840
-8.595435
-10.533620
-11.496945
-9.764916
-10.388734
-12.496786
-11.581886
-12.375264
-6.689641
-7.986250
-8.132200
-11.666291
-7.904586
-11.273434
-9.744869
-9.962976
-10.848748
-7.942261
-10.779206
-6.628759
-10.173584
-5.148842
-7.290513
-5.250683
-6.412899
-8.122960
-7.330169
-6.130749
-4.230720
-3.815333
-7.177198
-3.066262
-2.805746
-7.117563
-5.086933
-4.444125
-6.128040
-1.210364
-5.614526
-1.039262
-4.081928
-4.107725
-0.865543
-0.123675
-3.422807
1.426913
0.207157
-3.389604
-0.592852
-1.236432
0.328182
