2.640663
-2.261038
-0.877884
2.600544
0.263654
2.771887
0.075284
1.537441
1.870906
2.167471
0.756458
4.143651
1.722308
1.294629
7.458855
7.541227
3.799235
6.994698
5.298741
4.245966
4.511990
7.029895
7.127765
9.155352
6.314454
8.082584
9.436427
10.289450
9.098411
9.186567
6.811378
8.808835
8.477152
8.314632
7.375977
7.340820
9.782075
6.357201
8.113898
8.686438
7.091656
9.216922
8.625017
7.713214
9.599427
9.668722
10.100174
12.663833
8.190900
8.326682
7.811273
8.259212
11.986474
10.370907
10.847627
11.743478
11.596889
8.902966
9.586060
10.285215
11.862230
8.945030
6.989285
8.821109
9.801149
6.448541
5.932485
8.361194
9.537372
9.089300
6.990828
8.231840
10.416672
4.533997
9.719736
4.133055
7.222818
8.074423
6.799674
5.510849
7.192703
3.227709
3.139062
3.403463
3.763061
1.569083
5.221296
1.977274
0.678953
1.673755
-0.098543
3.745599
1.207783
2.332098
-1.227364
0.371154
-1.785857
-0.659478
0.028292
-2.096759
-1.501596
-2.025982
-3.230579
-1.959165
-0.850438
-2.891718
-0.008596
-0.656189
-1.524484
-3.170524
-5.418817
-3.319432
-4.615757
-2.071817
-4.950683
-5.035586
-7.820690
-8.052201
-7.760789
-6.124014
-6.093456
-7.400861
-7.681549
-6.405704
-5.824457
-5.287671
-9.467985
-6.735164
-5.953452
-6.925239
-9.975039
-11.376310
-9.215615
-8.656277
-9.049657
-10.056592
-8.286689
-7.512593
-7.307352
-10.883617
-11.413161
-10.152239
-8.685363
-12.446242
-7.828753
-8.763479
-8.556067
-12.185670
-9.679040
-8.305213
-7.440979
-10.290079
-7.086776
-12.140312
-9.482651
-10.285406
-12.129910
-6.722225
-9.672941
-6.867371
-8.603027
-7.192457
-7.494817
-8.519906
-11.277411
-11.610127
-8.419015
-10.521367
-6.148903
-6.334088
-9.365716
-6.936748
-8.370262
-6.820279
-4.349088
-6.271483
-4.808148
-5.469007
-4.807717
-3.786670
-5.044101
-4.074310
-7.811719
-4.084630
-6.380752
-2.153992
-3.339695
-4.398363
-6.085118
-2.791926
-4.760519
-1.540493
-4.406842
-3.537044
-2.359836
-3.638704
1.693180
1.982982
-1.819434
-0.016877
