0.266338
-2.109374
0.476279
1.210275
1.668802
3.671139
4.549958
0.005327
2.460867
3.990715
5.796530
1.136346
5.629247
1.552301
4.554431
7.800716
3.997509
7.754583
6.621245
8.575372
5.123172
6.995838
8.735212
7.152674
4.789533
10.067953
10.379285
9.404888
6.597471
7.103378
9.447182
6.881567
8.904557
9.921595
8.544640
11.318722
7.487020
11.897133
11.049221
11.872702
6.677358
10.262424
11.100995
9.874853
9.078565
12.669221
7.484770
7.530843
10.568279
12.603010
11.884505
11.186565
11.098424
7.214616
10.799785
11.778946
11.375078
8.278572
10.209859
6.691560
8.262576
7.211022
11.161174
8.410816
7.759100
10.913704
5.792545
6.689447
7.916121
8.621253
5.452041
8.371715
7.971194
6.171730
5.043347
7.319286
6.860865
6.654807
6.284545
3.243468
8.396175
5.187128
6.887501
3.868709
4.713513
3.139417
3.174269
6.184271
5.437879
5.517378
1.002353
4.704597
5.159214
-0.584747
-1.256150
-0.495786
0.778939
1.574064
1.213968
0.937054
-1.709956
-2.504151
-0.015975
-0.775652
1.400169
-1.374201
-4.663143
-4.311989
-4.949880
-4.298071
-4.576147
-1.841549
-2.394845
-5.237334
-3.780060
-2.883270
-4.457659
-6.650079
-7.834194
-8.583090
-6.758183
-6.888474
-4.890674
-6.995344
-6.129800
-7.068892
-9.384829
-7.717662
-8.584187
-7.475006
-8.559543
-9.100397
-7.911028
-7.834983
-7.110989
-8.115361
-11.870962
-12.262268
-9.949501
-8.671956
-11.913164
-9.896091
-7.241722
-12.104362
-11.894139
-7.759470
-12.231797
-11.908399
-10.434291
-12.661670
-12.190056
-7.285832
-11.518712
-9.089094
-8.112667
-7.893680
-6.967724
-7.205641
-9.871077
-7.614872
-6.954950
-11.577288
-8.696044
-11.178419
-8.345126
-6.440393
-6.397217
-10.929314
-7.531121
-8.551176
-7.156663
-9.327029
-5.301087
-8.202919
-4.993256
-6.411663
-5.644232
-7.607908
-4.705985
-5.603461
-8.397913
-4.885702
-5.415993
-7.802167
-7.211511
-3.037757
-5.872621
-4.379543
-5.093350
-1.232852
-2.809648
-3.921160
-0.636501
-0.279422
-3.011890
1.077514
-1.884365
-2.752722
-3.217944
1.569869
