2.289727
2.634948
0.349398
3.970249
4.506722
0.982862
1.986165
2.873610
3.732918
3.009484
3.067298
5.139693
3.740091
2.124341
4.799749
3.337826
5.971362
8.305345
6.653671
7.739214
3.698464
3.404203
7.845664
7.489374
8.605878
5.992630
6.105135
8.651030
10.169852
7.078279
5.301537
7.881103
6.417436
8.927585
11.794306
8.798767
11.374798
12.219964
9.986909
9.681901
12.288789
9.478620
7.938843
9.937945
7.092958
10.476767
10.745807
9.967100
7.321437
9.506279
7.687552
7.910841
10.201948
9.759484
7.991897
11.286768
7.897327
12.015533
7.763191
8.998430
9.997161
7.023035
7.440022
11.736400
9.936076
10.436630
7.616279
10.604512
9.129892
6.625087
6.963449
8.322008
5.557045
5.350001
4.627752
7.527501
7.380690
5.531824
5.109484
6.601133
6.390138
3.726934
3.316501
2.530138
2.112326
2.836112
5.693479
6.664642
2.931347
4.895384
3.537933
2.618107
1.573048
4.054594
0.329135
0.311170
1.748065
1.026882
1.868940
2.562575
0.358958
0.225614
-3.078127
-2.783880
-2.696435
-4.702845
-0.067974
-2.577225
-0.438236
-3.873403
-2.048511
-5.837116
-3.901737
-3.609031
-6.294868
-3.120062
-5.802752
-4.949965
-3.280174
-8.091616
-4.081485
-8.389839
-6.034004
-9.550447
-8.158655
-9.733909
-9.680834
-7.581068
-10.767970
-6.038717
-7.397083
-6.106700
-7.323391
-10.171905
-11.004234
-8.323092
-10.019295
-11.518101
-8.811639
-11.247215
-10.484093
-12.260983
-9.682039
-10.405792
-9.155500
-8.216713
-8.438174
-8.683214
-9.528884
-11.591505
-9.484070
-11.372033
-12.894369
-9.168200
-9.906370
-8.722061
-11.989563
-9.153675
-9.777672
-8.456710
-10.547703
-7.079926
-7.467949
-8.252232
-6.898285
-11.313850
-8.439897
-10.464419
-9.278843
-7.936012
-6.380356
-8.304992
-6.569355
-5.667146
-8.964591
-4.092237
-4.180004
-4.200921
-8.703775
-8.709971
-3.809937
-5.832471
-3.255940
-3.225321
-6.261357
-5.825147
-3.708796
-2.155257
-2.816969
-3.043607
-1.167479
-0.563145
-3.934844
-2.255560
1.102894
-3.492287
-1.816038
1.550377
2.172527
-1.136137
