-1.359999
3.134400
0.758062
1.458824
1.631099
4.384157
1.235891
2.123274
2.963514
4.743437
1.470949
4.781861
4.699583
1.498908
6.728333
4.020249
8.028911
6.128947
4.262453
6.836141
6.672485
7.732376
8.094232
7.535483
4.873811
6.375774
6.237007
8.713794
10.721702
5.134044
6.837862
10.871401
6.190786
8.080900
8.508859
7.618984
7.870742
9.894568
10.352189
10.539737
12.081175
12.591851
12.737263
10.670046
10.411136
9.031947
12.329283
11.976827
12.610484
7.772257
9.886777
7.081517
10.792174
10.917288
11.567372
11.745895
10.426383
9.285635
8.605657
11.609221
7.367284
8.496620
12.065185
10.602807
7.912110
9.677423
10.759843
10.656855
7.485111
6.644117
7.188955
9.638516
4.632145
10.279624
5.551736
8.932820
8.726258
7.337445
7.110549
5.433247
8.192019
3.039900
6.810046
4.734381
5.134634
6.101273
1.840499
3.417997
1.000219
6.001813
2.786457
4.773676
4.258834
4.081984
0.308594
0.380287
3.703947
-1.457201
2.156339
2.354774
-2.740564
-3.005820
-3.036650
0.949876
-1.980646
-2.751801
-4.380808
-2.177856
-1.348370
-2.089858
-4.634928
-4.225146
-3.992823
-2.561310
-2.494895
-2.923047
-3.153069
-2.881317
-3.129665
-6.285298
-5.072224
-3.409142
-7.804190
-8.592500
-4.451083
-9.823537
-9.386449
-5.063242
-7.321160
-9.930020
-8.732290
-7.729632
-5.665653
-10.427084
-11.313084
-11.442361
-9.755412
-6.423140
-11.866756
-9.965281
-7.333188
-10.922018
-7.360674
-7.886659
-10.583370
-10.309010
-10.703265
-10.784335
-11.901937
-10.847671
-8.884533
-8.355406
-10.393601
-9.991784
-11.040574
-10.135798
-10.034576
-11.678609
-9.876231
-9.390536
-8.678885
-9.344341
-9.582589
-10.423721
-11.740108
-6.200729
-5.776780
-10.504289
-5.453723
-9.188073
-5.131964
-7.162541
-7.267788
-6.167058
-5.483811
-7.159500
-4.347703
-8.085177
-5.997139
-3.935978
-5.535357
-7.841155
-2.844813
-3.960733
-3.065764
-5.504476
-4.400118
-6.378245
-4.268227
-2.079434
-0.933221
-5.436039
-1.650678
-0.997756
1.253225
-1.549782
0.859083
0.339850
0.973859
-0.258597
