-1.940202
-0.892131
3.060749
0.405587
3.124810
-0.718515
3.275797
4.919696
4.266855
2.358967
0.751519
3.698314
5.010990
5.616096
7.457905
2.526470
2.408256
7.240327
8.378171
6.323840
7.813450
8.707725
7.186253
5.371139
5.218521
7.963983
6.250009
6.515561
8.529632
10.360656
6.911730
9.755894
9.056759
10.830600
10.836675
8.295528
7.961231
6.656427
6.978335
12.273021
9.629598
11.076777
6.840918
6.847025
9.247545
11.529744
12.551233
7.989885
8.184949
8.054221
9.689133
10.630508
8.357757
10.889313
7.296710
7.230456
8.571797
11.634625
8.051473
8.865200
6.783828
11.296881
6.179688
9.865585
7.473201
11.514063
5.720632
10.599198
6.074523
6.923876
9.316100
8.708064
10.096149
6.983492
4.788770
7.512246
5.073458
4.781276
4.458933
5.990627
6.061309
8.194634
2.683300
3.926076
3.626417
1.701492
3.499949
4.362076
2.759506
5.697671
1.662795
1.561416
0.076870
-0.222470
-0.610074
3.684666
-0.722130
1.508597
2.641078
0.956768
2.570418
-0.154534
-0.421998
-0.606396
-4.305190
0.171908
-3.482459
0.412576
-0.544071
-0.599340
-4.667143
-3.585986
-1.152519
-4.376769
-6.023448
-6.825142
-5.440018
-3.088452
-8.230641
-8.579229
-7.506377
-4.738778
-9.456000
-4.643843
-7.132811
-6.585978
-9.139796
-4.989225
-6.051752
-5.146912
-11.160299
-10.332493
-7.383974
-6.990429
-10.426819
-11.391249
-7.144957
-11.865234
-10.536702
-9.774859
-12.602113
-11.431040
-10.201430
-11.393212
-12.167394
-11.092817
-11.801458
-11.850746
-9.335720
-10.385603
-11.229706
-8.968639
-9.133919
-11.091374
-7.843716
-11.668454
-7.908497
-9.213944
-10.197011
-9.531065
-12.307155
-6.541959
-9.744987
-6.945219
-10.415329
-9.972855
-11.227036
-10.977498
-7.796632
-11.031443
-7.740724
-10.593473
-5.039724
-5.413351
-6.725543
-5.643729
-9.345696
-5.600439
-5.162921
-8.683648
-5.794116
-3.336124
-7.768149
-4.294636
-2.643450
-2.589807
-2.885158
-3.789721
-1.598890
-3.145070
-3.980311
-0.837218
-1.965981
-3.900530
1.333337
1.173360
-1.271562
1.697882
0.894221
2.399760
