-0.737450
2.830858
1.764769
-1.187853
3.661812
-0.068888
3.441690
1.685589
3.459552
2.292744
2.112699
1.882244
2.812606
3.074661
6.121288
6.516318
2.227033
6.188374
6.383884
3.034389
4.470910
5.492511
7.585893
3.922677
8.843081
8.437896
5.463600
9.329358
5.305996
8.821478
10.265662
7.017726
6.736763
6.505145
6.673187
10.422740
9.663331
9.307382
8.381311
11.125699
8.798394
12.485508
8.839837
7.961828
12.423024
7.542567
12.809072
10.000715
8.904893
9.904758
12.311405
8.244709
9.353628
7.517270
11.322154
10.861895
11.609574
10.436430
9.325875
10.987404
8.113981
8.622700
9.092353
8.846797
11.035268
7.280060
5.744229
11.409207
5.874740
10.632033
5.108596
6.464734
6.868499
8.479864
5.121858
8.764524
8.956214
4.677557
4.991535
8.530811
8.026340
7.788042
5.200304
6.858393
6.184619
1.902027
1.050335
2.395451
4.510951
0.230891
1.634184
4.875586
0.873831
1.784981
2.735859
0.321716
3.036859
0.508734
0.980903
-1.879571
-1.141346
-2.261404
-3.594652
-2.478897
-0.697773
-1.525581
-2.474669
-1.173106
-4.824310
-3.971753
-6.093581
-5.557095
-6.103516
-4.174852
-6.697141
-7.412481
-3.049872
-3.498492
-4.198129
-5.513060
-9.036201
-4.444929
-6.232838
-9.671609
-6.842267
-5.741789
-10.291182
-8.247433
-10.710516
-5.959797
-7.505820
-8.162173
-9.170621
-10.729527
-9.038720
-10.643387
-9.106314
-8.387402
-8.857352
-9.427952
-9.605958
-12.035070
-12.299203
-7.854636
-12.452450
-7.864921
-11.028117
-12.852146
-8.441110
-9.409768
-11.873638
-7.483888
-7.666252
-12.267788
-7.641715
-7.072662
-8.810171
-9.467836
-6.744871
-11.804514
-10.089270
-11.576436
-9.380589
-6.404475
-10.557166
-7.415155
-7.334762
-6.505167
-5.602937
-9.609242
-10.283065
-9.801535
-9.670182
-8.701147
-5.001423
-8.996227
-5.767580
-4.641219
-6.702750
-3.173434
-7.752086
-4.711377
-4.080037
-4.996082
-5.543101
-1.685767
-4.488741
-4.510187
-3.434653
-0.563091
-0.165767
-1.243513
-1.124196
-4.796112
1.098528
-0.818380
-2.434839
0.396343
-1.031342
0.942833
