3.132146
-1.515281
3.659095
3.143548
1.367176
-0.168925
1.827388
0.021286
1.869996
4.811907
3.639583
1.436084
1.359210
4.549703
4.019569
5.994603
5.466266
5.975907
6.891450
5.850849
5.361179
5.647406
5.074356
8.730529
6.404906
5.539828
8.789460
8.783624
5.543975
8.199935
7.771193
8.689840
6.746177
8.960742
6.413013
9.518981
11.420810
8.558002
7.078027
12.466358
8.335457
9.186558
11.706618
8.326404
10.446435
9.359941
12.719288
10.746003
8.395978
10.230688
8.881720
11.374972
10.139079
6.940212
9.407331
10.889791
8.212083
9.325877
10.844591
11.663671
9.975186
12.121079
8.498354
11.011104
10.946739
10.157148
9.672572
6.783841
9.615538
6.381379
5.737647
7.408335
4.784208
4.493575
6.484947
5.939862
6.601771
7.417221
4.923401
8.765406
2.777343
2.813651
4.627477
6.143653
3.827325
1.467365
1.937029
1.211860
5.104126
2.353016
3.254913
0.664218
4.664641
2.068332
3.584715
0.737488
2.295711
-1.576514
1.443839
-2.976859
0.485633
-0.182945
-2.839969
-1.455328
-3.203753
-0.111959
-4.007544
-0.816470
-2.663781
-1.583443
-2.236410
-4.191251
-4.631152
-2.132562
-4.840902
-4.793951
-3.079095
-7.168088
-7.141076
-6.675612
-6.689125
-7.955711
-8.896718
-8.702699
-6.919175
-6.179504
-6.618364
-4.893828
-6.250258
-6.119727
-6.206811
-11.149712
-8.828587
-7.345614
-9.999440
-11.695982
-9.590169
-6.897438
-9.669114
-7.613980
-9.690832
-8.557684
-12.647536
-7.484441
-7.551603
-9.422783
-11.136511
-9.289845
-9.147509
-10.400039
-7.290743
-12.619241
-9.937997
-10.320452
-7.763508
-12.330845
-9.590518
-8.291709
-7.045521
-9.846286
-11.790336
-6.668801
-6.840333
-10.706910
-8.893815
-6.424842
-11.156482
-11.272994
-9.053571
-6.917668
-10.740188
-8.399101
-9.737888
-9.938606
-6.567263
-6.149834
-6.695406
-6.134471
-4.787845
-4.188365
-7.812372
-4.166794
-2.762559
-2.841090
-7.410222
-1.311555
-5.311752
-5.431275
-5.555630
-2.157823
-4.049108
-1.419857
-2.107691
-4.412443
0.427851
-0.463269
-2.329796
0.764877
0.184278
0.685732
