-0.375174
2.056160
-1.985972
-0.363707
3.115841
0.419787
2.651411
3.009250
3.427861
1.518152
4.405121
1.052987
1.006709
4.231368
5.652692
5.313312
2.457804
2.360451
6.645390
6.348601
6.329726
5.778632
8.874064
6.559433
5.653492
8.934306
8.076041
7.189841
7.892723
8.152370
6.093422
6.555696
6.281060
10.140741
6.625312
6.600067
10.831156
7.586484
10.289954
9.683317
7.669378
8.019684
7.612733
9.024060
8.458283
10.044538
12.066008
11.914593
11.651988
7.823069
7.103270
9.997064
9.461571
9.254893
12.475295
10.861597
8.688904
9.638172
6.607911
8.511689
12.021159
10.184123
8.563239
8.670305
11.529545
10.513991
10.662909
10.156719
7.529805
7.663674
6.707523
5.114030
4.859961
8.504331
4.103068
5.449876
4.545534
3.385367
7.095019
7.644482
5.971317
7.709173
4.780181
6.666427
4.942291
6.844274
6.519293
2.914250
3.336151
2.802968
0.402380
3.837864
4.673495
2.977594
0.201971
1.653277
1.947213
2.635596
-1.170409
0.415962
-2.720946
-2.274024
-3.830143
-4.034836
-2.419169
0.907041
-0.398821
-1.299596
-1.334195
-0.188501
-2.645136
-4.240513
-1.480009
-5.840807
-5.316896
-5.396803
-6.367202
-3.865256
-6.032511
-4.984116
-4.479319
-6.604354
-6.790277
-4.565719
-10.013421
-7.756230
-7.610891
-8.742298
-5.587612
-5.563588
-9.615177
-10.508093
-7.832329
-9.094768
-7.702295
-8.726929
-9.429533
-12.129897
-12.337967
-10.164707
-9.830609
-12.026161
-8.610068
-10.778096
-7.230274
-7.386924
-10.677750
-10.386799
-9.193968
-7.904055
-7.142322
-11.267767
-10.516816
-8.480003
-11.778639
-10.966778
-7.611278
-11.721491
-7.389902
-6.609232
-10.006199
-7.711573
-9.503939
-9.701870
-7.916130
-8.960954
-8.499316
-6.778096
-9.966012
-5.310296
-7.510267
-10.099656
-6.072916
-8.014929
-7.670043
-6.968505
-5.491931
-4.650523
-3.808099
-6.089263
-5.295350
-4.541412
-2.820218
-5.649952
-7.341596
-4.573599
-2.277581
-1.517845
-1.914951
-5.119412
-3.768825
-4.689091
0.764967
-1.230544
0.888316
-0.449628
-0.311085
1.429032
-1.219097
1.538114
