0.812858
3.100437
-1.049988
-0.182668
-0.660576
1.421652
0.231704
2.635379
4.962158
2.718898
5.306577
5.234145
5.197602
4.153325
4.471157
4.063367
2.109165
5.624888
7.603060
7.202322
8.545578
4.205606
5.013414
7.295862
8.959434
7.095532
7.663774
6.536120
8.380442
8.480552
8.919909
10.273718
8.501885
9.045158
6.024314
6.311035
7.854172
12.297129
10.768765
8.191458
11.180981
9.581681
10.122986
12.255776
10.801162
12.030515
11.453656
10.645003
11.465323
9.399881
12.290115
10.204936
7.192252
12.503012
9.363957
11.700792
11.124515
7.618770
9.592076
7.682287
11.331507
9.415147
7.435948
9.298738
8.389303
8.291616
8.378243
6.933050
6.858820
8.430103
5.753600
5.886168
10.451369
7.836098
4.744256
4.962525
5.749933
7.731358
8.247208
4.628255
6.999083
4.437400
4.423838
4.979476
3.099966
5.590397
1.868657
4.847436
5.335679
0.830993
4.926227
5.145693
3.552858
-1.068230
-0.969618
4.045232
3.686473
-1.884595
-2.509628
0.861159
1.172896
1.468752
1.046085
-1.174190
-0.209496
0.731561
-3.140072
-0.127157
-4.564142
-4.747941
-5.871679
-1.792949
-3.474726
-4.184969
-6.425635
-2.060296
-8.045104
-7.559829
-3.560396
-7.039400
-4.524976
-7.926942
-4.534362
-9.094178
-7.302088
-7.648436
-8.434892
-10.058846
-5.669125
-10.830891
-8.951506
-6.644794
-5.924518
-11.487253
-8.512450
-10.864178
-8.910712
-7.861588
-11.826543
-8.433288
-8.282617
-8.862919
-9.455413
-6.823355
-12.180176
-8.542882
-11.483026
-8.973550
-12.520772
-9.479906
-8.302255
-9.205139
-9.502950
-9.400604
-8.361243
-12.811962
-9.753321
-11.950584
-10.058732
-12.291344
-12.244301
-9.169906
-7.272849
-8.751477
-11.009094
-6.369023
-9.976179
-7.142959
-6.376081
-9.090727
-5.584983
-4.988782
-6.458170
-8.112668
-6.586857
-7.836732
-4.750880
-6.160832
-6.098315
-7.290715
-4.142347
-4.487100
-6.443440
-7.668324
-4.895344
-7.183099
-3.796224
-2.691667
-1.638251
-5.846851
-1.912148
-0.696632
-4.914792
-1.835558
0.241369
0.201225
-3.115210
-0.703771
-0.356522
-2.936603
