-2.245064
-1.166654
3.575662
3.209061
1.177824
1.084500
4.306810
1.867771
3.093860
5.478827
4.079686
5.715512
1.843456
3.408297
6.562367
2.366106
6.425679
3.991094
7.702808
5.322504
8.759451
4.829916
4.291418
7.939022
8.418330
9.373297
10.007390
6.581441
4.907487
6.263116
10.777108
6.996855
8.094007
9.944666
6.580646
10.831095
7.089248
8.922171
8.894600
9.025054
10.873234
7.934734
11.796793
11.126360
10.386761
7.348282
7.023324
10.425919
10.322607
12.852577
9.397542
7.362256
8.276608
11.182896
9.103122
12.409493
9.158159
11.908138
8.118253
9.190551
8.954520
11.431270
10.513966
12.042679
6.565327
6.422767
6.076529
6.971591
7.101838
8.198086
5.219263
7.222474
4.813278
7.728453
8.062666
4.192457
5.690858
4.220027
3.547639
8.198407
5.902648
3.951227
7.294616
6.945278
4.709086
5.378210
3.163296
1.181586
3.629027
1.390873
0.357920
-0.496976
4.745153
-0.427155
1.598278
-1.504239
3.456979
3.505727
1.359183
-1.234354
-1.766107
-3.439622
-1.971806
-3.292645
0.629487
0.987831
0.459342
-1.977035
-1.358137
-3.521864
-4.360496
-4.866163
-5.178393
-2.954037
-6.611950
-6.455710
-3.571660
-3.565102
-7.026571
-5.493153
-7.523509
-9.265268
-5.799467
-8.914485
-9.522407
-7.658642
-9.735778
-6.165857
-5.058172
-8.298581
-7.456420
-7.865788
-8.530958
-11.591904
-9.750554
-12.033960
-7.075984
-7.003564
-11.019675
-7.872007
-12.187520
-8.368276
-9.653814
-9.505890
-10.893920
-9.674361
-11.184234
-10.895980
-10.748126
-9.699571
-12.515008
-11.704946
-8.116589
-10.444960
-8.209375
-10.328212
-12.260586
-10.394191
-7.535491
-8.840142
-10.104794
-8.463202
-7.365663
-9.659869
-9.549667
-10.957369
-11.392072
-8.405557
-5.517897
-7.725557
-10.603544
-5.210284
-6.193356
-9.881976
-8.701751
-4.576211
-7.532804
-8.755318
-8.598685
-5.060899
-3.138046
-2.955737
-2.172202
-2.390149
-3.777135
-1.957766
-5.256620
-0.846906
-5.898176
-1.624275
-4.127748
-2.327054
-1.680775
-2.966311
-1.045054
-0.777107
-1.641464
-3.388093
-1.471045
1.056748
