1.596903
-1.269331
0.417665
3.020706
1.096640
-0.733287
0.683735
2.682740
1.424512
5.985246
4.333346
4.398468
1.492249
1.489517
4.338889
6.700832
6.382926
5.907477
3.124025
7.717873
6.369387
4.156458
7.291987
3.881861
5.931391
8.297107
9.223163
9.168812
10.526733
7.509869
6.256226
10.487681
9.379866
7.907614
11.404062
8.491302
6.704530
9.202634
7.208176
12.503955
10.378104
12.664420
12.739173
8.650831
7.652052
7.412230
11.029179
12.939856
9.657533
9.907132
8.142785
12.890004
10.440814
7.439647
8.017139
12.758548
6.957031
10.816281
8.801221
7.793768
11.477129
8.196224
9.001088
9.515264
9.852647
8.130008
8.391739
6.250118
9.363675
6.621446
9.593342
10.264024
8.052988
7.079504
4.552158
5.954567
6.077003
4.538971
5.886500
5.268225
4.149736
4.210758
3.003803
5.518616
6.936000
4.919636
5.961035
5.357109
5.774787
2.798025
0.646819
2.166862
0.267285
3.528493
3.110529
-1.241624
2.465076
-2.168657
-2.269681
-0.397942
-1.194751
-1.739153
0.040162
0.190601
-3.737947
-4.242780
-2.742078
-4.528887
-5.781290
-1.368647
-4.847864
-2.817056
-6.736025
-5.243319
-4.845228
-7.284326
-2.646919
-3.655434
-8.592329
-8.140254
-7.603348
-7.839844
-5.956018
-6.692071
-6.103240
-4.758219
-6.540249
-10.440965
-6.815818
-9.474596
-10.867071
-9.358612
-9.018842
-10.292558
-8.719161
-9.883332
-11.496472
-7.264288
-9.607020
-7.713133
-11.757821
-10.757064
-9.979409
-9.485080
-11.052730
-9.109675
-12.167549
-11.473175
-9.965250
-10.286404
-9.336856
-9.294346
-10.721098
-9.650503
-7.196924
-8.432694
-8.614822
-11.085730
-12.584432
-7.356163
-9.021796
-9.527514
-10.074731
-7.189165
-6.862247
-5.902452
-10.553555
-8.696716
-10.520342
-5.375080
-5.790243
-7.865369
-4.720073
-6.887973
-4.549360
-4.118230
-6.583441
-7.390807
-5.230234
-5.156970
-5.074168
-7.237419
-4.380809
-6.764123
-2.962589
-3.450427
-4.047052
-6.491668
-3.062932
-5.403651
-0.268125
-2.946834
0.547621
-3.920358
1.293600
-0.334917
1.151263
-2.391115
-2.490196
-2.586665
