2.364419
3.529515
-1.377864
0.704511
4.195834
0.826957
1.582227
3.483109
2.054217
3.474168
2.988162
3.578409
5.067081
3.279841
4.412499
3.984443
6.353969
5.877150
5.784208
3.585665
3.727952
6.359907
5.512330
4.878537
8.364869
5.428055
7.424632
9.373341
6.815347
7.806414
7.295156
10.125532
6.344499
6.441489
6.299342
8.544028
11.496438
7.629571
7.245371
10.062989
6.960979
10.656414
12.352909
7.615751
8.554994
9.843769
8.686260
10.340781
7.182829
11.937732
7.756127
9.483391
8.737311
7.969199
7.727692
10.715520
12.247715
8.454827
8.813362
10.411464
12.309648
11.884942
9.972745
10.418244
10.157566
8.251104
10.125371
5.904958
6.066431
7.764155
4.974412
7.572666
6.230328
8.170365
8.282725
5.502228
3.634846
6.620454
8.707759
4.803913
3.460651
4.478929
6.550533
7.131236
1.546592
6.430058
2.776549
5.717898
3.304098
4.312830
5.701304
4.308625
1.455983
1.891232
1.643561
2.105093
2.714638
1.789816
3.293037
0.891255
-0.720041
1.960929
-2.803416
1.384521
-1.300939
0.676204
-0.429743
-2.207827
-1.858947
-3.604301
-4.489468
-3.027885
-3.350674
-3.890215
-2.438639
-4.313669
-2.371393
-6.728979
-4.823120
-5.906046
-5.008983
-4.402250
-8.972377
-4.984861
-6.818288
-6.830042
-7.720481
-9.712142
-10.537802
-9.515751
-6.393167
-5.532187
-9.797978
-6.167832
-10.035732
-10.722002
-7.212657
-9.754184
-10.436547
-7.531789
-9.187205
-12.373149
-11.427192
-7.859284
-12.819702
-8.204529
-8.920651
-9.887552
-7.328107
-11.642470
-8.228511
-8.692249
-9.929541
-8.844253
-11.826283
-7.875690
-7.778254
-12.554701
-9.066681
-8.438326
-6.432022
-7.839536
-6.696958
-8.840093
-11.481293
-6.413497
-7.850117
-6.185401
-10.605195
-8.232729
-7.514714
-6.819520
-7.954855
-7.658927
-4.519656
-9.371325
-4.166433
-7.486003
-7.945053
-6.784393
-3.407435
-3.990078
-3.120229
-6.210332
-6.741223
-3.567969
-3.519516
-4.204804
-4.157424
-3.588677
-0.561966
-0.815602
-3.143021
-1.973519
-4.070134
-3.966265
-0.022485
-0.603008
-0.214943
0.787632
