-0.105788
0.913115
3.576139
1.025747
1.055869
3.078703
1.338375
2.185087
3.881583
1.576025
0.684341
3.891652
1.109161
3.396220
4.599386
1.860045
7.689963
7.409126
7.377004
6.071641
4.800155
6.904515
5.631998
7.083271
8.030160
4.602153
10.013656
5.049851
7.629000
9.861098
5.339815
9.958013
9.410125
7.047660
6.439249
9.405312
11.272673
7.301974
10.841995
9.869097
12.070639
9.606219
8.523655
7.584898
9.833108
7.881096
10.054868
9.118543
12.545559
11.198247
7.334812
11.719019
7.999271
9.716228
11.444774
10.960565
8.700145
11.622097
12.348508
9.077523
10.469862
9.394423
9.895450
9.260732
10.599153
6.925639
9.142875
7.976728
6.957863
10.876103
9.251941
4.719401
9.876164
4.845604
4.280627
5.301579
6.507923
5.731370
4.261406
6.078023
7.705077
6.937538
2.592532
7.381351
2.736319
3.333504
5.593334
1.455317
4.715092
5.520871
1.087001
2.260290
1.365491
3.932450
3.240937
2.762880
3.047998
-0.560866
1.108235
0.062229
-0.134452
1.274591
-0.557531
-1.964117
-2.840646
-4.272993
-2.622257
-2.200092
-2.315736
-1.262211
-5.340996
-3.330654
-2.427426
-1.429487
-2.029357
-6.049331
-3.144342
-8.166082
-6.691019
-2.935537
-4.972348
-3.762589
-6.844545
-4.680659
-8.045392
-10.077489
-7.772415
-9.801510
-9.231581
-6.099076
-6.132776
-11.322510
-8.281949
-8.685228
-7.667867
-6.497237
-6.833982
-7.170432
-10.401855
-7.663020
-8.656402
-10.391787
-12.072446
-10.342344
-7.991547
-8.246473
-9.832734
-11.175237
-11.501333
-12.870705
-9.106812
-12.495661
-12.090189
-9.645864
-11.072625
-9.849050
-9.470602
-9.833561
-11.497645
-10.817057
-10.344674
-6.652516
-11.271055
-7.379590
-10.143676
-6.489736
-11.180348
-5.812366
-9.215323
-10.917403
-5.097363
-6.114570
-10.087142
-6.845278
-8.884080
-4.067205
-4.755372
-5.295067
-7.813932
-6.776401
-4.465903
-7.251065
-3.408407
-3.192218
-5.147171
-6.269393
-1.867195
-5.853937
-2.690132
-4.544255
-0.467094
-4.729317
-1.767078
0.048179
-3.933809
-0.945002
-1.271654
-1.221599
0.150796
0.272552
