2.659624
1.306724
1.365087
-0.639770
1.867061
3.681859
-0.478910
0.797603
3.320480
0.792057
1.684768
1.759581
2.086079
2.795572
7.337761
5.974711
2.358483
5.257344
5.193893
6.723210
4.792624
6.346061
5.716123
4.487865
9.494860
5.353690
9.050258
6.376812
9.099592
7.582224
8.910648
10.642112
9.499941
8.602318
8.568903
9.909889
9.825770
7.976678
11.651252
12.064411
8.536728
8.938063
12.545665
11.983513
8.435173
12.681272
8.044608
12.079744
9.246150
8.696303
10.095929
7.534765
10.538210
8.706835
9.674237
11.196267
9.049142
7.904309
6.667830
11.413730
10.677403
8.930898
6.336829
9.548761
10.368195
10.210019
9.854605
9.512110
7.205642
7.965870
10.591721
6.777192
8.331708
5.625378
6.962627
6.166097
4.576440
7.695278
4.146354
5.741900
6.960379
2.394367
5.741980
5.361509
4.508125
6.895939
1.890460
1.351304
3.690529
4.552078
0.337406
1.545272
1.519398
4.758867
-0.253323
-1.295822
1.019151
0.331628
-0.833905
0.390222
-1.844105
-0.950591
1.119977
-2.424086
-2.064607
-0.291510
-0.542140
0.338439
-4.618257
-2.816489
-4.869354
-6.480978
-2.693765
-3.598787
-5.971735
-6.197872
-7.622859
-7.462604
-5.548942
-2.894030
-4.146258
-7.641060
-9.518670
-6.998258
-7.059486
-8.150369
-10.120443
-10.541778
-10.759843
-6.684848
-6.205642
-9.813309
-7.031437
-9.508489
-7.724568
-7.981878
-8.924202
-7.941681
-10.057536
-7.318781
-7.955687
-9.479609
-10.822399
-12.427743
-9.093549
-10.307490
-11.636083
-12.260378
-9.620218
-11.675750
-10.506530
-8.979685
-7.951752
-11.703841
-8.252805
-12.000356
-7.061898
-11.536711
-12.078467
-6.703569
-10.464777
-9.412574
-8.462342
-6.793412
-6.651565
-7.650569
-9.600997
-8.258784
-9.084123
-5.503877
-6.285866
-4.863599
-4.929924
-4.435356
-7.984649
-4.858049
-6.429088
-7.410589
-4.290903
-5.106873
-3.535591
-6.966631
-4.213157
-4.843333
-4.995434
-2.031477
-4.811717
-3.585485
-2.365494
-0.169281
0.207279
-4.782647
-1.796915
-2.270206
-1.125281
-0.638138
0.681916
-2.452257
-2.696904
1.614914
