1.188337
3.082438
1.440002
1.596468
-0.508528
1.763516
-0.672435
5.016871
4.680908
4.728943
5.903735
5.439414
6.198070
6.170709
4.540197
3.198043
2.892256
5.425824
6.313684
6.106683
4.300869
5.692189
6.498333
6.659175
9.222241
6.117483
5.185528
10.013769
7.396024
5.918098
6.369584
7.356966
5.907673
6.055279
6.720918
8.656873
8.517376
10.930968
6.781055
11.682863
8.845207
12.550829
11.000443
12.502804
8.596987
12.494269
7.964432
11.247821
11.047025
12.314222
8.186625
11.513545
11.072088
10.563616
11.012164
12.684006
9.588494
7.864476
10.858222
9.828742
11.343410
10.081392
11.001488
7.797389
7.968062
10.519682
7.143882
8.756106
5.426576
8.771739
6.504285
7.949716
4.974285
9.378356
7.700412
4.782422
6.949849
5.724782
6.101590
7.600230
3.309538
8.277477
3.548617
3.653195
6.833889
6.216941
4.719509
3.789617
3.807639
3.000401
0.271486
4.967269
3.254839
3.730225
2.532296
-0.606798
-0.073103
1.165682
2.226158
0.088270
1.125770
-0.956889
1.004464
-3.559614
-4.385310
-4.769084
0.582589
-0.667601
-0.175715
-5.164640
-1.310171
-6.365020
-2.082002
-1.749604
-7.210335
-3.703818
-7.132827
-4.494107
-8.222909
-3.112059
-7.330385
-7.425794
-4.788217
-9.525198
-9.931225
-4.637546
-5.843643
-5.714005
-8.456639
-7.074354
-10.461571
-5.484308
-9.522481
-7.961189
-8.163227
-11.593338
-9.086720
-9.225551
-10.935569
-8.709459
-11.775940
-6.731549
-8.085403
-9.847042
-7.193335
-9.463197
-7.355394
-12.441372
-11.250343
-9.026118
-10.998563
-9.519302
-8.836087
-8.038191
-8.929120
-9.089399
-11.240628
-8.146200
-9.884405
-11.410164
-11.275731
-7.411629
-7.425472
-7.219080
-6.781598
-11.474312
-10.465678
-8.967419
-10.842330
-9.699411
-10.694180
-7.697471
-6.207032
-4.381940
-7.729875
-9.570785
-5.776658
-8.758634
-6.211980
-6.109483
-7.277787
-8.241881
-5.204929
-6.870631
-3.480596
-2.835686
-6.337421
-5.044877
-4.286363
-2.967023
-3.926336
-2.313680
-3.405297
-4.665483
-2.733127
-1.712025
1.116748
-2.992264
-1.484888
0.463861
