2.455802
0.597244
2.462743
-0.249273
4.459343
2.257183
4.247284
3.281635
2.969938
5.834110
2.100193
1.432837
6.184371
6.053634
3.954343
7.593176
4.835926
8.316324
4.169441
6.882664
7.005343
7.532361
9.168769
4.859523
4.244138
8.517967
8.515055
10.480534
9.277921
7.301544
7.457988
9.232879
7.016154
11.575878
6.394957
8.763840
9.450833
10.689381
9.469544
8.457143
11.006565
11.921855
12.439197
7.826062
7.103795
11.654724
11.779953
9.089650
7.694195
7.959111
10.016678
9.849482
7.829026
12.819178
7.699961
11.915622
12.472674
12.666059
6.783819
10.165754
11.523957
10.951764
6.325982
8.799561
6.596152
6.395376
9.828288
9.608103
5.371843
6.851403
8.258589
5.441109
7.490242
9.878138
4.422249
7.435958
5.788717
6.896565
7.455563
7.272890
7.040577
4.533932
7.769899
4.244158
6.057125
6.417785
2.011625
5.910717
0.419508
2.987035
2.617249
2.249833
-0.785983
4.822007
0.740015
-0.056765
2.274082
-0.561703
-0.462113
2.660057
2.365440
-1.530101
0.505503
-0.445878
0.741666
-4.139889
-2.886649
-2.885494
-3.233053
-2.654229
-5.945674
-2.538641
-6.280914
-3.831299
-4.822006
-7.580565
-2.231836
-6.080905
-3.739566
-4.959472
-5.252802
-7.510208
-8.532824
-9.034314
-8.461564
-6.711884
-9.468454
-5.272105
-5.104781
-9.164130
-6.654262
-5.815027
-10.998119
-8.856376
-10.956646
-8.649720
-7.039057
-10.469006
-7.147847
-8.197320
-9.143510
-10.126731
-10.647363
-11.696298
-8.401489
-11.987622
-12.492622
-9.828181
-7.173631
-10.332625
-9.237999
-7.723371
-11.289951
-11.716213
-12.845609
-12.558548
-7.342301
-11.175809
-10.704308
-6.762388
-6.838423
-7.260760
-8.623180
-7.915950
-9.229695
-5.838944
-9.059481
-7.431478
-8.934856
-6.482279
-9.928671
-9.079162
-5.509495
-6.205289
-8.584847
-4.569454
-6.259433
-7.433430
-3.592528
-3.169663
-6.324255
-6.225882
-7.671198
-5.333969
-5.399338
-4.139158
-1.469901
-3.494227
-5.299707
-4.062522
-2.997971
-1.381742
0.458674
0.401678
-0.253885
-1.550862
1.945971
0.285182
2.502635
2.352810
