-1.853259
1.210034
-1.037729
-1.549892
1.281447
2.397059
0.963871
-0.123165
3.481118
2.866203
1.475324
3.333974
6.254900
5.586698
2.762073
3.898771
7.303183
5.287264
5.197916
3.327758
3.515689
8.740460
5.749673
9.321108
9.068823
4.464662
6.728298
8.464072
10.089810
7.749197
9.554395
10.726564
6.448964
7.584544
11.863901
9.272261
12.159731
9.795866
12.252621
11.887912
9.311970
12.301059
8.528149
9.218255
12.036072
9.133809
10.652486
7.768083
7.829493
10.567958
11.076947
11.329497
9.834252
11.886510
12.666195
11.505411
8.381770
12.000590
9.935916
7.832013
9.442420
6.891791
11.808521
8.169585
6.815599
11.205370
9.574708
9.450460
5.843631
10.540967
6.906404
7.987630
5.234404
4.901673
6.525249
8.414912
4.567973
3.456081
7.694330
8.655756
7.778223
4.723967
4.577236
5.047578
3.702290
6.943276
3.271384
6.218987
2.581106
4.127489
2.096146
5.334508
1.058701
4.800850
0.408956
1.491152
-1.440016
-1.437806
-1.495544
-1.991997
-0.772294
0.109883
0.436643
-2.566369
-2.836641
-0.162716
-4.684476
-2.033194
-1.404870
-4.285314
-5.250921
-1.742322
-4.389035
-3.282063
-3.367266
-7.194296
-5.196296
-7.981613
-8.260930
-6.851935
-8.490045
-7.434204
-8.981882
-9.070996
-6.250087
-8.484555
-6.170597
-10.645573
-7.409236
-5.827671
-6.105569
-8.756225
-7.840617
-7.197859
-7.207064
-7.005741
-10.422963
-9.342311
-6.829439
-12.054375
-11.659040
-7.539567
-7.385133
-10.905568
-12.228746
-9.656528
-9.473268
-10.562989
-7.343888
-8.578318
-8.984531
-7.359939
-8.892335
-12.726894
-7.842756
-12.443030
-8.252242
-11.800497
-12.315967
-10.685215
-10.213405
-7.910169
-9.623276
-11.910228
-11.833757
-9.459692
-5.662217
-8.568764
-5.866092
-9.505741
-9.428652
-8.361410
-6.617315
-9.579131
-8.952362
-5.587304
-9.348159
-9.171609
-6.091718
-6.725835
-4.747293
-3.280484
-2.109484
-4.327333
-4.482210
-6.728921
-3.968315
-5.087182
-5.091659
-5.370756
-4.939590
-5.325567
-2.336510
-1.281149
1.166807
-2.433080
0.051182
-3.215007
-2.143016
-2.453044
