0.376708
3.267749
0.307949
-0.113112
1.591604
4.214391
2.804479
-0.143917
5.596344
5.772167
0.526441
2.101017
4.463744
5.661296
5.431541
2.825450
5.553713
3.009160
5.349253
8.499031
8.486001
8.501912
3.816273
4.130116
9.221300
6.944901
4.768558
10.522041
5.478418
7.353890
7.357822
10.262464
6.495525
8.109519
7.840054
10.225891
10.461858
10.034286
11.127435
7.028102
11.747122
10.650900
7.825628
9.449343
12.849708
11.572457
12.386881
9.292340
7.799984
11.119707
10.130583
12.463457
10.660818
8.162489
12.852658
11.158780
10.343964
9.405746
8.829049
10.878802
10.802847
10.916678
6.977010
6.266470
7.494460
11.091712
9.436952
8.549098
9.337132
6.887503
6.075249
5.605245
5.183368
6.795372
6.511274
3.970337
5.509949
8.944826
7.534029
5.847253
7.273156
5.862140
7.750193
5.744184
6.859312
2.501228
6.234823
6.625645
0.420639
5.254561
0.547980
3.219791
2.203168
0.351906
3.877887
3.013430
0.063174
-0.232755
3.017320
-1.933847
1.027793
-1.404250
0.429182
-0.002427
-0.251446
-3.506314
-3.597252
-0.737881
-4.687930
-0.897599
-1.078365
-6.651880
-4.450953
-6.723248
-6.336399
-4.000688
-4.054621
-3.951743
-8.085504
-4.444541
-6.060530
-3.704213
-7.603371
-7.937575
-9.701159
-5.118811
-10.131632
-7.665348
-5.847682
-6.981273
-8.142273
-7.652067
-9.913163
-6.765310
-6.118757
-10.957158
-9.815072
-7.795963
-8.565731
-7.556874
-7.061335
-8.157742
-8.381340
-9.867672
-10.538180
-12.596877
-11.842160
-11.796023
-7.545907
-7.313973
-10.826102
-10.813470
-9.311359
-8.604896
-11.606141
-10.206061
-8.494517
-12.571629
-6.702579
-11.003509
-8.821149
-10.027501
-7.512793
-11.574678
-10.622586
-10.941859
-9.887811
-9.852437
-5.808625
-8.425165
-6.190195
-6.519739
-10.464171
-9.410607
-7.680444
-8.684453
-8.652467
-5.007530
-5.875876
-3.224147
-3.432391
-2.490125
-3.840970
-5.335462
-2.812991
-4.575889
-1.732255
-2.720728
-0.852123
-3.056058
-0.152564
-1.454549
-5.023160
-3.733303
-0.094046
-0.886783
-0.728251
-1.794656
1.259869
-2.825235
