1.798080
-0.797615
3.145236
2.470707
-0.678171
3.134623
2.848446
4.266564
1.779194
2.611139
5.033961
1.596307
4.649638
2.919943
4.651711
3.029297
3.526153
2.363160
4.139420
4.645808
5.025236
7.055686
4.388597
6.608440
5.650351
8.755006
6.228781
5.012253
7.546335
7.218070
9.626449
8.055310
7.925051
10.756055
9.000523
11.915072
7.097323
8.878798
10.185309
10.098997
8.179211
6.929355
12.191267
9.499861
8.600614
11.140375
7.501602
7.201623
11.353763
9.544337
8.177728
11.872387
11.907524
11.318937
10.749614
9.187742
8.391112
8.228611
9.122881
9.219819
9.805076
11.080794
11.491245
11.173575
7.220256
11.248469
9.499408
7.650974
8.197539
10.920905
10.664738
6.697169
5.309930
8.048470
5.762157
8.679094
7.529400
7.450700
8.066176
3.054215
6.754946
7.771412
6.139800
6.321669
7.045299
5.842624
3.474873
5.660663
2.022679
1.677515
5.061097
4.025806
4.248333
4.587034
0.891807
0.231152
-0.367110
-0.926537
-1.514003
1.302471
2.310973
-0.088299
-2.547034
-0.367618
-1.168508
-1.426193
-4.853877
-2.282087
-0.184546
-2.616263
-5.030714
-5.485052
-4.077508
-3.767071
-6.483324
-4.991309
-6.433248
-4.325354
-4.205091
-3.340949
-7.635419
-7.666443
-4.890862
-7.026055
-4.252722
-4.424511
-8.104645
-7.474046
-7.280819
-7.058770
-10.644997
-10.499002
-8.505209
-10.077810
-11.105655
-11.599385
-8.603454
-10.036189
-10.513687
-9.114806
-7.959764
-11.091956
-7.087998
-10.085331
-8.250925
-12.157198
-12.033749
-11.442767
-11.340011
-8.897640
-12.126503
-11.554615
-12.848271
-9.857878
-9.369687
-9.022835
-8.722171
-12.451015
-7.103660
-8.473071
-11.693622
-9.086825
-8.025453
-6.444463
-11.454057
-8.036891
-5.665315
-7.102265
-5.314001
-5.838852
-10.039708
-4.947434
-4.692749
-6.103225
-8.751410
-3.969915
-4.685577
-8.329322
-6.566186
-5.153535
-7.150555
-7.858719
-5.263028
-3.305193
-4.159178
-5.492879
-6.742961
-6.531074
-5.163613
-2.135048
-0.362570
-0.939610
-2.968744
-1.931641
-4.174782
-2.193135
1.657207
-1.503969
2.371214
1.086920
