1.517122
-2.333616
-1.652721
0.203484
0.493536
4.642910
1.572464
2.829535
4.077549
2.344336
5.889755
3.823506
1.547774
3.142636
2.782135
3.010368
7.491915
2.832111
5.335822
5.856348
5.328796
3.843230
4.973431
8.846935
5.666577
8.829787
9.234272
7.242580
10.600662
8.449585
9.985925
6.078247
11.023014
7.066471
6.560159
8.356213
6.909270
11.644425
7.114496
9.352641
6.865531
12.427155
8.122755
10.839669
8.519053
7.869839
7.962925
9.171167
11.545549
12.637041
9.109733
9.648242
8.554650
8.872543
9.826738
11.726339
7.348171
7.188133
6.745145
10.258698
7.243252
6.438361
11.376092
6.343812
11.001804
6.684157
9.922014
7.004865
5.781381
5.330606
5.966984
6.734293
5.618769
6.676923
4.125631
5.442793
7.901282
4.080047
5.803959
6.014237
4.810767
4.005468
5.067901
6.961425
5.095237
6.005221
1.738706
6.047406
5.793571
1.752341
0.247832
4.346445
1.829294
1.763466
4.286793
-0.912773
3.104185
-2.363715
2.249017
2.304460
-0.547220
0.422015
-2.924131
0.914326
-0.241696
-2.608543
0.301407
-0.295064
-1.282902
-5.795861
-5.334640
-0.715497
-3.274733
-4.728484
-2.930026
-1.972192
-4.024567
-3.940330
-8.560983
-5.077893
-6.141539
-5.854413
-4.548976
-6.897102
-6.144363
-4.628721
-9.159604
-8.948097
-6.820370
-5.975715
-7.982935
-7.822348
-8.823912
-9.660842
-11.177374
-8.149581
-6.642069
-11.937832
-11.857627
-11.538343
-12.282589
-6.920444
-9.801075
-12.220190
-10.033280
-6.990779
-11.264346
-7.221781
-9.973310
-7.432423
-10.550566
-8.954298
-10.400253
-8.564123
-11.957787
-7.357544
-12.445319
-8.889829
-11.288056
-7.073848
-12.300032
-6.709030
-11.908306
-11.692624
-7.762245
-9.815495
-7.224851
-9.036367
-8.496475
-8.969005
-5.429070
-7.810127
-9.390098
-7.413039
-9.669732
-5.189159
-8.091631
-8.038836
-4.116943
-5.791887
-5.280478
-5.229090
-5.346353
-5.937955
-3.327473
-3.595343
-5.208400
-2.089227
-1.810242
-4.342818
-0.065932
-0.534655
-2.673280
-3.764727
-2.084881
0.141129
1.161870
-1.310486
-0.177676
1.611728
