1.060453
-0.193830
0.717841
-0.871878
1.042919
-0.698965
1.233989
2.613155
2.194913
6.059596
6.100288
6.078895
6.477606
4.206095
3.278683
2.422437
4.417060
7.305425
7.538569
5.218017
4.577560
3.885809
4.315791
6.235089
8.847272
9.319245
6.944199
9.580191
7.516225
5.441243
6.825435
10.548566
11.509973
6.460220
6.193446
10.491959
8.887160
8.270739
11.818221
7.241428
8.233741
8.186042
10.007166
9.399290
9.842037
7.314166
7.455898
7.640575
11.551653
7.163455
12.153496
7.328511
10.137644
9.451026
12.460186
11.885904
7.640853
8.791651
11.196469
6.764522
7.558620
9.553169
12.088684
10.928997
10.059280
10.184949
10.121210
8.005244
5.754334
9.635986
5.713131
5.428628
8.047031
7.105500
6.354051
8.805781
4.432057
7.474816
5.102148
6.295849
4.457634
3.011531
4.759790
2.406583
6.581366
4.329487
5.524599
3.376839
1.749689
1.661816
2.790951
1.285039
0.480503
3.326511
-1.149623
1.950746
3.283023
-0.448429
2.900672
2.752214
-2.442714
1.193093
-2.824123
-1.498327
-3.295386
-3.135616
-0.517333
-1.991264
-5.648787
-4.652593
-1.072861
-2.331568
-5.056787
-3.494847
-6.535196
-5.371059
-2.295308
-5.558285
-7.087354
-8.351530
-4.884989
-9.216670
-4.560251
-9.326373
-8.940176
-8.226893
-4.782507
-6.150022
-6.804532
-7.389671
-10.018163
-6.674249
-7.496512
-8.411086
-11.219761
-6.710846
-7.410156
-9.175557
-9.124033
-10.324000
-7.295775
-7.672314
-10.702003
-7.602276
-8.321398
-8.109285
-8.823279
-8.395250
-9.653440
-7.809662
-7.282675
-11.028219
-9.548772
-10.107403
-7.991664
-10.630262
-11.242065
-7.560457
-7.667042
-9.753265
-11.300059
-10.892710
-8.946015
-8.509999
-7.567898
-10.321080
-5.887454
-6.544915
-10.997742
-5.770858
-5.985022
-10.641285
-5.590250
-6.063917
-10.001167
-6.580420
-5.725820
-8.174709
-4.156137
-4.207908
-7.830358
-8.080870
-7.631647
-2.606638
-2.402521
-3.632722
-4.545193
-6.455020
-1.679309
-1.001510
-5.468066
-3.143002
-4.758710
-2.257166
-1.583011
0.894005
0.523755
1.288522
2.541174
-1.823646
