-0.570890
0.272046
-1.215961
-1.149889
-0.909156
1.346113
4.953469
3.882351
5.404787
5.126129
4.588860
6.431410
5.922531
4.904578
5.470264
2.569523
4.837070
7.765062
7.805924
5.476514
5.524826
6.211330
9.164044
7.745702
8.830801
6.731276
5.230425
9.695959
5.846242
5.310553
10.075950
8.512571
7.759369
6.696739
9.264600
6.624230
7.923329
9.700426
11.664837
7.893412
12.503296
10.729401
10.984739
12.037574
11.453732
12.561004
12.586710
12.963302
8.176698
9.946925
9.205472
7.911276
9.327719
6.954708
10.380566
9.050787
8.159997
9.176664
11.972605
10.644407
11.565427
10.280381
6.210161
10.473468
10.050675
10.309398
9.759828
10.318788
8.802655
5.930361
5.427600
5.639753
5.069179
8.458034
8.973852
5.953182
9.242997
4.042689
4.903878
6.169816
2.808973
6.588548
6.296620
5.235114
5.527780
2.812815
2.648795
6.227243
2.094031
4.520575
1.261526
2.743755
1.961272
-0.972481
3.331894
-0.536532
0.126095
0.915381
-1.975911
0.012773
-0.496906
0.598193
-2.168262
1.398692
-2.568739
-4.872037
-4.747171
-1.290930
-3.741198
-0.985355
-4.305618
-2.409577
-2.284901
-4.812158
-4.745967
-3.544052
-3.260341
-6.179496
-7.265152
-3.317260
-6.412092
-4.884373
-8.140863
-5.486111
-8.298938
-7.918586
-8.048519
-8.267659
-8.771381
-5.284507
-9.377746
-6.192706
-8.349191
-11.603589
-8.119172
-7.085646
-10.570472
-7.766080
-11.892326
-8.406775
-8.183352
-10.478583
-11.137028
-6.960211
-9.498823
-9.627791
-9.832540
-10.404409
-8.639260
-12.364389
-10.523509
-11.585611
-8.548768
-12.353005
-12.160185
-10.784535
-8.420838
-10.969724
-9.203063
-11.698193
-8.456204
-8.377388
-12.088155
-7.580549
-7.976053
-5.811007
-6.231975
-9.382990
-8.217313
-6.780521
-8.022337
-9.966787
-9.687659
-8.392863
-9.949468
-8.525346
-8.353313
-6.082742
-7.089561
-8.770599
-6.453770
-2.496839
-6.198628
-4.727518
-3.784171
-1.372946
-6.315435
-5.702293
-1.623730
-1.457380
-4.488049
0.000114
0.474861
-3.764837
-2.054907
1.588445
-1.986853
-1.623191
1.108893
2.551752
