-1.200598
-0.812567
-1.961932
-0.382161
0.628838
1.884336
-0.285666
2.764120
2.965961
1.221572
1.071667
3.888179
4.113903
2.555151
7.425390
5.891119
2.148567
5.349413
6.783675
6.779222
5.237359
8.623183
7.283772
8.437970
6.652228
8.220415
10.117016
10.066578
7.103792
6.309518
5.703235
9.129529
8.843535
8.099901
6.075786
10.689076
9.405199
8.796233
7.028559
8.569647
8.474565
8.173240
7.398112
12.498403
10.464439
9.972653
10.887476
7.941583
9.524774
11.281820
9.860648
6.997115
8.392039
10.904617
10.942602
9.593296
9.445464
10.197943
8.665199
7.565538
10.752747
7.641650
8.275132
8.877923
6.009254
11.291790
6.572745
10.554933
8.109221
6.113731
10.471766
5.978710
6.015992
8.892549
6.977905
6.523563
9.461458
8.836070
4.580190
6.982293
4.720827
6.842046
6.283131
4.517956
4.338590
5.611407
6.739192
5.756162
2.716039
3.420336
4.633061
1.693675
0.725905
1.670121
0.416241
-1.217388
2.653134
3.065946
-1.327080
-2.064819
0.597773
1.759700
0.840249
-2.956520
-0.174544
-1.127450
-2.956399
-1.380030
-2.537808
-2.444723
-3.642344
-5.585983
-1.578690
-4.383645
-5.297654
-2.653153
-5.335596
-2.737448
-3.718095
-5.193579
-8.388785
-7.888237
-6.279472
-7.228614
-6.483597
-6.929569
-7.792307
-9.616604
-10.543366
-8.377811
-5.482292
-8.502570
-9.466291
-11.231960
-7.448928
-11.701193
-11.156885
-11.353709
-11.812591
-10.189396
-8.411997
-7.018899
-9.309838
-11.070000
-10.226117
-10.131900
-7.892429
-9.369237
-7.153642
-12.814177
-7.654253
-9.668490
-7.963662
-9.961149
-9.006607
-11.305882
-10.191727
-9.136359
-11.461794
-7.211882
-8.260372
-7.161777
-11.750715
-6.336902
-7.797977
-10.581091
-6.296358
-6.264177
-5.589596
-6.883872
-10.695755
-10.387010
-4.736629
-8.754087
-5.413287
-4.941902
-8.944013
-3.971408
-7.598593
-3.183048
-3.797310
-4.105191
-2.156862
-5.622876
-5.024026
-4.781101
-3.276484
-1.808669
-1.269250
-0.902714
-1.707965
-1.550945
-2.468081
-4.426427
-0.329839
-0.408635
0.307591
0.094653
-1.692443
-0.097047
