-0.893376
-0.717029
3.041420
2.445909
0.966366
1.932798
-0.005517
4.954624
-0.199748
0.709011
6.247093
2.889338
2.257457
5.624039
5.483340
4.048576
6.817841
4.590103
4.270495
5.578234
4.661014
8.080134
5.897794
4.360287
5.588756
7.671009
6.032384
6.454191
5.802832
5.425702
5.680920
6.304210
11.509622
8.987730
10.351924
10.517352
7.317832
7.227466
9.836402
12.025785
12.399254
11.143162
10.981312
12.591443
6.952157
11.949069
12.165930
12.450395
10.215223
8.769831
7.223339
10.772485
8.752267
12.912839
10.523361
12.443414
10.650228
11.303557
9.014707
6.612265
7.726035
6.815013
10.332050
11.734903
10.131429
11.287331
8.294980
10.578947
5.984589
9.009210
8.712438
9.962193
8.903907
9.311223
9.398727
7.382325
6.585796
3.741940
6.677439
3.049125
5.270806
4.779437
6.549383
2.279048
3.208834
1.678087
5.176197
6.122145
5.171872
3.168232
2.130854
4.465862
4.905878
0.662962
-0.635041
2.225318
3.723148
3.319960
2.578270
0.980289
-0.824829
-3.115159
0.279218
-4.025734
-2.646113
-4.027257
-2.766437
-3.181179
-5.448979
-0.901636
-3.349756
-6.415090
-5.649159
-3.987050
-5.194003
-2.418373
-5.065710
-5.819387
-8.051815
-4.722682
-3.526853
-9.266152
-5.837191
-5.488893
-8.132001
-8.407255
-10.069940
-4.949353
-6.533360
-5.171178
-8.958716
-5.595812
-6.365147
-6.730750
-6.866341
-7.482524
-11.174309
-11.408506
-12.051965
-9.455235
-8.372108
-7.964895
-9.163206
-9.318569
-8.259013
-11.355579
-8.506193
-8.932194
-11.492778
-11.168390
-11.680110
-9.631650
-9.641030
-7.911659
-6.918815
-7.616343
-9.842957
-10.851417
-10.969613
-7.513202
-9.918070
-10.254238
-7.773839
-10.471463
-7.564874
-9.719229
-6.936005
-8.315718
-5.556922
-8.444216
-8.324637
-10.312126
-8.965468
-9.556096
-5.951171
-6.332701
-4.355406
-3.879089
-5.175984
-3.167001
-2.803710
-7.908067
-6.875786
-7.168377
-5.895117
-5.926830
-2.146714
-5.939769
-6.078988
-1.940904
-3.387421
-1.089776
-4.791398
-2.104244
-0.873817
-0.562135
-0.121730
-1.974486
-1.912559
0.071970
