0.718166
1.599867
1.612824
2.599077
3.512214
2.410706
3.177807
4.514541
3.107264
2.087623
2.284487
4.113511
5.143263
3.995710
5.197970
2.460674
7.276910
3.365857
3.437388
3.765310
8.831957
7.674877
4.818338
6.606939
5.768130
6.501080
8.526513
9.388471
7.012039
7.266464
5.374263
9.250514
5.630612
6.541469
10.883228
11.049717
7.238736
10.079989
11.846186
7.975710
10.032193
7.524894
10.795782
10.955721
7.357523
10.792508
11.158885
11.727790
10.093031
10.918631
12.815566
10.190929
9.527258
9.806344
11.873147
12.549438
9.065141
10.817747
8.464178
10.764265
8.007403
6.349844
8.759821
8.369080
7.247427
11.505823
8.412975
7.716178
6.822773
5.100391
6.881688
5.458407
5.723156
9.200648
4.541609
3.924061
7.608321
6.800994
7.225379
5.777656
7.464151
4.845385
4.518021
6.370396
7.381777
5.338479
2.437165
1.349098
4.257448
0.167474
0.919576
4.552742
4.980708
1.693315
-0.802182
0.935359
-0.780220
-0.049396
3.214134
-1.227003
-1.175137
-2.650018
-0.691821
1.446611
-2.193569
0.674623
-0.652210
-5.045922
-5.613744
-4.714231
-1.382369
-1.071500
-3.469198
-1.994818
-5.297096
-7.431714
-7.297018
-6.040654
-3.821564
-3.643325
-4.135616
-3.581891
-4.323734
-9.736034
-9.757080
-9.459801
-5.822851
-5.432248
-6.796558
-8.054968
-10.456949
-6.840308
-9.042829
-11.758347
-11.241636
-6.966580
-10.145519
-7.383398
-10.368546
-9.884909
-12.374263
-7.605751
-9.311596
-9.677372
-8.566200
-11.099961
-10.768870
-9.080724
-12.908363
-9.125361
-8.840661
-7.437715
-11.245897
-8.849043
-11.824121
-7.614050
-9.330834
-9.961079
-9.616316
-7.727003
-8.798294
-12.007954
-10.413572
-7.346236
-8.113990
-8.074439
-11.135564
-5.502523
-11.232320
-7.257904
-6.645049
-5.745787
-8.875110
-6.266425
-8.591326
-4.467382
-6.367925
-4.676743
-4.611153
-7.342194
-6.608260
-6.410344
-6.170099
-4.570695
-2.917847
-7.162284
-1.090690
-3.164534
-0.791961
-0.254492
-1.848067
-1.043517
0.590078
-0.643218
-1.550382
0.665290
-1.852601
-0.468408
-0.991352
1.994278
