-1.386549
0.899656
2.520515
-1.688389
1.050618
0.970412
0.655536
3.380430
1.834583
0.848329
0.961050
2.154450
1.611274
6.104516
2.700412
1.863013
5.241081
7.943948
6.928756
6.085435
5.310916
8.610125
9.317379
5.624568
5.036936
8.634122
10.467188
6.295434
7.459920
10.409728
7.515088
10.090886
5.899926
9.860985
5.941963
6.079063
9.012009
10.460028
8.082748
11.310855
7.257138
12.261357
8.515639
9.876009
9.261840
7.573790
10.180427
11.311963
7.671304
8.572926
11.955681
7.141210
12.690091
7.269289
12.784295
8.913645
11.499228
11.087527
10.423835
9.015264
7.611486
8.556413
9.131475
11.575082
8.069175
6.606205
5.731186
9.372211
8.508090
6.645555
7.364183
7.553556
8.792995
6.407857
7.446552
8.974576
8.749604
6.345485
9.120925
8.573446
6.653142
2.483785
6.371934
3.404833
4.715711
6.538812
2.891111
5.434555
0.646110
2.694280
5.319684
2.099795
2.896204
-1.119525
0.304723
1.253511
-1.715273
1.883936
3.162091
-2.928059
-0.539670
-0.290953
1.902393
1.130511
-2.875857
-0.990440
-5.165340
-4.513207
-5.393439
-1.445921
-4.331930
-2.912251
-5.584429
-1.842569
-5.611199
-4.103786
-2.598149
-6.137102
-4.563541
-4.711533
-6.760308
-5.375624
-9.509510
-5.524750
-7.540277
-9.658450
-7.012762
-9.547483
-7.895920
-9.335983
-9.348025
-7.283031
-10.293780
-7.032925
-11.226374
-8.254801
-8.640032
-10.711180
-7.427890
-9.351935
-8.058555
-9.177526
-11.751352
-10.759517
-9.317855
-11.951870
-11.572595
-12.689128
-12.208440
-11.298647
-12.007193
-9.816845
-6.993031
-12.458529
-8.342025
-8.139134
-8.860902
-6.703347
-9.417832
-11.488453
-7.781399
-8.823349
-8.894693
-11.524917
-9.404848
-7.429695
-6.759810
-10.206235
-7.432247
-6.477088
-10.410085
-9.345477
-6.280848
-7.224720
-5.035449
-7.894004
-7.325041
-6.091420
-6.237303
-3.987352
-5.391262
-3.179623
-2.659584
-4.148950
-2.451618
-3.346164
-2.854553
-3.838744
-0.420230
-1.721845
-3.042075
-4.610292
-1.850145
-0.350378
-4.500256
-0.314546
0.288955
2.074505
-2.109981
-0.287451
