0.518265
2.706846
0.813200
1.763094
3.691621
1.055610
2.004281
4.534894
4.506029
3.058221
2.302667
5.342281
1.611669
6.390775
1.609502
4.271718
5.229761
4.539966
3.000753
8.243597
3.847554
7.918874
6.193276
6.550632
5.434025
5.644845
7.045328
7.687113
6.860289
9.369877
5.426424
10.001846
8.848049
6.750374
10.760075
6.493232
11.614537
7.189990
8.579792
8.794340
12.447281
11.860800
11.083597
12.346849
8.130651
12.481250
11.454581
9.830027
9.663988
12.722470
12.657723
7.329767
10.930275
11.899323
7.201877
10.929902
11.438572
7.371247
7.595674
10.045013
8.563836
7.513982
8.860519
11.710933
7.515573
10.221633
11.603288
10.802040
9.901868
10.932677
10.007622
4.769462
5.649379
6.055904
7.126328
8.196976
4.418021
7.702601
6.154387
4.478904
5.496907
4.495826
6.204391
2.143727
2.396669
2.778486
5.412822
6.171102
4.464609
3.262627
4.701777
5.124037
4.787291
4.049555
3.653494
3.579070
-1.584484
1.972852
0.939229
-1.300141
1.003168
-3.233507
-1.373689
0.468510
0.414502
-4.848758
-4.877754
-4.333363
-5.660805
-4.670478
-1.215834
-2.718468
-4.978253
-3.401106
-3.279203
-7.081110
-5.832549
-6.823546
-5.886267
-7.480224
-3.143269
-6.775164
-4.561547
-8.655853
-9.236902
-8.037617
-4.703651
-6.824820
-9.141528
-10.254959
-8.481351
-11.305743
-11.435436
-9.117599
-10.631440
-10.232755
-7.124883
-11.731584
-9.097868
-12.343492
-9.301537
-7.569460
-6.962147
-9.705115
-10.079361
-8.216080
-9.772094
-8.943471
-9.271938
-12.136637
-12.102813
-12.684859
-11.249946
-11.019618
-9.091124
-12.057112
-10.647707
-10.119389
-7.615540
-11.207552
-6.822963
-8.294711
-6.437637
-9.629875
-10.107685
-8.954012
-8.987445
-9.753610
-9.367662
-7.929630
-5.329597
-10.499684
-7.871613
-5.068749
-10.069085
-4.886568
-5.308133
-5.448408
-4.424293
-7.446732
-6.493053
-3.611357
-6.554595
-4.041571
-3.243695
-5.799734
-4.204402
-2.842905
-4.577288
-1.786803
-5.076633
-1.456422
-0.232384
-2.015815
-2.330188
-1.436420
0.552754
-0.656233
-2.776175
0.716258
