0.640090
2.308321
-1.254190
3.217607
4.315579
1.190859
2.765982
0.776312
1.746960
4.692596
6.006365
4.339481
4.681534
6.765149
5.659105
3.830022
6.964805
8.193298
8.342158
5.271856
8.607354
6.449203
4.803411
5.971888
5.640637
5.260359
7.705675
10.146534
6.589929
5.344393
9.830867
6.536257
9.572978
11.700857
7.358995
7.374986
12.146763
8.740770
8.579869
6.750406
11.139893
7.109516
8.773949
10.366901
7.649732
12.242323
8.703156
10.417034
11.813757
12.481268
8.870762
10.819972
8.574099
8.138033
8.817217
6.879375
7.823002
7.142425
11.323277
11.296052
11.460644
6.758097
11.260740
8.494504
8.340947
8.079349
9.794837
5.879690
7.579929
10.400918
8.792248
5.833581
4.762528
8.299112
9.493239
5.539882
3.684387
7.501651
6.806023
3.527009
5.078528
7.237365
3.239645
3.445361
3.476118
1.525928
1.347136
5.644171
4.291074
3.989134
2.635754
3.785837
1.205224
3.802441
2.324929
-1.682473
3.829344
2.004413
0.355063
-1.462911
2.310726
1.584398
0.571781
-3.172407
-2.594691
0.991215
-2.995946
-0.495520
-1.129206
-2.776621
-5.539244
-1.065233
-1.454786
-3.070528
-4.643170
-5.741906
-5.940836
-6.636573
-2.665278
-6.093909
-3.292184
-8.494031
-8.326113
-8.433667
-6.579849
-7.985088
-7.393669
-10.057770
-5.217303
-7.299538
-8.905327
-7.106818
-8.349762
-8.273821
-9.966005
-10.986541
-10.438259
-11.414860
-7.739487
-11.956888
-11.686247
-9.940462
-11.653127
-10.653441
-12.588719
-8.479828
-12.382505
-12.128609
-8.980842
-7.996449
-8.397982
-9.383815
-8.727825
-7.856812
-11.133577
-11.455424
-12.088965
-10.348011
-9.593859
-11.087044
-11.613706
-7.344042
-9.181038
-7.189316
-8.327253
-6.265707
-7.558032
-9.159057
-8.862238
-5.793920
-6.796392
-6.180725
-6.328247
-5.926819
-8.344062
-4.922381
-5.705507
-5.171926
-4.826958
-3.529298
-6.677990
-5.849945
-4.872197
-5.948652
-3.783310
-4.803368
-5.237122
-2.632986
-3.753809
-3.506572
-5.208702
-3.208211
-1.783118
0.272699
-4.396205
0.971567
-0.940602
-0.167780
-1.392557
2.860139
