-1.181090
2.807514
3.851144
-1.300469
0.097296
1.241929
-0.650616
-0.423416
1.870634
5.520277
3.092120
4.832754
4.489088
4.548473
2.940228
4.048866
6.670119
5.889634
7.241621
6.362832
3.769430
6.853704
5.240635
7.967788
6.772664
8.827452
8.252556
9.233064
9.156684
8.313422
9.667938
5.966337
11.168250
9.291692
7.368293
8.736080
6.461771
7.802697
8.380959
10.174691
7.347098
7.487297
12.394329
9.808774
12.165636
8.120135
11.415959
7.697058
8.581303
7.389051
10.015486
11.763453
7.398753
12.091366
8.610514
9.866504
12.157834
8.629288
8.366006
8.334943
6.451656
9.515038
7.011725
6.380805
11.289482
9.353401
5.841981
9.883369
7.905207
10.281410
10.064693
8.287573
4.519263
6.888075
5.790747
7.957047
6.145065
5.614502
5.838427
4.203061
3.224982
5.061379
5.082276
6.268582
1.836608
3.140949
5.680787
6.654325
0.441891
5.706203
3.394075
0.356096
1.757191
1.201640
-1.369229
0.418484
2.572403
1.682108
2.032084
-1.333759
-2.274571
-0.675666
0.696045
-1.867056
-0.011416
0.922857
0.095591
-1.458703
-1.103029
-1.182901
-6.200307
-4.651140
-1.104279
-2.377416
-5.170891
-2.478752
-2.175273
-4.631404
-7.289030
-5.039001
-8.926152
-3.673463
-7.779932
-5.208788
-4.135948
-4.350177
-7.777450
-6.804908
-5.131558
-8.689045
-10.577832
-8.890888
-8.224340
-9.570586
-5.947562
-6.968727
-8.279371
-7.930964
-7.363424
-8.570636
-10.601618
-11.266847
-11.951840
-9.485335
-8.508247
-7.509794
-7.075422
-7.192746
-12.804260
-9.757456
-11.241138
-11.853517
-8.790620
-9.033339
-11.840258
-8.517632
-10.747850
-8.321098
-11.219075
-11.196704
-10.438144
-8.668823
-9.503786
-8.768893
-7.461595
-7.863978
-10.966109
-6.969595
-9.256222
-10.032207
-6.309342
-5.095304
-4.556359
-7.284689
-8.622531
-6.775724
-6.460406
-5.128367
-7.567497
-8.481295
-8.355477
-5.955197
-4.205403
-3.943881
-4.668909
-3.041533
-3.581427
-1.431162
-1.257156
-2.143554
-4.530295
-2.939748
-1.126056
-3.063168
-2.089977
1.626787
0.146298
2.334874
0.539315
-2.550711
