-1.802462
-0.335366
-1.233090
4.218184
0.835330
0.683801
2.091525
4.569757
0.982207
5.358892
1.243111
2.588218
1.702648
2.532280
6.058616
4.883519
2.633487
3.883222
3.819437
5.308731
3.997464
8.928310
4.836771
4.631521
8.010565
5.142423
5.208747
6.740883
6.216150
5.853035
5.440860
10.872793
8.382280
5.872250
6.247361
6.790573
8.720774
8.879212
11.720196
7.095519
6.724961
7.216663
12.529090
12.184952
7.470046
11.120698
12.440900
11.606430
7.464863
8.524383
8.095444
9.633097
12.834719
9.688084
7.735583
9.356835
9.710435
6.710023
10.787255
9.536522
11.068381
11.769009
8.866857
10.129621
7.944122
6.456854
8.265850
6.338266
7.777778
7.005239
10.014243
8.103632
7.149474
8.939395
6.245936
4.779958
7.551678
5.274256
7.792905
6.403473
4.684759
7.473738
5.479376
5.930766
2.157984
5.974838
4.709512
2.758125
6.237762
0.854854
3.481573
2.555455
0.261819
0.514681
-0.493270
-1.127072
2.946563
0.689967
-0.377390
-2.290081
1.938803
-1.598993
0.306516
0.306787
-1.854903
0.986302
-2.300403
-0.047583
0.098720
-1.839600
-0.471899
-3.247518
-4.817489
-4.687740
-2.075438
-2.009985
-6.261853
-7.446032
-5.127702
-7.603262
-8.693052
-8.958047
-4.195213
-5.023042
-6.134241
-8.304677
-5.437591
-5.874216
-10.299973
-9.355540
-8.588852
-7.461403
-10.103962
-11.610699
-7.841754
-7.754327
-11.161887
-11.375247
-9.888612
-7.151753
-11.763611
-11.070120
-10.098754
-11.405305
-11.295226
-10.665227
-9.079079
-7.437571
-12.698010
-7.454733
-7.474001
-12.829346
-9.783356
-7.525480
-8.622125
-10.047378
-12.757024
-12.549780
-8.699234
-12.264597
-9.981607
-9.660832
-7.348325
-8.315050
-7.001654
-11.318064
-7.097104
-11.273629
-6.934604
-8.759297
-6.550911
-5.692764
-5.684577
-5.853922
-4.271626
-3.925373
-7.732084
-3.467945
-4.299037
-6.197752
-6.426960
-5.394815
-2.490002
-7.561741
-2.627316
-1.498190
-4.125960
-4.350117
-4.011766
-5.220031
-5.072664
-0.407193
-1.365918
-1.804501
-4.510949
-2.839610
-3.441423
-1.850347
-2.032572
0.575997
