-0.950916
-0.646392
0.092821
1.966602
-0.629274
-0.446905
4.114479
3.988137
0.593827
0.853480
2.513486
3.718940
3.648276
3.327842
4.406495
3.412260
7.875130
6.934252
5.263446
3.802912
6.970605
7.761555
8.964387
5.613725
4.265624
10.287564
7.956939
6.206646
6.760407
7.986365
7.277793
10.315712
9.378121
10.640076
6.809279
6.682925
9.681772
9.774378
6.701539
10.959443
7.186490
10.665686
8.295785
12.481766
8.422518
10.829981
9.575830
10.504657
7.773366
10.796393
12.527741
9.471208
9.621100
11.860178
10.385014
6.969372
9.892932
8.220496
10.316884
8.256996
11.449734
11.706522
10.144145
6.124244
10.968323
7.709895
10.970207
6.450158
10.346745
9.844650
8.528130
7.270119
8.642726
4.698841
6.209267
4.448839
4.985105
8.449586
4.243350
7.845931
8.392629
6.265052
7.672237
7.091188
7.317700
2.687629
6.741742
5.649738
5.270178
0.589568
4.290266
-0.119223
4.597001
1.472003
1.302561
-0.275615
3.286624
2.964139
-2.350840
0.565835
2.498167
0.661737
0.826248
-1.279614
-3.967826
0.158224
-0.835079
-3.189678
-0.509464
-5.343547
-2.038818
-1.578001
-0.977182
-2.591062
-2.864233
-2.193142
-3.136696
-7.406808
-8.099241
-8.069916
-3.594142
-6.346014
-6.898791
-9.811522
-5.400814
-5.208526
-8.260162
-9.148788
-5.817707
-7.966188
-5.984982
-6.810683
-5.790016
-11.666377
-7.725760
-8.080781
-11.585226
-8.897069
-11.175110
-8.366237
-9.577611
-12.087688
-7.734716
-9.595880
-9.742518
-12.096712
-7.095798
-7.301006
-8.716782
-12.292795
-8.546320
-11.182383
-8.123900
-10.053486
-9.329673
-11.390684
-12.337306
-10.623446
-7.978628
-11.533094
-9.981803
-9.920224
-9.236828
-6.649645
-10.578635
-7.105645
-8.718883
-5.687506
-8.182320
-7.148679
-7.861321
-10.457093
-6.543552
-5.866507
-9.218853
-9.622436
-8.881779
-3.685008
-4.312282
-5.120159
-7.552841
-2.926362
-2.261372
-7.801001
-2.016240
-2.330446
-4.125945
-3.107155
-2.358749
-2.044232
-2.027586
-0.397671
-2.690140
-4.612003
-1.987738
0.135064
-3.029534
0.384862
-2.932974
2.868384
