3.191164
2.129064
2.748316
2.943685
-0.917437
1.581396
3.382266
1.925767
3.503246
5.774590
2.224449
4.654210
1.504137
1.526773
5.702056
5.679539
4.929438
3.246428
8.399212
4.888745
4.291418
7.207550
4.088164
8.266694
6.662580
6.467203
6.101374
8.688884
7.975182
7.522388
10.218929
6.651673
6.509562
11.049051
9.467197
9.225117
10.445746
9.204806
8.370956
6.855526
8.067492
12.398589
10.441999
10.974176
9.676681
10.816514
11.997151
10.977122
12.908145
10.546880
11.675990
8.094110
9.454315
8.639452
12.751944
11.538899
12.062149
11.341975
11.133729
8.353947
7.642643
12.061493
11.859102
6.652070
9.018637
10.535694
10.054437
9.877299
9.727451
9.004078
9.649163
4.888812
6.552799
5.055138
5.357016
6.853010
9.315353
9.136436
5.074264
3.239495
4.327334
7.384680
2.249733
2.967763
4.587216
4.750867
6.831071
4.861862
3.299927
5.115779
4.913058
0.163008
-0.672330
0.239290
-0.383447
-1.173985
2.397660
2.558668
0.894288
-0.667306
-3.023909
1.487109
1.698233
-3.796241
-4.414803
-4.303552
-1.704971
-1.926390
-4.104522
-2.920847
-5.060182
-4.846551
-4.108039
-5.700281
-3.215818
-5.942456
-2.787287
-6.981995
-6.134132
-6.985404
-5.651555
-5.498131
-4.927710
-6.215432
-8.899035
-9.503793
-8.899133
-9.632618
-6.894367
-7.965895
-10.607581
-10.406358
-8.604923
-5.799913
-11.210035
-8.739701
-6.741019
-6.703392
-9.567875
-9.770972
-7.493376
-12.651853
-9.434007
-11.670464
-6.971642
-10.740844
-11.574037
-7.845763
-9.536753
-11.694287
-11.320462
-8.149932
-7.662049
-11.128832
-8.500500
-10.545556
-6.907666
-10.651575
-7.114220
-12.092135
-10.043642
-9.365078
-6.843647
-7.143174
-8.143924
-9.714276
-7.316805
-9.033021
-6.715806
-7.214117
-7.669085
-6.867916
-5.157233
-8.569229
-9.830459
-7.616672
-7.452358
-3.566313
-8.571667
-7.526654
-3.724188
-7.060522
-2.469873
-3.386836
-3.683227
-3.298572
-4.569887
-2.398726
-5.419788
-4.351853
-1.831705
-0.022629
-2.758128
-1.806116
-1.830361
-0.747473
-2.232984
0.211357
-3.107414
-0.291752
