3.088411
-2.365979
1.578278
4.042072
2.701953
4.517343
2.162249
3.109298
4.293593
3.030897
0.562424
1.072272
6.300067
3.416697
3.771619
2.566169
6.639919
3.323041
4.695963
4.422170
6.019996
7.236364
6.781428
9.433075
5.656637
7.970735
8.857422
5.949448
7.285541
10.027649
8.942297
8.472565
8.869416
8.716360
10.952611
8.614036
9.725440
11.973394
8.343687
7.265107
10.283869
10.490236
9.107775
7.937067
7.931261
11.799839
11.621426
10.617091
8.854383
10.689596
9.706395
10.603200
10.748739
11.412033
7.145914
9.543925
12.511054
9.111759
9.534874
9.022293
9.051755
11.846491
8.024065
9.394826
6.379242
11.463282
6.339776
7.701330
10.796602
10.723307
9.180824
7.626099
6.630680
9.831447
7.649439
5.574651
7.183384
6.739680
6.130642
5.647340
5.698601
5.175936
5.469337
5.788670
4.319213
3.486605
1.989911
6.210627
1.578087
1.739679
1.226210
4.195513
2.558305
4.598885
0.794151
-1.419673
1.693364
0.421632
1.788673
2.407236
1.724704
-1.633947
-2.152623
-2.893001
-4.456571
0.508659
-0.814958
-3.824582
-1.653569
-5.468153
-0.694703
-4.914472
-5.163168
-4.247569
-2.337830
-1.955752
-6.784812
-2.378191
-4.560917
-7.150193
-3.567282
-9.192559
-9.050649
-8.855023
-6.927258
-6.946803
-4.552070
-8.369728
-8.957743
-10.169100
-10.342168
-9.294757
-7.340256
-10.418573
-11.086972
-7.571046
-6.624160
-6.327916
-8.964473
-8.664341
-9.252495
-7.289211
-12.636276
-10.673111
-12.004898
-10.326634
-9.115843
-12.969649
-9.947699
-10.690185
-10.314495
-12.225292
-11.453535
-9.930258
-11.263148
-9.945153
-11.481079
-8.873594
-8.753814
-6.525536
-10.777569
-11.967584
-10.530463
-6.418835
-8.595657
-8.475895
-7.074441
-7.852676
-7.014061
-9.771471
-8.374340
-8.999373
-4.907514
-5.647280
-4.210570
-9.326219
-6.037341
-5.447884
-5.536957
-7.574056
-5.598569
-2.443458
-8.056898
-4.944721
-3.950060
-4.345659
-1.496165
-5.313060
-4.447271
-5.777906
-2.398272
-0.387029
-0.694564
-1.979359
-1.729545
-2.593721
-0.534671
1.165519
-0.236847
2.972977
