0.253969
0.278285
1.102954
3.537609
2.178980
3.924065
4.171750
4.786248
0.630548
5.638712
4.134483
5.528289
1.184492
7.020106
3.291304
5.901765
5.164689
5.118852
3.329491
7.469863
7.699846
7.927426
4.393765
8.418620
4.522627
9.035264
6.629683
7.447048
4.973725
10.495560
7.196770
9.745825
10.668506
8.345674
11.579482
10.318507
6.715515
8.595745
9.212037
10.209267
6.855428
10.820486
9.058073
9.858910
8.864067
11.222006
11.612492
8.799721
12.568593
7.000842
9.001853
11.193223
11.470553
10.182237
12.017492
7.706605
9.164285
6.704691
12.078985
6.956203
9.815731
12.184072
6.612039
9.331607
7.483939
10.218897
5.788803
10.470992
6.983750
7.788391
8.620839
8.333053
8.913054
6.575958
5.827593
6.553697
8.171813
8.442606
5.958587
4.481823
8.508718
6.053299
5.786603
1.924737
7.030578
6.846415
4.717732
2.861650
4.425116
4.653618
1.882276
-0.197206
4.389320
0.040613
0.488057
-0.196210
1.443507
-1.854904
-0.379532
-1.737346
0.998638
-2.947044
-1.962819
-0.278760
-1.690726
-3.052886
-3.048624
-3.276992
-3.540082
-1.861239
-1.531441
-1.914542
-1.448620
-7.191205
-4.356097
-2.599270
-3.038441
-4.719744
-7.980449
-6.140383
-5.376489
-8.128832
-8.324473
-8.892268
-6.376624
-7.471371
-9.952603
-5.483237
-8.808928
-5.676847
-6.095396
-10.463649
-6.301227
-8.588744
-9.159390
-7.087851
-8.859193
-8.701484
-7.435667
-6.927497
-8.697766
-11.890898
-7.316903
-7.460246
-7.931671
-8.584417
-9.581932
-12.018252
-12.981020
-8.531638
-11.798659
-7.544626
-12.489488
-9.958823
-8.800224
-10.590053
-8.130001
-8.035827
-6.892954
-9.542160
-8.918924
-11.480032
-9.187683
-7.807881
-11.571192
-10.699804
-8.280419
-10.443540
-5.531452
-8.251370
-7.313310
-10.488926
-6.996125
-7.376236
-5.859195
-4.021997
-7.713657
-4.788127
-3.331398
-7.342700
-4.868357
-4.100962
-2.407709
-5.927750
-4.262795
-5.748164
-6.065808
-1.462403
-3.103917
-1.546183
-3.572995
-2.679657
-4.293132
-0.143945
-0.580128
-1.071676
0.302031
-2.885476
0.871560
1.823966
