-0.268050
-2.194314
1.500134
-1.437828
0.491147
-0.493173
4.712522
4.470145
4.856060
2.339708
2.462801
5.808901
3.698642
3.855469
4.375118
4.740770
3.817299
8.161052
3.480421
7.490396
9.080430
8.098756
7.109899
9.183090
6.172541
7.635987
7.533029
7.437857
5.536045
6.621593
8.260301
5.718814
11.424795
11.417562
10.351556
7.825559
10.754221
7.705046
11.263880
9.028679
12.247535
12.152502
7.281442
12.374454
10.652608
12.209687
12.935297
7.137450
10.554747
8.009625
10.833281
8.548996
7.015795
12.825897
10.560608
7.685828
8.734487
11.993909
12.147078
11.953785
8.238339
7.553285
8.311658
7.625821
11.242160
8.808646
5.829183
5.915965
10.550976
7.247062
6.166674
7.549045
8.480603
7.054917
8.474859
5.258646
7.858809
3.706663
4.169234
6.840270
4.901046
2.991836
2.508192
6.192730
3.908484
3.841503
4.705407
4.442908
5.512874
2.180132
0.668658
2.860240
2.442927
1.431967
1.739132
2.031281
0.253736
0.579738
2.797881
2.199819
0.708716
1.071967
-1.811902
-0.855789
-2.185353
-2.055522
0.360407
-5.274787
-4.912554
-2.631233
-3.918444
-1.650711
-5.973299
-4.196917
-6.177303
-2.722798
-3.668484
-4.819570
-4.074296
-4.924792
-5.874335
-5.638790
-9.413365
-4.070329
-7.216814
-5.803763
-7.190075
-8.145303
-5.166091
-7.512102
-6.965405
-8.950830
-10.648541
-8.767950
-7.926418
-9.581891
-10.061864
-10.359515
-12.115373
-8.968992
-11.897613
-11.160187
-9.456424
-10.598212
-12.703447
-9.990956
-11.753612
-11.735363
-11.742579
-9.881879
-9.722085
-10.035628
-10.607771
-11.293859
-9.459797
-8.342653
-8.776452
-11.959799
-12.209985
-7.606769
-6.928629
-11.994565
-7.655478
-8.626437
-6.058576
-10.575816
-10.831546
-6.635225
-9.975558
-7.941067
-6.305894
-8.390451
-7.328782
-4.946098
-6.992995
-7.831200
-8.186841
-7.516017
-4.033298
-4.525286
-8.169626
-5.435185
-4.418066
-5.490187
-6.608039
-5.102666
-5.014454
-4.624197
-1.730744
-4.386304
-3.619523
0.394150
-1.993203
-4.061915
-0.308652
0.984811
-1.261837
-0.170573
1.181573
-0.008385
