2.918555
3.073814
1.977470
-0.833404
3.441788
-0.609679
2.624994
4.064779
1.397784
4.711077
5.956547
5.007203
5.662743
3.587499
5.733705
5.276666
3.654614
6.493964
7.342764
4.833981
5.394246
4.427551
8.631597
4.450175
4.187424
10.081248
5.367083
9.611572
6.357693
5.778566
5.312542
5.952092
9.255731
6.485910
6.243472
8.148619
12.036575
9.151962
9.841027
10.465345
7.961892
9.906675
11.180892
8.186328
12.010403
8.032876
7.882339
7.968819
9.332489
8.502686
12.087817
12.963268
7.910908
9.150309
7.864803
11.527838
12.310208
9.497494
12.129752
9.285503
11.608816
7.155386
6.543832
9.724293
11.596015
10.637980
5.795767
9.165460
9.385432
8.522101
7.734163
7.256156
6.155957
4.502937
7.796729
4.684660
5.378474
8.617664
8.177140
5.985013
3.666088
7.273218
6.659110
5.362270
7.494114
4.471815
6.263226
6.382208
5.344319
2.562296
2.589539
0.559482
5.080542
4.605624
-0.644441
-1.010707
2.494664
-0.342082
-2.323871
1.686577
-1.218538
-0.996115
0.612799
0.838625
-3.326809
-1.950546
-3.477312
-4.115489
-4.228650
-3.069590
-6.048604
-1.193043
-3.027394
-6.695943
-3.051575
-2.642354
-6.221622
-6.415102
-6.820485
-8.162350
-7.936992
-4.738806
-4.013834
-6.026828
-6.743525
-7.122457
-9.681520
-9.483736
-9.482892
-5.141490
-10.637121
-8.632850
-7.077360
-10.044667
-10.274269
-11.126241
-6.467943
-9.613906
-10.078197
-12.455959
-8.821075
-9.060209
-9.423917
-8.657845
-12.703980
-12.435450
-7.021151
-8.222490
-10.905692
-10.481604
-9.153145
-10.445977
-7.040762
-10.507205
-11.723611
-8.498698
-7.071904
-11.427021
-7.430534
-10.473723
-9.161389
-8.377781
-9.426265
-11.407618
-11.008499
-10.279526
-10.808175
-9.570784
-9.619590
-10.633693
-8.814179
-6.083213
-6.792978
-7.616447
-7.711860
-9.082896
-7.418366
-8.720121
-6.756125
-5.268598
-7.921866
-7.620746
-7.948995
-4.211400
-2.774211
-1.647960
-3.521276
-1.380605
-3.615000
-0.954911
-2.148078
0.119141
-4.073057
0.127835
-0.738008
1.184070
-1.977374
-3.622376
1.558742
2.416500
