0.937472
0.535130
-1.915791
-0.178835
3.471658
0.686004
2.480176
4.993391
0.819652
2.993158
5.412456
2.255211
1.724396
7.213474
5.114806
2.272865
6.366549
7.185502
3.517077
4.411409
5.168996
3.581576
6.658992
7.680347
9.258470
9.603070
10.199877
7.587547
7.980692
7.675363
10.467348
8.754105
8.919476
10.134958
9.880480
10.670287
10.022613
11.220299
11.276118
7.744176
9.471296
10.581462
7.567501
7.553588
10.832356
12.005777
9.770466
10.947039
8.927155
7.880664
9.643168
8.220440
7.861169
9.262945
7.473229
9.230222
7.871907
8.616008
8.205823
6.827897
7.352062
10.699623
9.603054
7.279071
9.435570
6.932371
7.930231
8.207433
9.408550
9.158527
10.862941
9.221718
10.142427
9.631056
9.637023
5.640192
5.476958
3.554402
8.308790
7.678516
2.848474
4.682482
5.779224
6.296968
2.127819
6.887586
1.765550
5.206594
0.985584
3.352849
3.287683
0.972749
4.812564
2.731562
2.202009
2.853165
-0.299696
-1.438631
-1.983648
-1.608937
0.160532
1.590527
-2.616964
-1.736295
-3.894531
-2.044281
-2.639155
-0.798798
-3.487108
-3.734118
-0.968751
-1.200454
-3.812094
-5.159186
-1.550621
-1.902574
-3.986343
-2.701965
-7.589625
-7.118180
-4.433229
-5.538459
-5.263825
-9.051001
-5.808216
-9.253021
-7.965323
-5.540013
-7.092292
-5.937561
-6.732059
-7.445698
-7.861797
-11.745341
-10.398527
-9.927754
-11.998178
-10.120748
-8.236934
-9.709364
-10.875675
-11.521068
-7.469929
-9.753996
-7.000697
-9.308490
-8.915628
-7.823748
-11.813868
-11.778102
-9.129517
-8.973490
-7.047946
-12.386923
-10.573728
-8.801267
-12.324650
-12.223417
-12.528756
-7.321908
-9.503966
-6.730129
-11.755057
-9.570107
-11.698906
-8.390562
-6.016423
-7.472575
-8.149783
-9.560445
-6.957740
-9.370725
-9.973724
-8.670653
-6.919665
-6.336325
-5.502234
-8.702800
-5.080389
-7.549061
-5.196475
-7.158317
-7.731160
-2.704330
-2.342372
-5.111380
-5.329834
-5.953139
-5.017008
-3.269194
-0.576774
-2.215854
-1.716084
-2.836019
-2.201103
-1.666235
-1.684692
-1.624996
-1.417737
-0.777001
