1.771013
-0.644568
2.550509
2.255250
4.239467
1.708662
1.076552
3.604658
1.270061
0.376190
3.915516
2.873641
6.261223
3.338752
2.644620
2.739858
7.403620
4.549095
8.199162
5.376788
6.914032
5.914111
4.720475
5.282803
9.386128
6.978964
8.720488
10.444998
6.205645
10.155818
6.491911
5.813632
10.197687
8.144695
9.196764
11.398735
6.837226
7.257253
12.016865
10.283521
11.040102
11.518504
7.506817
7.634683
9.952664
12.190295
11.503039
9.429597
7.091665
10.728979
11.968320
9.066431
11.707855
8.396996
10.375716
8.501857
8.162879
10.251564
7.301912
10.199170
7.044789
9.612076
8.061938
7.201393
11.428324
7.934550
6.995689
10.334405
8.048443
8.046517
10.622601
7.614336
9.152614
4.895123
7.516831
9.148161
4.558835
9.003517
7.124375
7.796428
4.467055
6.538637
4.365067
2.969389
6.591840
3.559313
2.685319
0.897848
4.904254
2.779980
2.447375
3.792937
1.047020
4.562143
0.822282
-0.721892
-1.135236
-1.541149
2.171104
-2.485060
-0.686266
-0.465850
0.619285
-0.881605
-0.131680
-4.750121
-3.367465
-2.827135
-1.981931
-2.360536
-3.027715
-1.373092
-6.259586
-3.372521
-4.258812
-5.771666
-5.616776
-7.381027
-4.554856
-3.617100
-5.268473
-5.791533
-5.666895
-5.840985
-9.900784
-6.252001
-7.996648
-5.788542
-5.188952
-8.695015
-8.672023
-9.814464
-9.029116
-11.183044
-8.019998
-8.406329
-6.930418
-10.992400
-11.998782
-7.384027
-10.496919
-11.420468
-8.744202
-10.358920
-10.848397
-11.906247
-11.539805
-8.841094
-10.274410
-11.084145
-7.359883
-11.296683
-7.230356
-7.797274
-10.145662
-11.626567
-9.726086
-11.856646
-8.429819
-6.725753
-7.365679
-10.539909
-10.238970
-10.085707
-9.562781
-6.128617
-8.766464
-8.322090
-8.908784
-8.405979
-10.716016
-5.408871
-5.805670
-4.630828
-9.459382
-4.669563
-8.499321
-4.647223
-8.572006
-6.532258
-7.595876
-6.774296
-4.758691
-7.233694
-7.109981
-1.851566
-1.814696
-3.040463
-1.921050
-5.959971
-4.089895
-2.051950
-5.110831
-4.661857
-1.263503
-2.744277
0.301160
1.659587
2.369840
-2.961358
