-1.203121
1.020205
3.754973
1.478503
1.960796
3.009089
0.345543
2.313747
5.441460
4.591706
5.271066
6.204716
4.885849
6.208988
5.085256
7.726536
2.569900
5.770939
5.518884
8.455206
4.984575
5.141306
7.114440
7.022687
5.985177
10.160615
5.907283
5.845043
6.080808
10.243336
8.599149
6.089617
6.287057
7.850826
7.631928
8.296728
7.542103
9.790049
11.130940
9.106423
6.774209
11.455012
11.462151
10.315782
10.019307
12.350478
9.582820
11.657955
8.432266
12.079927
12.113684
10.850860
11.730848
11.571388
7.655707
10.571714
11.435299
8.040512
11.331196
11.876040
9.345519
10.259179
8.383594
8.616203
6.490912
7.670896
9.794273
9.569110
10.708807
5.906907
6.186484
6.151264
5.420979
7.476949
4.140181
7.819555
7.869012
6.688814
7.763387
5.487833
7.093207
2.975899
3.253476
3.576075
4.029869
5.818504
3.687518
4.797065
4.593969
5.069753
0.728160
0.617698
3.282352
1.516086
-0.761138
2.561312
1.964273
0.093618
0.617572
1.264521
0.702863
-3.259914
-1.122129
-2.943299
-1.557598
0.324321
-4.092134
-2.906686
-4.931342
-0.582231
-2.271523
-1.489644
-3.315628
-3.049695
-7.200514
-4.933342
-7.062594
-4.956133
-4.302493
-8.103508
-7.365190
-6.475888
-5.191468
-6.866583
-9.565824
-6.409247
-5.041545
-4.723077
-5.339780
-5.646364
-11.249193
-11.397850
-10.662877
-11.318028
-6.974226
-8.577523
-8.166687
-6.358959
-7.739587
-9.858873
-9.836590
-12.341699
-10.557456
-11.923731
-7.440359
-8.929545
-11.715356
-10.442208
-7.571089
-7.805518
-9.216085
-7.571942
-7.744411
-9.918077
-10.048806
-12.616503
-10.545768
-7.269063
-7.597111
-8.520022
-10.506118
-11.546020
-9.855379
-10.569857
-6.412132
-6.019784
-10.411575
-5.896561
-6.488088
-7.458028
-9.945724
-10.276098
-6.935861
-4.643781
-9.624153
-4.355203
-5.089715
-4.009820
-5.852485
-8.439274
-3.603324
-7.266949
-6.830715
-5.040981
-7.339755
-1.518253
-4.411089
-4.769953
-6.352678
-3.313346
-4.129960
-3.000132
-1.581687
0.948085
-1.352325
0.627188
-1.961721
-2.714189
-1.846166
2.792705
