2.140962
-0.940857
0.961747
2.721505
4.442251
3.455749
3.092333
5.096231
5.481765
0.650705
3.479073
4.874867
1.203284
3.432356
2.733974
6.936526
7.765711
2.759623
5.877207
3.747507
5.939069
3.770849
9.222808
5.799581
9.585211
9.163640
8.157747
7.593110
5.684379
6.977542
8.114552
8.832672
7.062799
6.097388
9.129833
8.506014
7.608255
10.923115
9.170143
9.792001
11.957808
7.719579
7.429405
8.442208
10.088429
7.458894
8.166464
10.045988
7.103576
9.890015
7.695628
11.683817
12.850894
8.931686
8.558198
9.078479
8.789139
11.759507
9.580242
7.174017
11.775442
6.832961
6.623192
11.916868
8.162946
10.300329
9.020373
7.231185
10.213205
5.732850
7.660633
8.086359
9.713619
4.399800
7.397615
8.467869
7.887247
7.495572
4.499734
4.508920
6.353862
6.604116
5.548355
4.768543
2.627549
5.073275
2.480013
4.419395
3.290639
1.978515
2.422389
0.247126
-0.391743
4.307690
-1.298570
0.421864
-0.521576
3.030461
-2.265095
-1.942457
0.885566
-2.076941
-2.835352
-2.299204
0.689247
-4.829238
-2.501969
-1.940794
-0.399430
-5.245898
-3.269292
-1.181838
-2.737273
-2.829681
-5.427772
-6.369220
-5.038628
-3.584453
-5.627140
-6.628905
-8.023095
-3.986798
-4.726802
-4.216062
-5.085753
-9.700328
-7.263584
-8.130382
-9.397279
-8.296019
-9.668874
-6.747701
-6.796565
-8.066335
-10.261335
-6.613924
-6.979669
-11.458966
-10.278813
-10.932231
-10.711774
-10.439856
-8.759290
-11.811626
-10.746136
-9.365938
-10.122776
-12.487481
-9.525664
-11.248425
-12.041489
-10.216495
-10.957091
-11.286183
-10.966365
-9.943432
-12.291952
-8.884081
-12.102981
-11.165854
-12.213775
-7.462071
-10.178318
-7.162316
-9.925167
-11.496637
-8.325076
-9.617236
-11.204967
-5.694109
-10.304425
-6.186979
-4.944108
-5.184329
-7.644749
-9.270042
-6.604090
-5.708703
-3.218655
-5.560575
-8.607199
-6.338028
-5.354617
-2.248405
-2.578039
-3.808669
-1.497114
-5.268398
-5.055650
-5.948488
-3.930740
-2.275518
-4.726467
-2.893404
-3.015613
-1.616097
1.279732
-2.943260
-1.671558
0.173447
