-2.448010
-0.467990
3.876980
2.912941
0.311676
-0.233314
5.038656
2.095264
4.615221
5.238086
0.589294
4.653065
6.121148
5.755657
6.612482
5.939836
5.417904
7.955192
5.785452
5.186819
4.860452
4.205726
4.710509
8.384818
10.005235
7.673786
5.292924
7.735804
10.360266
9.353103
8.766208
9.047889
10.318435
6.394869
11.868102
10.437700
7.027496
8.007949
7.610905
9.149432
8.364070
9.613270
12.277508
9.145266
9.171714
11.459934
7.608474
9.585353
10.111949
8.187825
10.743579
8.465884
10.113479
7.172089
10.752641
9.877225
9.997897
9.586659
12.326836
12.100841
7.906640
7.131760
7.363843
11.985384
11.777213
11.241306
8.380355
6.267607
10.286270
5.701411
8.323596
7.021402
6.631604
8.032753
5.653701
9.222057
8.171355
7.651815
7.138942
4.432344
5.270791
3.334031
7.022476
4.333269
1.560845
7.032523
2.083189
4.673994
5.054619
0.395913
0.849646
4.080045
0.310249
-0.717981
-0.942245
1.884904
-0.260228
0.023180
-2.068200
1.267609
-2.205708
2.320525
-0.433935
-0.177185
-3.286529
-2.629894
-5.149742
-0.921457
-3.384886
-2.657763
-3.989589
-4.604449
-3.352504
-5.738896
-2.772151
-7.164582
-5.577682
-4.411910
-5.637260
-6.782187
-3.170906
-4.495822
-5.836421
-9.576802
-4.151806
-9.383693
-4.568857
-9.985551
-6.477764
-5.800127
-5.997454
-6.531994
-6.175435
-8.803668
-7.926031
-8.268324
-8.985171
-10.986254
-9.594246
-6.832221
-12.268674
-8.306001
-11.651074
-10.224414
-10.372304
-7.322743
-12.207026
-9.538680
-8.948951
-12.811926
-11.518955
-9.300722
-9.612116
-12.511420
-8.976994
-11.728713
-10.206984
-9.267224
-12.532922
-10.402758
-6.435819
-11.414455
-6.773740
-11.511334
-7.069886
-9.056396
-7.220873
-10.702694
-11.026045
-6.772900
-8.714099
-6.065970
-7.138489
-9.236196
-5.142910
-7.443751
-5.755196
-4.726525
-9.081360
-7.604713
-5.668057
-5.955813
-5.560681
-7.039973
-5.596826
-5.697917
-3.961374
-5.876005
-5.530325
-4.939962
-1.091947
-3.818825
-2.583872
0.203579
-1.351983
-1.324582
-3.036061
-1.889361
0.959800
-1.489050
