3.296940
-0.571981
0.286420
-0.225764
2.078317
-0.149403
4.533838
2.594971
2.907089
5.400011
5.447786
6.214682
6.602693
3.076600
6.660631
4.868541
3.737328
6.062701
8.285785
6.947808
8.423402
4.329656
4.502923
5.184986
8.416553
4.332148
9.353645
6.694535
6.104450
10.807693
6.139696
11.155148
8.105963
7.122009
9.586102
10.967245
9.993325
9.385202
7.028629
12.213841
6.693701
8.243525
8.331111
7.111071
10.031009
8.291712
9.368417
9.535012
12.647082
7.664389
10.972824
10.041226
7.742221
9.668999
7.805576
10.458169
8.581749
8.017733
7.703333
11.554768
7.933583
11.078046
10.081994
11.231792
10.957931
10.807207
10.887321
6.055326
6.739582
5.238780
9.932326
7.374483
10.271842
6.394504
8.846607
8.122910
5.972544
7.170215
7.714728
4.177093
3.002098
4.000198
5.654560
3.986743
5.453136
4.322735
1.191731
4.726888
1.327232
6.054041
0.927727
1.382185
-0.024431
2.884466
2.958045
-0.703703
-1.220887
0.214011
2.436801
-0.070884
-0.482351
1.510341
1.729884
1.426262
-0.728408
-0.458185
-3.340224
-4.938954
-2.715316
-1.263713
-1.749077
-1.144852
-5.598356
-6.311591
-3.475476
-3.729513
-3.134045
-5.825246
-4.090919
-5.820181
-3.133182
-7.790473
-4.947862
-7.672342
-8.812857
-7.722244
-8.386645
-9.325716
-5.764434
-8.576994
-8.860265
-8.280660
-11.234349
-6.165947
-6.842027
-8.677151
-9.460988
-9.053181
-7.691480
-8.017528
-11.106925
-7.687692
-10.100844
-9.479175
-11.974378
-12.404459
-9.058088
-8.849240
-10.413986
-9.285523
-7.832986
-10.120544
-11.986891
-9.772762
-9.482498
-9.808593
-6.992956
-10.746746
-7.173615
-10.901656
-12.180316
-8.856976
-11.826384
-6.866088
-11.543051
-6.752139
-8.044897
-7.881164
-7.554617
-5.649354
-6.209688
-7.365228
-7.141528
-5.615525
-7.012237
-6.424745
-8.387142
-6.083065
-5.775730
-4.587558
-6.602031
-5.599865
-4.103897
-2.828919
-3.216395
-5.941619
-1.893535
-4.161580
-0.601664
-1.254089
-1.346046
-1.581458
-0.135370
-1.696901
-3.653421
-0.434656
-3.323077
1.457825
0.695431
0.863221
