-1.173255
-0.607253
1.782399
-0.898827
1.586640
1.347645
-0.233032
0.651546
0.120847
2.217523
5.529040
3.006275
5.149185
1.645598
3.294909
5.249859
4.322118
4.728107
4.849145
8.064603
6.560659
6.240591
5.446929
5.353189
4.277958
4.872728
5.971968
7.093535
9.707207
9.248608
5.663088
10.931502
10.688096
6.761485
9.498762
8.287677
10.677692
11.910025
7.745508
9.685217
9.551663
9.567846
8.158697
10.983903
8.946217
9.991718
12.203780
9.875214
12.865902
11.741500
9.626388
12.854318
9.548667
8.735767
9.852452
10.912167
10.858843
6.780720
8.010485
10.086922
9.816002
6.894100
10.509293
10.585717
6.758723
9.737190
9.952602
9.925494
8.183239
9.285667
8.101959
9.837015
5.220605
8.565957
6.570190
5.363318
5.665481
4.284316
7.791416
8.451789
4.154892
3.095215
4.565161
5.783094
6.998259
1.373480
6.704506
0.826459
2.930404
4.864062
4.752105
3.112121
-0.232495
2.036796
0.014663
2.776566
-0.732261
0.830112
-0.553874
-2.799532
-2.647336
-2.319081
-0.614234
-3.524929
-1.131504
-2.551991
0.262636
-4.206761
0.168946
-2.347862
-0.514087
-1.982326
-5.841852
-4.492377
-5.066448
-2.669412
-3.907003
-6.238815
-4.697816
-6.037229
-5.278449
-5.382938
-6.692270
-5.713434
-5.049869
-8.694024
-8.705265
-7.109309
-7.749776
-7.646316
-6.929187
-7.703513
-6.796181
-7.259982
-5.930242
-11.016839
-7.825717
-10.608719
-6.749349
-9.604412
-11.677561
-8.085927
-7.073927
-8.767077
-7.087379
-11.974609
-8.871822
-7.853939
-8.078856
-9.750209
-12.521251
-9.970327
-8.866127
-11.869342
-10.045937
-9.479581
-11.607005
-6.871926
-10.168073
-11.534504
-10.726495
-11.046410
-6.279733
-10.978055
-5.956369
-10.286076
-11.074385
-9.985478
-9.601313
-7.195269
-10.241096
-9.743149
-9.357206
-6.997087
-9.104481
-4.075557
-5.336393
-5.882163
-8.870524
-5.658016
-5.412594
-4.876716
-7.840937
-3.366772
-5.612962
-2.643443
-1.035288
-0.688790
-3.885081
-3.448498
-0.941740
-4.085385
-3.040146
-2.226106
-2.147739
-3.133778
1.451668
1.826790
1.144278
-1.690170
