-1.301902
0.487585
-0.774109
-1.105002
3.677985
0.066879
3.790000
5.314444
2.363269
2.079892
5.161100
1.077159
6.072071
2.487506
6.073690
5.134268
7.429431
8.231828
6.421908
5.237858
8.150308
3.470957
7.138133
7.059587
7.657094
5.232632
8.046740
5.393754
8.874378
7.069636
8.781306
10.305625
7.302385
11.686297
9.610988
7.884028
11.093174
9.893435
9.421777
7.378932
9.397875
7.245328
7.891001
11.464666
11.173736
9.262042
9.092207
11.481187
10.045774
8.724918
7.087454
9.739817
7.571659
10.620096
10.273241
8.834877
8.092534
8.951523
7.596434
11.753232
10.068636
9.088461
11.325963
8.142863
6.430318
10.715462
7.410334
7.884439
7.683413
7.866939
6.125071
6.798742
5.389232
8.036934
6.364593
4.306808
3.917839
7.818494
6.565882
2.977470
4.901970
2.924221
7.322926
5.352238
4.014253
6.684040
3.457750
3.733706
4.291941
4.370706
2.183077
4.277378
0.561680
0.713936
0.322880
1.595885
2.881796
3.085891
3.127425
1.549784
-2.760283
2.053376
-3.360859
-1.918666
-0.158821
-2.036418
-2.092603
-1.200169
-1.358204
-0.334880
-2.138220
-6.228864
-1.245614
-4.244661
-7.268343
-3.522800
-5.996354
-3.495101
-4.378249
-3.066656
-8.169260
-5.357701
-6.304191
-3.859576
-5.336260
-8.433259
-8.557398
-10.615493
-8.677369
-5.129923
-6.694161
-6.543845
-7.780471
-11.053089
-10.376092
-6.664815
-6.803747
-8.019936
-8.909332
-12.122246
-11.945332
-11.567177
-8.215796
-10.305362
-12.145184
-8.900479
-12.149714
-10.859826
-10.123097
-7.292774
-11.294353
-12.961038
-8.849222
-11.570456
-12.708893
-8.542055
-11.297349
-8.117297
-6.791433
-7.410616
-6.759765
-10.683292
-7.618112
-9.216233
-11.078137
-7.633901
-10.280458
-8.799799
-6.507096
-7.542589
-10.346586
-6.426873
-7.612856
-4.674385
-10.055841
-8.959889
-9.226456
-4.376895
-8.134942
-5.368810
-4.781044
-3.643754
-4.963806
-7.135353
-3.542882
-6.028106
-1.731736
-6.395072
-5.196742
-1.477421
-0.022952
-2.271406
-0.289700
-2.717874
1.064912
-0.468802
-0.506289
-0.889038
-3.202961
-2.010987
