1.592356
0.274271
-1.667858
2.578545
2.058402
0.402813
0.737615
1.809054
3.935840
0.603451
4.880682
1.504662
5.109055
4.785669
5.242601
3.593708
3.471444
5.925629
7.906638
3.353678
8.707591
4.278362
5.851735
9.766497
9.609696
8.904665
5.505614
5.798324
8.503491
9.875237
8.165116
9.119788
11.319035
6.739051
11.470196
8.349825
6.425219
6.927382
12.397663
11.121025
7.457660
8.703060
8.813517
7.921240
9.115092
10.398009
7.001327
9.308367
8.444707
9.365029
10.714256
8.567483
12.807043
8.226180
7.586478
10.295384
10.745057
12.120764
7.328583
11.285547
12.308630
8.985700
10.052376
10.217671
7.480118
9.374826
9.885438
6.563493
7.913333
8.874021
7.596612
10.130367
6.640349
9.043989
7.309332
6.595330
8.977090
8.508565
5.236288
3.228050
4.654161
7.826203
6.465958
7.622497
5.604264
3.468637
1.812107
6.055414
6.010568
4.910521
3.641574
2.186151
4.054935
-0.477694
-0.123920
4.135633
2.214602
0.819440
2.192191
2.898672
1.500438
-2.249144
-1.258073
-2.668593
0.400086
-4.125026
-3.798629
-0.249134
-4.326231
-4.651086
-3.721713
-1.620070
-5.566607
-3.978858
-7.020420
-4.194503
-6.781515
-6.034974
-6.991055
-4.511424
-7.228520
-6.303730
-4.191226
-9.522428
-5.668622
-5.846491
-7.568194
-5.644340
-9.644195
-7.571977
-7.018770
-10.154369
-8.894404
-6.838857
-6.668486
-6.808630
-11.442638
-7.478151
-8.090464
-6.721171
-11.926271
-11.962542
-9.547039
-10.508118
-11.813317
-12.382248
-8.793525
-10.211417
-12.668527
-8.630999
-8.546826
-12.832522
-11.307659
-8.874876
-7.253636
-12.132198
-12.161059
-11.833395
-9.015553
-10.038179
-7.834497
-9.628364
-11.329528
-11.216098
-6.210262
-7.446579
-9.245466
-8.883238
-8.487670
-6.317149
-10.575346
-9.319636
-5.439056
-6.788028
-7.888886
-6.193002
-6.798782
-5.281105
-8.337378
-6.384286
-5.403804
-7.775728
-2.728683
-4.813975
-7.079677
-3.421451
-1.977009
-2.776588
-1.973132
-5.797359
-3.867000
-4.951447
-4.209738
0.540895
-0.535050
-0.088130
1.779993
1.039093
-2.583350
-0.963982
