0.336137
-1.858256
2.773967
-0.527803
2.477371
4.115708
0.371504
3.558446
2.210728
1.763869
1.570081
5.405007
6.406681
4.415315
4.820756
3.328194
6.093240
2.670017
7.085627
3.007289
5.786306
3.899887
5.922894
6.188413
9.064059
9.799771
7.855503
4.979875
6.634548
8.032993
9.765515
9.851576
9.554042
9.865179
7.238754
8.549510
11.167895
9.893413
11.868151
7.484969
12.081264
8.507951
7.187262
10.348533
7.627642
10.309301
8.133678
8.776230
10.558265
11.928638
12.501827
11.254873
11.132615
10.803284
10.608452
7.278399
7.854452
7.913086
7.708350
11.620275
8.525377
8.604674
10.797851
9.785654
8.433854
7.016005
9.425082
9.571020
9.048763
5.216145
6.954028
6.786171
10.498130
5.117434
9.253578
4.640268
5.577577
5.572981
6.804196
7.293893
7.017263
6.670256
6.504969
3.617667
4.519507
3.729785
1.705448
2.328396
1.486133
2.753733
3.665777
4.709087
0.102881
0.447255
2.822558
3.543772
-2.041343
0.112156
0.391974
1.305089
1.059602
1.253814
-0.133244
-3.091449
0.424846
-3.821639
0.337130
-3.263422
-4.040335
-2.194770
-2.103210
-4.885809
-4.055884
-6.942135
-6.690656
-7.122591
-3.545364
-4.049607
-8.428000
-6.230185
-8.484286
-8.909372
-7.039122
-9.367952
-8.954892
-9.406478
-6.418122
-10.583844
-6.442996
-9.866194
-8.646500
-5.642734
-9.580100
-10.028135
-10.319707
-7.935700
-6.589191
-7.282911
-10.209998
-9.067062
-11.289474
-8.612919
-9.545706
-8.301641
-7.301981
-9.328915
-7.330716
-9.132050
-12.388639
-12.008562
-9.900037
-10.966511
-11.668297
-9.552193
-10.925569
-12.335083
-12.539419
-7.936011
-6.784402
-12.412156
-6.729010
-7.005075
-9.232946
-8.966562
-11.836266
-6.715507
-9.818168
-10.298841
-6.341369
-10.506709
-9.296700
-7.142988
-4.705175
-7.291989
-7.849608
-9.710724
-5.553606
-6.769759
-8.175635
-3.766924
-7.105147
-8.169432
-3.731931
-5.143024
-7.378401
-1.356440
-6.547920
-0.806432
-2.879659
-5.732780
-1.984751
-0.570042
-3.959694
1.045294
-3.694511
0.724768
-0.280640
1.211414
2.490721
-1.470815
