-0.872242
-0.671796
-0.923666
-1.692832
0.322059
-1.069968
0.510074
3.588670
1.196085
1.220379
1.706724
6.205965
1.480991
2.602100
2.508701
2.837462
7.086489
7.726047
2.677538
3.979688
7.006854
6.258981
6.700055
4.433277
5.373847
9.481334
4.848577
9.236582
8.972039
6.512664
8.954711
10.376862
10.485801
10.247150
6.708487
10.841109
7.034107
9.114170
6.697505
9.993039
6.637943
7.816006
9.839349
12.608393
9.607348
12.291606
11.595524
10.404585
8.696368
7.766862
9.660164
8.631690
8.265694
10.396243
12.152964
9.323317
11.201220
9.989666
7.759668
8.745006
11.184633
12.155627
11.712023
8.106600
6.805069
5.891539
7.766495
5.627528
6.401473
9.624349
5.137704
8.977916
5.687448
4.650345
4.412910
7.076810
3.882919
5.543953
3.411834
8.782238
5.133091
2.406227
4.734318
3.892546
7.467090
5.624345
3.685908
3.997351
2.139564
3.940015
1.828606
4.640626
1.379073
4.869341
3.022967
4.087147
3.687558
-0.035559
2.257315
-0.729989
1.294005
2.301081
-0.522745
-3.336374
0.527586
0.945303
0.385486
-1.420252
-0.636557
-0.752233
-5.276570
-1.988263
-4.345447
-2.748868
-2.297033
-3.015706
-8.050933
-8.159774
-5.843627
-5.940235
-3.129544
-5.506773
-7.205387
-5.141992
-7.491067
-9.574550
-8.626075
-6.420940
-6.352913
-9.592774
-9.950096
-11.267753
-11.156204
-9.237036
-10.906833
-11.851401
-8.528617
-10.851749
-8.909492
-8.861064
-11.880329
-8.344698
-10.625451
-8.390691
-8.139691
-10.946729
-12.384161
-11.380025
-12.413862
-8.203356
-7.265897
-9.133067
-9.946215
-9.401765
-12.551663
-9.144301
-10.447054
-10.698395
-8.947007
-9.419645
-7.960212
-10.630125
-7.736929
-11.174089
-7.152462
-9.488560
-9.737670
-6.437907
-8.077679
-9.403191
-9.972192
-5.739255
-6.879668
-4.664411
-8.270067
-5.029813
-5.324027
-8.865420
-5.367931
-7.449827
-3.120977
-3.812674
-6.193136
-2.635249
-6.285698
-5.392913
-2.633936
-6.112075
-1.376905
-0.563053
-4.669062
-0.680681
-2.544178
0.774250
-3.062085
-2.071389
-2.658943
-1.507562
2.655108
1.293162
