-1.442572
1.055822
0.661290
0.037169
2.015671
0.627833
1.654785
2.435168
2.786563
1.347352
4.957231
5.373326
3.726895
1.654531
4.448247
3.832956
7.953963
4.908899
5.270150
5.186089
3.151730
8.368248
8.617624
4.555629
4.680131
6.735238
5.242447
4.869041
10.588871
8.692552
6.213861
9.705602
7.896611
10.878017
10.719597
7.598060
8.771757
8.502946
9.276473
8.226738
12.198319
7.334792
9.456422
9.444658
10.692676
7.872996
9.719184
10.303592
11.213808
11.878605
11.910133
10.172738
10.973865
11.214868
7.742460
9.622080
9.193930
12.246445
11.939147
10.353788
7.781578
11.200718
8.305940
6.703577
11.316507
10.985949
6.757665
7.518174
5.297100
9.385494
10.038227
5.344097
4.827152
4.780377
9.714575
5.904653
6.240475
4.260019
3.476363
4.563378
4.814677
3.130624
7.987366
7.255039
2.626371
6.051111
5.343150
0.763166
5.667726
3.985173
0.419381
1.857621
0.252365
-0.018374
3.535379
-0.993079
2.188599
0.245850
-0.308928
-2.099237
-2.415949
0.354599
1.138327
-2.940383
-3.992436
0.604593
-3.586229
0.207494
-5.742096
-5.742506
-1.650047
-3.790050
-5.821086
-6.641796
-7.115885
-5.085264
-3.315176
-7.450461
-3.387923
-4.608156
-7.452109
-5.268003
-8.454496
-4.380282
-7.567593
-6.098050
-7.291022
-8.856562
-10.693836
-7.875741
-9.777422
-10.986942
-8.481882
-10.186716
-11.406305
-8.026971
-9.434210
-6.601312
-6.738964
-7.028340
-11.292955
-8.713071
-11.117454
-10.784017
-7.773319
-12.817749
-10.385405
-7.280421
-12.842460
-9.803569
-11.230369
-8.710048
-9.799395
-9.569874
-12.054973
-9.011967
-8.151469
-9.639816
-8.751844
-7.949705
-12.054554
-11.138799
-6.703362
-11.245346
-11.288667
-7.792132
-7.931803
-5.831108
-6.511606
-10.970010
-7.525089
-8.761399
-4.527339
-10.067448
-7.595341
-9.761621
-5.874125
-4.648009
-5.546290
-8.537502
-2.792274
-8.065096
-3.341342
-2.167419
-4.766465
-3.057406
-1.303706
-0.758426
-2.618649
-4.152680
-5.751674
-4.280711
-4.810403
-2.137512
-3.528984
-0.880303
1.692533
-0.874157
0.052258
-1.428184
