-2.347496
1.140989
-1.752583
-1.682611
3.903261
4.469135
3.574605
4.929323
5.596723
3.876892
4.285801
3.184677
3.171497
6.162573
4.253358
2.625083
5.584187
7.237552
3.915015
7.646925
8.807673
9.291639
7.137141
5.363046
5.805437
9.099491
9.894742
6.504331
9.924753
5.907963
6.536730
10.553907
8.280736
10.588461
11.405341
10.560599
7.517429
10.197384
9.738001
10.132907
7.580553
8.855057
10.713646
7.030888
9.784392
9.903446
12.461873
10.355241
8.862267
7.657268
11.142926
10.401700
12.921132
11.856910
9.289487
8.415862
9.359641
7.946733
11.223134
11.861867
8.525339
9.286939
11.494277
6.678685
10.158770
9.750128
11.579772
10.109867
6.037970
6.550948
5.713334
7.994644
6.597348
8.637156
5.637077
8.861779
5.708522
6.262800
3.793571
5.610011
6.237746
6.248425
6.259504
3.631016
3.779999
5.318951
5.370135
1.198868
0.677900
5.553405
1.313047
1.466679
2.334854
2.281877
2.311200
2.637682
2.845563
0.699743
-1.291012
-1.979771
-2.395528
2.258701
-2.439285
-0.488551
-0.346471
1.097482
-2.089123
-0.652840
-1.699355
-5.838303
-3.825260
-3.231768
-3.095376
-3.441173
-3.269003
-2.712033
-7.479970
-6.727781
-8.335998
-6.926299
-3.606335
-6.824765
-3.848677
-9.553769
-4.110188
-5.479980
-10.491107
-6.654657
-7.726457
-6.583631
-10.961364
-7.523526
-8.897089
-6.710836
-6.145015
-8.270542
-6.670823
-9.410344
-7.510984
-12.229993
-10.085167
-8.650299
-7.960337
-10.480285
-9.919775
-9.482199
-10.835741
-10.291370
-9.560070
-7.475616
-9.413125
-7.563824
-10.548613
-12.586597
-11.002644
-12.244777
-11.642879
-10.500142
-9.585867
-10.675020
-7.801205
-7.456886
-8.460381
-9.900102
-11.372353
-8.632054
-10.246501
-9.122772
-9.743769
-6.741494
-10.879587
-5.724907
-7.179109
-5.213419
-5.446745
-9.339491
-4.667081
-7.780832
-7.355740
-7.289689
-5.121683
-2.675592
-6.900992
-1.944614
-2.883804
-4.941943
-4.466000
-2.357973
-5.952639
-2.924629
-1.021516
-4.191266
-4.130366
-2.240532
-1.355554
1.436563
-0.560384
-1.900156
0.846054
0.457041
