-1.235868
3.334699
3.931109
3.722292
-0.511949
0.533319
1.405817
1.042751
3.715724
2.878654
4.316716
1.977785
2.457947
6.093300
6.558803
5.269048
6.383522
3.577918
5.847697
5.613663
4.398397
8.879099
7.195015
5.275206
8.837668
7.673548
10.126896
7.677277
6.274752
5.497119
7.822013
9.941881
8.157881
8.878232
9.349812
6.784966
11.763455
11.509577
10.525125
11.701081
10.327650
11.200290
10.428600
9.209349
12.776219
11.397245
11.897953
9.423039
8.762210
7.255740
7.626986
11.289380
11.101747
12.893204
11.400835
11.434646
7.714425
10.383458
8.697258
11.747475
7.948945
9.386233
7.223673
6.593406
11.518280
9.328028
6.965587
6.201940
5.270809
9.020627
10.129386
9.473332
5.399136
6.311731
6.105444
9.066283
4.046643
5.334377
7.498254
6.972111
6.641317
5.159737
5.505929
2.476846
3.232794
6.400346
3.730371
0.919848
3.094793
1.240878
4.820069
1.193155
1.582878
0.224404
4.229928
2.629060
2.753287
1.849350
0.730565
-2.996044
-0.429857
1.914761
1.832230
0.795594
-3.263430
-0.076765
0.159731
-0.715008
-2.804762
-4.618145
-5.605566
-3.968707
-4.769642
-2.446110
-4.867274
-5.585004
-5.843396
-5.397712
-7.676638
-5.320554
-3.782247
-3.520021
-8.285215
-9.765051
-4.682231
-7.745235
-7.629419
-5.160721
-10.766847
-7.137996
-8.726352
-9.520162
-7.972811
-7.576180
-11.025481
-9.824877
-9.189213
-9.293760
-9.462845
-11.730521
-12.483712
-7.607058
-12.072828
-12.117723
-8.361496
-12.808863
-9.835779
-11.903691
-7.370139
-11.600892
-9.827109
-12.225308
-7.451920
-9.919462
-7.196335
-8.100461
-12.009173
-7.444118
-9.498701
-7.954106
-11.161690
-8.826630
-8.532595
-11.093396
-7.460496
-10.843206
-9.276575
-11.082836
-7.420463
-8.271214
-9.085270
-9.914312
-6.485414
-6.948837
-5.578441
-4.842082
-9.341210
-6.566901
-7.809684
-7.073280
-6.917665
-6.630659
-4.525705
-5.738945
-5.172430
-4.585069
-5.613379
-2.873245
-4.925320
-5.178946
-3.739813
-5.144693
-2.043017
0.770792
-4.220574
0.524047
-0.549249
2.120440
0.254949
-0.912186
