-0.920711
-2.081050
-1.515909
1.418116
4.262501
3.367158
1.353096
0.072935
-0.189991
0.785901
5.241965
4.518416
3.290662
5.532099
6.482474
3.397007
2.830230
6.282190
5.484154
8.181479
8.682072
3.426685
5.484307
8.675958
5.102870
9.634088
6.928152
9.131468
5.006677
7.958503
10.454389
10.110402
11.539824
11.682799
6.505536
11.733846
11.111080
11.230480
6.662969
10.642935
8.842072
8.533635
10.582093
10.598744
8.275630
10.865089
8.005083
7.700482
8.937344
12.894983
10.279858
12.156973
7.326073
8.428920
11.500690
9.023454
9.024559
6.963300
10.184611
12.033347
11.350341
7.235271
11.099795
10.950654
8.843158
10.706436
5.755337
10.247246
7.359777
7.501773
8.837041
6.942286
5.023271
6.490555
4.610682
7.321748
8.221117
7.852443
5.414832
6.499930
3.506887
2.586678
5.465822
3.509010
1.644884
1.606790
6.760620
2.702172
4.676968
5.667711
2.253648
2.707725
4.486647
1.300445
1.813993
-0.398969
3.921733
1.058956
2.162445
0.113294
1.707823
-3.073343
-1.073896
-0.759680
-2.213400
-1.961245
0.113319
-0.071408
-0.250271
-5.714297
-4.198422
-4.415157
-3.980194
-3.066065
-5.378132
-3.000657
-2.233124
-4.257623
-4.897751
-4.507160
-5.870786
-7.254271
-7.828951
-9.651177
-9.564021
-9.257565
-8.480501
-4.821960
-5.934263
-6.332603
-7.665121
-6.573294
-11.432990
-10.506599
-6.467180
-7.105592
-9.162619
-9.900832
-11.243185
-7.496479
-12.076742
-11.239069
-12.133430
-11.402867
-9.675287
-12.084975
-11.003209
-7.948626
-10.635694
-11.712448
-11.382673
-11.865410
-10.262956
-11.248432
-7.138991
-10.000562
-9.952718
-10.771800
-7.085559
-9.566986
-7.955171
-7.506294
-11.751659
-10.625445
-11.520943
-8.741285
-10.078816
-8.455035
-10.462252
-10.123820
-5.554910
-6.117532
-7.681884
-10.281046
-9.189328
-6.665665
-8.742330
-3.579334
-8.709428
-5.188096
-4.361468
-6.491361
-5.836767
-6.692869
-1.996642
-1.433944
-3.326322
-6.381880
-5.827850
-1.338413
-4.856968
-3.173373
-0.109244
-1.876174
-2.890709
-1.560327
-0.752623
2.005558
0.527688
-2.027560
