-0.244405
1.284279
-0.090845
-0.144798
-1.185513
-0.284268
4.035060
4.593659
1.569686
3.250767
3.193571
3.760906
3.343307
6.177848
1.858030
4.478774
3.850706
4.076817
7.590772
8.554807
9.074680
6.463040
5.802609
8.666216
9.643209
9.041570
9.168232
9.495583
9.731229
6.360759
6.538534
10.942405
8.781363
6.998135
10.380736
10.148272
7.867533
8.348537
7.801460
7.352926
7.270008
9.123839
6.986971
6.858628
7.025659
11.991601
11.402755
8.103901
7.022979
10.417071
8.229329
12.088582
10.575087
12.235028
8.718840
8.244261
10.655247
9.166120
6.891746
7.953277
7.253022
8.385984
7.525760
11.348572
7.022481
5.919682
11.354937
7.254855
9.634825
8.824446
8.129424
4.796304
6.489673
5.810535
4.081385
5.154923
5.130374
4.392854
6.911543
8.854293
3.212516
3.797579
5.383155
2.498643
6.921165
3.148831
1.363660
2.730070
2.926290
1.346513
2.020249
0.647135
3.982221
-1.115200
-0.094449
0.625636
0.966131
-0.718263
2.841525
2.576230
-2.980294
-2.610354
-1.699307
-2.979352
-0.677035
-2.882751
-1.033374
0.159500
-1.386773
-1.719286
-6.094744
-4.982791
-1.909955
-5.028700
-4.230240
-6.756537
-3.359762
-4.442384
-5.415545
-6.387014
-6.918907
-9.115365
-3.796273
-7.974606
-8.244477
-9.466189
-6.382287
-5.460835
-6.707455
-9.967323
-5.661618
-6.676804
-9.573708
-11.721632
-6.480623
-11.591930
-6.533163
-11.788391
-12.329735
-7.171642
-9.752290
-9.186146
-8.170516
-9.856890
-10.281660
-6.927435
-12.059931
-12.019003
-11.196953
-12.774471
-7.969300
-8.991471
-7.501863
-10.060257
-7.038499
-10.720232
-7.563862
-11.236305
-6.820077
-11.644780
-7.237398
-6.804893
-8.766864
-6.477609
-10.905439
-11.157957
-5.862452
-9.292475
-7.157269
-5.141477
-5.129061
-7.693028
-4.548890
-5.884192
-7.161001
-5.832494
-6.232108
-7.894987
-6.564043
-5.200857
-3.665209
-4.702778
-7.987145
-4.037874
-2.138889
-2.562302
-6.318720
-5.286928
-4.375842
-2.143749
-0.494773
-1.831010
-1.072037
-1.779481
0.112090
-2.119715
0.287108
-1.872209
0.969769
2.961946
