-2.389439
-0.610539
3.604112
0.205733
2.808293
4.071024
-0.281863
2.073179
0.740812
1.242000
1.498053
5.835718
2.824302
4.845968
2.188492
2.177274
7.501143
6.487696
7.410869
6.286026
6.391829
5.336467
9.040013
9.607137
9.231452
9.693100
7.548220
7.408229
9.819378
9.084759
7.119586
7.747269
9.400096
7.770701
11.475374
9.725493
10.449147
11.668344
10.639785
9.538569
9.320118
10.258990
8.732695
10.844023
9.063694
11.617866
7.858438
7.709615
7.878629
10.039815
7.671750
7.028911
8.444446
9.405957
6.967297
7.884324
8.010061
9.598584
11.164224
7.006886
8.649582
6.352108
7.815206
7.291505
11.674699
6.099094
9.031130
9.255683
10.103660
9.970883
8.795288
8.365803
9.354567
9.242088
7.439583
8.644940
6.781239
8.718950
8.058956
4.012986
8.224062
6.786009
6.310544
5.821859
5.040392
5.308371
4.958343
4.921137
1.696452
0.778539
1.087931
2.280926
1.841616
3.264077
1.399926
2.742634
0.261414
1.433150
-0.020794
2.674783
1.829878
-1.333665
0.834893
-3.496476
-3.229046
-4.649292
-0.892114
-4.474307
-5.518190
-0.455661
-5.479880
-6.305947
-2.622405
-6.280160
-2.142137
-6.181650
-2.168761
-5.162475
-7.703015
-7.817380
-5.547722
-5.726188
-4.293758
-6.376548
-6.220116
-4.337566
-6.799952
-7.043539
-5.764254
-6.436499
-11.078084
-11.364979
-8.141667
-9.570352
-7.165069
-7.817803
-12.028702
-8.410710
-10.535394
-10.801253
-8.335403
-10.316021
-8.749075
-11.683463
-12.083264
-11.993376
-8.348018
-7.570309
-10.710846
-12.139965
-7.541809
-10.220002
-12.055036
-11.858422
-9.006428
-7.760514
-10.956049
-10.214631
-9.359100
-11.318428
-7.399649
-10.625833
-9.072239
-7.585190
-11.353647
-11.686472
-11.175733
-11.078806
-9.142679
-7.516273
-9.992453
-8.969976
-5.742526
-10.037055
-9.477163
-7.516848
-8.527231
-4.171072
-4.215791
-6.705555
-8.273510
-5.268127
-4.104626
-6.123205
-5.329070
-2.041148
-2.662259
-2.901180
-6.296612
-1.887309
-5.097337
-0.013563
-1.187004
-0.326636
-1.942764
-3.290154
-0.696778
-3.214384
-1.532582
-2.551757
