-0.414119
-2.236428
3.255718
-1.429176
-0.138606
2.013740
4.581979
-0.180776
0.270895
4.097707
1.055796
5.668362
4.636400
6.234959
5.255157
5.218312
7.631308
4.908097
3.438895
4.571383
6.975399
4.219921
7.009213
6.852492
6.935056
4.466151
6.475076
7.763599
8.808027
8.152335
7.596832
6.285274
6.148016
9.165662
8.070538
8.504208
9.370097
12.010303
6.409289
9.687266
9.652318
7.943494
10.048411
9.701858
8.788154
10.286112
9.647528
12.523498
7.788612
8.430559
10.784909
7.989845
10.746463
7.527648
12.442664
11.083238
10.598472
11.238995
11.480754
11.997969
7.894930
9.225225
8.664112
6.217469
10.260352
11.096842
6.215657
8.248178
5.597683
7.655167
10.450536
5.792141
9.350239
6.786158
8.013988
4.970464
8.388996
8.358660
4.445894
7.720043
5.745483
7.803458
7.293140
2.452992
2.398294
4.655084
1.815680
3.354576
6.028275
4.561870
3.603696
4.605312
0.390854
-0.113230
0.998380
0.373442
2.007975
-1.724926
0.961059
-0.149411
-2.677441
-1.683820
1.380402
1.300887
-4.434095
-2.218250
-4.368750
-2.992354
-3.633510
-1.704456
-6.135035
-1.476873
-4.327457
-5.870426
-6.367820
-4.783391
-2.570958
-8.312162
-5.256118
-8.287221
-5.041304
-4.063132
-4.838791
-7.145519
-9.980743
-9.371968
-7.958383
-4.967533
-7.843040
-10.781200
-11.112239
-9.790636
-7.232913
-10.630127
-8.401704
-11.695417
-8.518522
-8.578678
-8.923217
-10.996189
-10.717008
-8.123173
-8.409647
-9.386366
-11.130151
-11.245340
-12.063964
-8.695870
-11.529612
-12.687214
-9.311184
-12.254644
-10.075762
-12.290516
-9.080030
-12.474123
-10.282724
-11.183283
-10.623905
-9.891075
-11.863933
-10.007133
-9.925136
-10.634480
-9.602281
-9.324826
-8.671233
-6.365320
-6.928896
-7.059977
-5.548159
-5.547954
-4.697716
-4.333786
-9.901338
-5.520720
-4.487109
-6.369634
-4.563693
-6.092434
-3.437494
-5.088216
-2.359590
-4.911665
-4.999964
-6.274537
-1.087703
-3.289446
-2.261427
-5.143303
0.197736
-3.172939
-4.740243
0.713536
-0.084989
-2.570495
-1.614772
-3.081772
1.651638
-1.802447
