2.135143
-1.815184
-0.504525
4.237912
3.907000
-0.487831
1.355951
5.118865
0.721645
3.451805
6.295394
3.743425
2.564924
6.756555
5.464616
5.862122
4.423064
6.668609
6.957475
3.148757
8.733270
8.926444
3.788681
5.607689
4.964268
8.613008
6.611674
6.228382
9.577909
9.920166
10.106449
9.220903
6.710133
6.150872
11.083806
9.025348
10.668340
8.105948
8.430180
10.327954
10.432209
10.533166
12.668556
7.683665
11.168823
8.770939
8.237947
11.254853
8.290301
11.293671
12.630988
12.793296
9.047725
8.103682
11.314161
11.294124
9.740892
10.559698
8.174328
7.216031
6.432761
6.458228
10.450333
7.278545
11.215659
6.965550
11.186663
6.363633
9.404489
5.838206
9.867526
9.779800
6.508133
8.898956
9.425876
7.080644
8.287891
8.180622
8.488664
4.155784
7.412811
5.919490
6.341456
2.908783
1.711797
4.587471
5.704230
5.535497
3.206947
4.508161
4.853830
2.729914
4.639430
0.304409
2.283991
-1.187670
-1.383173
-0.524112
1.034390
-2.435691
2.420498
-3.433089
1.524909
-2.448476
-0.480538
-3.624324
0.354325
0.018461
-1.920155
-5.104029
-4.063364
-1.004256
-1.421570
-7.019585
-6.193068
-6.564690
-5.535717
-3.715938
-8.238233
-7.730535
-8.779092
-6.384188
-9.360809
-6.009117
-7.528631
-8.681891
-6.603690
-4.938734
-9.936383
-8.755121
-10.914382
-9.710321
-7.437663
-9.147562
-6.905162
-11.323560
-11.685665
-9.767940
-7.208917
-9.222964
-8.891596
-10.278370
-11.835077
-8.234737
-11.941638
-8.963805
-10.652119
-12.945422
-9.520815
-11.840408
-8.618258
-8.598930
-11.781616
-7.552704
-7.706581
-8.300182
-7.070031
-11.890893
-7.589678
-11.576843
-10.198610
-8.436103
-8.343215
-7.108412
-8.971996
-7.790060
-6.542119
-9.272387
-5.670026
-10.648203
-10.286079
-7.070703
-7.278142
-6.187166
-8.139294
-6.286170
-8.074929
-7.916901
-4.666558
-3.416459
-2.841695
-3.942369
-2.302497
-7.547514
-2.234936
-1.515997
-2.559119
-2.590017
-4.057325
-3.574446
-2.037070
-2.343195
-0.278228
0.305797
0.382660
1.560221
-1.757897
-2.012068
-0.780236
0.733757
