1.692676
-0.820189
0.545771
-0.120277
2.563785
-0.940704
5.128392
3.806983
1.644995
3.156486
6.156946
6.269023
5.087823
4.261747
3.628786
5.254877
4.175743
6.170529
7.583738
3.700286
8.741498
8.729509
6.979108
6.704588
8.041409
8.019536
5.982788
9.161944
7.727309
11.086952
5.577264
7.195889
5.828897
7.369698
8.390352
10.051713
6.999171
10.839805
10.681702
7.762026
7.896736
7.054849
10.039632
10.561657
7.432952
7.103693
8.037402
8.349787
12.965521
9.673335
12.057821
12.408650
12.813180
10.609647
12.180242
11.196930
10.241743
12.034461
7.497108
10.435249
10.605924
8.060810
8.515209
10.430698
10.957975
9.591577
11.068932
11.080223
5.540448
6.158437
9.431823
5.011168
9.627329
9.740217
5.488625
5.517999
9.523975
3.817666
5.920783
4.014129
7.898888
5.630865
4.162655
4.976170
2.020450
6.819268
4.944685
6.583251
5.859102
5.442294
5.640249
0.725591
-0.424160
3.661901
-0.201312
0.059889
-0.960720
-0.104444
1.221674
1.255721
-1.703953
-1.392370
-3.563450
1.612355
-1.788282
-1.962915
-0.019176
-2.871586
-1.245605
-2.414281
-5.481289
-6.533307
-3.540822
-1.696525
-2.728201
-6.584256
-2.393143
-3.620520
-3.098106
-3.424076
-4.500443
-6.758810
-3.829036
-5.984414
-9.022138
-5.404331
-6.799065
-7.637247
-10.068810
-9.391408
-6.415966
-7.412868
-8.476543
-7.325189
-10.317373
-12.047502
-11.890616
-7.879564
-11.323677
-9.734031
-10.039490
-9.732202
-11.725859
-8.616725
-9.471745
-11.316908
-9.158749
-12.618205
-12.708660
-9.368372
-12.888913
-11.496361
-10.127327
-11.284271
-9.968599
-8.775999
-10.514636
-11.236399
-9.998410
-8.166647
-6.762238
-9.748148
-11.912004
-12.046895
-6.220544
-7.463119
-9.703983
-8.909781
-6.721087
-10.158344
-5.144736
-6.364697
-8.324175
-9.508407
-9.237369
-6.629786
-6.994463
-8.746859
-3.313833
-8.678823
-5.605190
-3.317661
-2.622810
-5.813951
-4.993706
-1.320837
-4.419704
-3.320998
-0.928817
-4.740244
-1.183324
-0.272813
-3.380753
-0.681939
-2.832112
-2.649535
-1.947825
-2.826158
0.054196
-2.076013
