2.110885
0.709398
3.267993
-0.263902
-0.785388
0.741913
0.661863
5.380355
0.469107
1.627424
5.268127
6.389403
4.453169
3.976925
7.494852
5.411638
5.776791
3.539340
3.976529
6.945559
3.870575
9.307941
5.198310
5.781043
5.628589
9.659395
7.799229
10.343501
9.861281
8.020174
10.016234
10.067142
7.594923
7.123425
11.900473
11.685637
9.965019
9.571406
12.252234
11.717262
8.130275
11.337822
7.264026
6.933993
7.625298
11.089897
12.024492
8.327928
8.916529
10.653878
10.369731
11.330284
9.864401
8.807702
7.214376
9.952907
10.786319
9.822520
12.115252
7.005945
10.516252
8.285806
6.839597
8.447069
10.031931
6.499887
8.887174
9.928321
6.796667
6.025757
5.030502
9.355667
5.882020
9.946622
9.529144
8.146154
5.232202
9.349535
7.652197
8.845690
3.692689
3.252772
6.667405
4.594977
4.495397
3.109666
2.080547
2.019413
2.790038
2.820795
3.768156
0.758809
-0.144360
0.665603
1.222985
-0.489317
0.043994
0.851638
-2.067977
2.437775
-2.296150
1.371698
-0.547342
-2.008162
-0.796356
-0.917491
-4.671706
-2.401643
-5.557385
-3.392429
-4.194604
-5.758446
-5.241551
-5.882326
-4.801050
-2.035430
-2.110854
-5.041769
-5.701484
-7.573190
-7.077252
-7.716831
-4.013644
-7.779650
-8.045249
-9.602547
-8.512274
-10.106547
-8.797601
-7.378771
-10.656831
-10.086652
-10.659175
-8.862060
-6.331747
-9.046730
-7.628515
-7.039843
-7.033853
-6.691257
-8.647297
-10.251102
-10.003314
-8.244842
-8.272285
-9.298394
-7.291084
-11.709957
-12.574398
-8.751375
-11.263230
-8.374658
-9.095704
-9.294092
-12.026159
-9.519144
-9.365641
-8.185771
-9.331568
-12.456729
-10.257948
-10.631008
-11.845027
-6.738108
-8.792344
-9.846663
-8.708675
-7.608144
-8.207972
-10.772642
-9.401762
-10.035010
-5.860564
-5.817064
-6.876709
-9.009065
-6.641078
-8.895860
-9.030432
-4.326642
-7.845067
-2.716750
-3.205160
-4.496825
-5.373681
-1.770442
-2.628760
-1.873387
-2.109723
-3.145383
-5.287242
-3.204423
0.144653
-1.592527
-2.640017
0.222504
0.925522
-1.159736
-2.129958
2.193746
