2.806050
2.101433
0.533756
-0.012297
1.243198
2.504045
1.289279
3.538125
1.001537
0.712539
1.430600
4.544768
6.307747
3.919949
7.291348
4.535666
5.823528
4.655828
6.089093
5.281869
3.971914
7.661160
8.581876
8.625479
5.488509
8.183678
4.670074
7.655724
5.859223
7.867101
8.964312
6.885428
6.455385
6.003125
10.898858
7.717504
7.083605
9.295174
9.916176
7.022100
12.460020
10.359986
12.408287
8.336914
10.842849
9.382860
8.787208
9.442872
9.720359
10.046163
9.927136
7.546179
10.747170
8.899916
7.799334
7.978708
11.412731
9.890604
10.525029
9.964171
9.224091
10.220559
9.936064
6.838565
8.545790
11.622311
7.396494
9.633493
10.035056
6.661889
7.320434
7.552535
4.712818
7.079847
6.510684
8.377229
7.908702
6.783267
3.901059
7.199504
5.365878
4.498868
4.941083
4.568216
4.032125
5.934971
6.786201
0.950447
3.302993
0.557218
4.729602
5.015378
1.572676
2.352416
4.018021
-1.410123
-1.441661
0.429687
3.265257
2.351086
-1.958398
-2.095154
-0.137780
-3.240017
-1.153535
-0.927766
0.777353
-2.377453
-2.368961
-6.026213
-1.283946
-4.497836
-3.110199
-2.603449
-6.610936
-2.014875
-5.252275
-7.737907
-6.078202
-5.946703
-6.171326
-5.005405
-4.826389
-7.353801
-5.318040
-8.938225
-10.140096
-8.798722
-8.803399
-6.643621
-8.118744
-11.220030
-9.981455
-11.075915
-8.272970
-9.489549
-11.637965
-7.377124
-7.757923
-11.528488
-7.233747
-8.928454
-6.765219
-11.590100
-8.368348
-11.882694
-10.912905
-12.020448
-9.531251
-10.996976
-9.920155
-11.257787
-7.001794
-11.981022
-11.419064
-10.853271
-10.637251
-10.392377
-9.006734
-8.579443
-6.840360
-6.628646
-6.828700
-10.478236
-6.518883
-9.914636
-6.704286
-7.578600
-6.221210
-9.453933
-5.630195
-9.213214
-7.942998
-9.205097
-8.170617
-8.897637
-8.249925
-4.814183
-8.012058
-5.937009
-4.647606
-3.919264
-3.449917
-4.431995
-1.621500
-1.716621
-4.962935
-2.320244
-4.107394
-1.357608
-4.710983
-2.662148
-0.917302
-1.942894
-0.230642
-0.512633
0.069202
-3.622333
0.631718
2.486461
