1.628994
0.998454
2.613911
2.712448
0.680045
2.147853
0.819965
5.197322
3.062552
2.312217
1.343481
2.375572
4.747784
5.442100
1.563701
3.475363
6.179590
4.563268
8.461565
7.108884
4.778561
5.634725
6.806103
7.708927
8.197272
4.706483
9.563508
10.414083
5.922623
6.756408
11.198964
10.954306
9.778432
6.474734
11.365533
6.201264
11.240843
12.256615
7.505086
7.565964
10.875097
10.591627
8.489418
7.602962
7.974101
9.102439
11.591178
8.504211
9.457969
8.286512
10.063868
7.160086
10.431643
12.357353
11.620970
12.561235
9.802146
11.307207
11.142868
11.535586
11.063882
8.793710
7.000904
8.936841
7.954125
7.757968
6.207829
5.618970
10.100317
7.417652
7.825582
9.249128
7.118757
5.247731
8.453846
6.196204
7.772954
4.465951
3.400312
5.244844
4.077867
6.954205
6.923189
3.181504
5.616640
1.726353
3.248418
2.570628
5.455825
3.983698
1.415296
3.067193
2.909101
1.564407
3.110328
2.840423
0.619514
-0.244049
1.290086
-1.746908
1.893122
-3.342415
-2.371210
-1.406137
-3.146049
0.119952
-0.313250
-3.894393
-2.794342
-3.301652
-3.210374
-4.002654
-1.456682
-2.606076
-4.989632
-5.884337
-7.869527
-3.463652
-4.264624
-5.794284
-5.670194
-7.779590
-8.757420
-5.253953
-5.627086
-8.855814
-9.765876
-6.017590
-8.494623
-6.334798
-9.484819
-5.580446
-9.018261
-11.652750
-11.718307
-6.367331
-6.555197
-8.103534
-8.058420
-6.652773
-11.311368
-8.526785
-12.431801
-10.750732
-7.757650
-12.250045
-11.307867
-7.800424
-12.956998
-10.040829
-11.359077
-7.208708
-12.596920
-9.942281
-11.864113
-8.830272
-9.518683
-11.283463
-7.403866
-8.388830
-9.720157
-12.296324
-10.530226
-7.535161
-6.542341
-8.485010
-10.034641
-11.226658
-5.397429
-8.589654
-10.012208
-9.129174
-8.221784
-10.052395
-5.859459
-5.666070
-9.084957
-9.282098
-5.251774
-7.601037
-6.939491
-5.109139
-3.817333
-6.657722
-6.652008
-2.701937
-1.113011
-6.601733
-2.764987
-5.644030
-2.307963
-4.294041
-3.578797
-1.361476
-4.196579
-2.614683
-2.449487
2.059458
-2.440280
2.676701
