1.619689
3.470149
-0.410452
2.987288
3.320693
2.716503
3.300342
5.334432
3.472519
1.387180
3.002239
5.733797
4.010754
7.162589
7.088612
5.005447
6.341014
4.415215
2.646523
5.297897
3.902842
7.592424
9.105937
5.590502
6.050948
5.999696
9.864344
7.636931
9.698842
6.071258
5.433625
6.804026
9.740701
7.562256
11.124552
11.487746
12.044979
9.335542
10.792747
11.668712
7.895002
8.797298
7.540486
9.141296
11.075278
7.435943
12.000514
7.086427
8.252934
12.958044
11.256591
7.729595
9.520897
10.503126
9.086275
7.867938
12.094627
8.591534
12.233924
8.430297
10.358833
11.632127
11.425470
6.869688
8.898529
5.799307
8.691401
10.024040
10.167383
6.313856
9.782225
9.241177
5.922881
6.039253
9.869162
7.181245
6.655969
4.383855
3.446705
3.260260
5.001996
5.315366
3.222525
4.135793
1.841896
3.958071
3.844751
4.259062
4.155829
3.726968
3.587605
5.150544
-0.035364
2.029065
0.373144
1.214920
-2.007969
-2.135022
0.530253
-0.151748
1.426332
2.234720
1.355194
-1.501558
-3.928348
-2.268539
-3.158116
-5.026053
-3.710439
-3.456019
-5.393138
-1.572118
-4.680908
-6.916906
-7.134761
-5.008294
-3.535632
-7.717389
-4.227673
-5.612884
-6.184725
-8.629856
-5.888474
-4.817379
-7.577132
-6.500694
-7.181953
-7.451582
-7.321682
-9.965709
-10.255598
-10.584838
-10.184640
-8.857746
-8.738966
-8.293124
-11.760169
-9.797325
-6.641720
-8.589103
-6.794965
-10.515662
-12.255368
-9.098604
-10.493188
-10.529260
-8.097794
-10.336342
-12.666391
-7.134949
-9.738421
-12.559817
-9.548683
-10.368832
-8.210173
-8.707593
-12.150991
-12.034930
-7.297649
-12.225307
-11.453442
-10.972715
-9.023511
-10.917205
-6.123662
-9.218699
-7.721666
-9.929156
-7.861960
-7.381925
-6.068924
-5.698806
-8.596917
-4.420477
-6.508832
-7.691171
-4.092889
-5.203867
-4.711408
-7.243033
-4.672349
-6.848093
-5.934251
-2.298452
-7.016114
-6.941089
-1.334894
-2.833343
-1.043612
-4.809812
-4.925135
-4.088079
0.102644
-0.959092
1.273907
0.260311
0.635012
-1.590842
-1.611051
0.420987
