-1.387899
-1.096292
2.879422
0.575763
1.364683
0.369605
0.956354
4.038950
5.318807
0.094756
3.811978
1.119482
1.238165
2.223023
4.801055
6.386930
5.611152
6.925117
5.026558
3.795056
7.471684
3.697594
9.536603
9.169189
6.124747
4.930383
9.526522
9.794953
7.237064
5.686557
6.269970
10.039512
9.338206
8.098308
6.137659
7.443349
6.796534
10.252063
11.697554
10.904233
12.059533
11.157873
11.126154
10.072636
10.591173
10.854928
9.528415
12.207151
9.683660
10.430355
8.047646
7.266721
11.028338
8.486222
11.980704
7.058879
8.075035
12.572023
11.052890
10.909333
10.999506
7.901959
11.143061
8.583542
6.066090
6.841231
11.383775
6.376690
9.701671
7.266295
10.781048
5.809276
8.903413
5.089387
4.611727
7.273964
8.272610
7.211680
5.631609
5.655692
3.215091
7.428482
3.823951
3.691039
2.976938
4.993185
3.243208
5.051148
3.590185
5.603603
3.662158
1.066166
0.210245
-0.113498
0.822476
-1.230088
-1.993783
3.146748
-1.385400
2.240030
-2.876473
1.126361
-2.520725
-3.600287
-2.981062
-4.760359
-4.612640
-3.173166
-3.099124
-5.908357
-3.826162
-6.043726
-1.780086
-5.845120
-2.910404
-2.131981
-5.098603
-6.899673
-7.601116
-7.515300
-4.495910
-6.326624
-9.397933
-6.282399
-7.788172
-7.976141
-8.747717
-7.196546
-7.295570
-9.987384
-7.293535
-9.018406
-7.971095
-8.910986
-8.686293
-6.899101
-10.003322
-11.746811
-11.570050
-7.705239
-8.903666
-9.046788
-8.847436
-6.833725
-10.817020
-8.549941
-11.993323
-8.382981
-12.835079
-10.707265
-7.390300
-8.168999
-11.351646
-11.206199
-11.832747
-11.201984
-9.049245
-10.440170
-10.636192
-12.430060
-6.808751
-11.814469
-8.633036
-11.783918
-8.488330
-10.885077
-11.271179
-7.737073
-10.997639
-9.908114
-5.290965
-8.233305
-5.509151
-8.379949
-6.101253
-5.096326
-8.771977
-9.216197
-7.588209
-7.737637
-8.620187
-6.381854
-6.864126
-2.474521
-2.516206
-5.748267
-5.531776
-1.621520
-3.746088
-4.998589
-5.251875
0.146431
-1.672538
0.330666
-1.265494
-2.198998
-2.453036
-1.338617
-2.817329
-1.629722
