0.592999
1.524205
2.716645
1.158523
-0.430543
-0.797183
4.222606
4.414054
3.479157
2.997931
5.491239
3.085655
6.695124
2.186409
2.048116
4.533325
3.322586
6.915414
3.121363
8.734009
8.596371
9.202137
3.992957
9.208232
4.578606
6.693162
7.309142
8.055786
8.402529
6.573905
10.907133
10.817542
5.727129
7.862798
11.410673
10.255042
11.228313
6.450060
11.789900
10.709366
10.653402
8.193239
7.922989
11.555153
10.608359
10.604511
7.672070
12.668443
10.430443
9.399594
8.098412
7.547285
7.684883
9.616185
8.758170
9.911141
9.388073
8.885111
11.620833
6.569273
9.393310
9.618210
10.063802
7.140898
7.802192
8.315528
11.319160
7.213178
10.022866
8.954301
8.613903
6.930885
5.991915
6.723088
9.808741
5.712705
6.924097
5.815799
3.472040
8.637201
6.553235
2.918293
6.645201
2.752933
6.473499
3.741899
4.909316
2.311745
1.435079
5.936878
4.096916
3.505963
2.850733
2.114695
2.852945
1.158373
0.681264
1.573005
-2.495563
-0.197474
1.640736
-3.417860
-3.688340
-3.975106
-0.203452
-0.363479
-4.701319
-4.544356
-4.087122
-5.992054
-4.736423
-3.531542
-1.779197
-2.106063
-5.894209
-7.238748
-5.544407
-7.435738
-7.588400
-7.890139
-4.615549
-8.445840
-6.349926
-3.919715
-9.765372
-5.127950
-9.511520
-10.093900
-6.902157
-7.590796
-6.515600
-7.230912
-6.653125
-11.120659
-11.160107
-9.124732
-8.931474
-10.187351
-8.877378
-8.761132
-11.871766
-10.868755
-10.106200
-8.542040
-11.333048
-7.761304
-7.864338
-10.628163
-10.223960
-7.439243
-10.167125
-11.355136
-10.179398
-12.184861
-12.606432
-8.411965
-11.518940
-7.952467
-12.458708
-7.304503
-7.893239
-6.941269
-11.540011
-9.151536
-9.055870
-11.281807
-7.617242
-6.649793
-8.522033
-7.096203
-7.727320
-7.422015
-7.943753
-6.529333
-9.339192
-7.166359
-7.481645
-7.146915
-6.116262
-7.727187
-3.138249
-4.045784
-7.176429
-5.189900
-5.853919
-4.629243
-2.227308
-4.779490
-1.467163
-2.552264
-3.835331
-5.140503
-3.880577
-4.340586
-4.546228
-3.541459
-2.035264
-0.883856
2.404760
-1.589500
