0.609231
-1.082868
1.575645
-1.022989
2.247417
-0.891127
3.529712
1.489235
4.418950
5.751708
4.936310
3.531029
4.978037
5.717691
3.625883
7.190149
2.260033
6.416156
3.463229
6.070894
6.900241
3.644874
4.533573
7.019597
8.225309
10.190389
4.836030
10.512889
9.499867
8.681482
8.942500
6.612239
8.003264
6.524312
7.442584
7.374282
8.596982
9.406676
11.821807
8.461357
9.100536
10.933199
11.854752
8.025528
11.963762
9.686595
7.473688
12.764364
8.194872
8.915109
11.426518
7.158749
11.031292
12.031614
8.030922
7.056038
7.896936
9.745749
10.889594
9.982984
8.482718
7.269385
10.249967
11.315268
7.429820
9.586089
8.944480
5.914461
8.766259
8.479679
10.400216
5.476685
7.103039
7.455221
8.195867
7.528580
7.703173
8.328496
6.176898
3.773790
8.044136
8.108695
5.167491
5.913362
6.757418
2.793495
5.476018
6.487374
4.541779
4.817077
4.006867
4.960586
0.662055
1.344344
1.096013
-0.690157
-1.364719
2.675240
1.571863
-2.405844
-0.386340
2.356152
-2.751639
-0.754913
-2.127267
-3.461235
-2.728708
0.339947
-0.940033
-2.176423
-5.071599
-4.346483
-3.677162
-3.651731
-4.927242
-2.828680
-4.872513
-6.606665
-7.267514
-5.853646
-3.299524
-6.608650
-8.519071
-8.033550
-4.202529
-5.715978
-7.905325
-9.782611
-8.861246
-8.888416
-10.492313
-10.211970
-8.468713
-7.438082
-9.090713
-6.359063
-11.587728
-7.040882
-11.251215
-10.739833
-7.963214
-12.331982
-12.312480
-10.918597
-11.355434
-12.686614
-8.136274
-12.260991
-8.052488
-8.869666
-10.620031
-9.282933
-8.552376
-8.646461
-11.774642
-12.227418
-7.921204
-9.474950
-11.765909
-10.959982
-7.387920
-11.405086
-10.998868
-8.598107
-7.205252
-8.144291
-10.684342
-9.765166
-9.718138
-5.732338
-10.892457
-8.465126
-9.802153
-10.048467
-8.593608
-8.534348
-8.030619
-3.511663
-6.704456
-5.224167
-6.324122
-7.904868
-4.609552
-3.987993
-1.801535
-2.610955
-2.675922
-1.259415
-2.933317
-3.600871
-2.464146
-4.259296
-0.605827
-2.670519
-1.286612
-3.577759
-1.083657
-2.703603
2.040368
0.060701
