2.140604
-0.456716
2.643594
3.945855
2.491008
-0.933390
0.212051
0.535463
3.952166
5.157676
2.218250
3.455717
1.483348
6.459757
2.091888
6.362960
5.761551
3.431144
7.604931
8.870293
6.944604
8.059798
6.722352
4.032383
6.470846
7.576045
4.927148
7.803491
7.814335
5.562984
6.393722
6.280665
8.523397
10.211180
9.043582
10.688623
8.273177
7.442367
7.496259
10.876323
6.830383
8.566285
7.800263
9.069706
8.978073
7.619765
12.781658
7.188532
8.149151
10.784449
8.927665
7.383416
8.284811
8.665282
7.928429
7.908704
8.649515
11.167138
11.192520
10.345308
10.540133
8.768448
9.065441
8.233574
8.883315
6.457356
8.042441
11.101350
5.581488
6.953849
7.931187
9.139020
4.750952
9.522171
6.532008
8.563998
3.942603
3.493881
4.288460
5.870947
3.152465
2.392905
5.842536
3.052741
5.589988
2.235316
1.110981
5.304058
4.988229
4.546287
3.795267
5.346810
4.389570
1.773612
1.288167
4.106078
1.074151
-0.544602
1.725450
0.095435
-2.849629
0.735108
1.520227
0.397895
0.637711
0.198572
0.231787
-1.322847
-1.890897
-1.980348
-5.331374
-5.731295
-4.223130
-1.326785
-6.032922
-3.620146
-4.552539
-3.884058
-4.870469
-7.036827
-3.523088
-5.239278
-7.475234
-4.392462
-5.007015
-6.699806
-6.984301
-9.114831
-9.314116
-6.578969
-7.159438
-5.660744
-9.662594
-7.646771
-6.609079
-6.502011
-9.649761
-7.542719
-7.300923
-8.974952
-11.351220
-10.022395
-9.159897
-9.722913
-6.906241
-10.260468
-7.110063
-12.854061
-9.591031
-7.366661
-12.078376
-9.731067
-8.937508
-11.307482
-10.806495
-10.859352
-8.454761
-9.885309
-9.862122
-10.732720
-6.599241
-9.732844
-9.489090
-11.497212
-7.309838
-11.167921
-10.680003
-8.942793
-5.517473
-5.636879
-6.634224
-8.861838
-9.590694
-4.567118
-8.765012
-6.518778
-7.719043
-3.937085
-4.300878
-4.801112
-3.454758
-6.613299
-4.427094
-4.990244
-4.243886
-5.962650
-2.675564
-2.314507
-6.272684
-4.248089
-3.144075
-1.606102
-0.693418
-2.937781
0.940548
0.858319
-1.873289
-0.036488
-1.915598
0.460822
