3.187103
-2.034601
2.069290
-0.805643
3.546025
-0.562087
1.002226
2.790802
5.386980
0.546040
6.137175
4.688716
4.753024
6.385536
3.063947
3.611681
5.772544
7.499410
5.887230
5.900340
7.119224
6.032562
9.211731
9.460751
5.477226
7.256894
10.275629
9.696124
9.368955
10.506338
7.817987
8.685666
10.289381
10.652829
8.129574
7.324430
9.665524
11.864484
6.925809
6.763998
8.028318
8.398040
9.980785
10.884241
11.797627
10.687951
8.371669
10.032437
7.576472
8.013292
10.120922
12.953129
9.194886
12.022447
6.879535
8.533399
9.172229
9.086060
8.210567
11.430774
11.765487
8.549936
8.690708
8.630573
11.097122
8.736088
11.153410
11.058567
9.916726
9.793871
5.437894
5.451259
6.517370
4.475280
7.689692
6.451121
8.091323
4.349889
7.558021
7.969148
2.704239
6.415767
5.380989
6.376536
2.495335
4.756566
4.201967
4.653376
4.721014
5.067342
3.032339
1.205798
1.268696
1.516383
-1.224876
3.508286
1.079764
-0.955449
-0.754285
2.017663
1.056554
-0.250752
-2.509418
-3.658636
-2.691226
-3.736131
-4.963149
0.443026
-1.919744
-5.377356
-0.415368
-6.523952
-5.037517
-5.531210
-3.140103
-2.057670
-5.040632
-6.303771
-4.289815
-5.399789
-8.921224
-6.820095
-4.602362
-8.117248
-4.872917
-9.588613
-6.901293
-5.011489
-7.532794
-9.116567
-7.662043
-8.303315
-5.834943
-5.886108
-6.347822
-9.606549
-10.809547
-10.306469
-8.030282
-6.995208
-6.736437
-12.385912
-7.678780
-10.163981
-11.832942
-8.205848
-12.701800
-11.703637
-7.386678
-7.185016
-12.561813
-7.473483
-10.473790
-7.060238
-7.195427
-7.891633
-11.767018
-10.807622
-7.174895
-10.571277
-10.664332
-8.346752
-11.373916
-10.548604
-9.582579
-8.645903
-6.884410
-8.709708
-7.563306
-10.631922
-7.264834
-7.922674
-6.768395
-8.524778
-9.210866
-8.182573
-8.657410
-9.115298
-4.714637
-2.910302
-5.107321
-3.917001
-5.505068
-7.315351
-3.948741
-7.078827
-5.880793
-4.143778
-6.099046
-5.481192
-2.145689
-0.882343
0.733064
-4.122357
-3.596729
1.363046
1.658641
2.352235
-0.441561
-1.092595
