-0.521459
-1.693109
0.663777
0.640496
-1.006446
0.251578
-0.403130
2.592849
3.860089
1.922427
2.999904
1.286235
3.290272
4.414932
2.347560
5.406388
4.438400
2.897905
3.523033
3.295080
3.794630
8.678649
5.860443
4.669081
6.697033
7.236146
6.368488
10.060191
9.644788
10.963623
9.544914
6.772182
8.178272
11.694166
6.525236
6.120254
11.635177
8.392173
7.489401
11.881812
7.758384
8.543750
10.816284
7.867208
8.547228
9.533313
7.930957
12.100093
9.821376
9.071418
7.178185
8.159669
7.362028
10.307520
12.345053
7.115483
12.313386
10.270244
6.788370
11.483971
10.408357
11.009257
8.161525
9.695228
10.543801
11.737827
10.583884
9.022776
9.528431
5.651195
7.659579
6.469848
5.297489
6.979818
9.791279
5.388287
7.563772
8.609872
7.378971
3.494033
6.710162
5.337741
3.432358
6.213904
4.712496
2.306796
4.209860
4.701685
0.670895
5.597011
1.955287
0.950844
1.583483
0.524582
3.383302
-0.788489
3.771997
1.378598
-0.521472
0.644314
-2.826225
-3.495890
0.587186
0.793497
-0.125345
0.195858
-0.923232
-4.044300
-2.063832
-0.630992
-0.478720
-3.202465
-5.492985
-3.870732
-1.957012
-4.343647
-6.878392
-5.426740
-3.419084
-4.912305
-4.581529
-7.130785
-4.027023
-7.090319
-7.232021
-5.038336
-6.476754
-10.132967
-10.539036
-7.861992
-10.408001
-8.333391
-8.646107
-11.178819
-8.210417
-7.937495
-11.480002
-11.353421
-10.620737
-7.568768
-9.538444
-11.689663
-7.786652
-7.645407
-10.859657
-7.017739
-11.571433
-9.356183
-8.617340
-7.805050
-11.520308
-10.795933
-7.350544
-9.573429
-10.575833
-9.557574
-8.174584
-9.271631
-10.220918
-8.794920
-8.939999
-11.714703
-9.504280
-9.601461
-11.603318
-8.341514
-7.402919
-10.472515
-9.918207
-8.160721
-10.373569
-10.580670
-7.719706
-8.885038
-6.788317
-4.569807
-3.769025
-5.083282
-4.725075
-6.050686
-3.138945
-4.723438
-3.320759
-2.556605
-1.962258
-3.068112
-1.203334
-0.907138
-4.483212
-1.992162
-3.881383
-3.890205
-0.015985
-0.247312
-3.914320
1.041299
-0.165465
0.522533
-0.046478
2.548017
