-2.460349
-0.626138
-1.676260
0.824998
1.416413
1.945101
1.743369
3.050716
2.095446
2.035654
0.502903
1.656857
1.793260
7.134852
6.032392
5.751366
5.863441
8.035197
5.306252
5.150130
6.330987
3.972979
6.735208
4.476939
8.601965
9.515555
8.680239
10.227603
9.181699
8.092179
11.252726
8.283902
10.722615
7.730485
10.296219
7.776187
11.353751
7.607772
8.611075
10.155756
6.954467
7.200387
8.713981
7.863069
10.684417
10.070409
8.180763
10.206352
11.439309
10.106120
10.024218
10.080948
7.321355
12.138241
10.095872
11.492631
8.067198
6.990553
10.007191
9.573948
6.592308
9.882583
7.489119
9.487228
11.420887
7.710084
8.245400
10.551349
6.049928
7.178085
9.887963
5.291906
4.806024
8.312358
5.395425
9.165945
4.182537
6.354951
8.553429
3.453390
4.090554
5.430648
6.426754
5.460791
6.830939
6.636831
1.901843
3.678761
5.077084
5.582919
3.731389
0.649153
-0.161870
2.961253
3.309178
1.615418
1.824955
0.265129
1.061168
1.522772
0.542821
0.465005
-3.922449
0.793463
-0.773948
0.743685
-0.459496
-4.477150
-5.361304
-4.460984
-0.487151
-5.490347
-4.647023
-6.339682
-6.712235
-5.696136
-3.258342
-3.057565
-6.823700
-6.674185
-7.310358
-5.714515
-5.272525
-5.821215
-8.357793
-5.772196
-9.465132
-8.805143
-9.432835
-5.241858
-9.825550
-7.784520
-10.153071
-8.884838
-6.136363
-6.593175
-8.554626
-10.725184
-11.166654
-7.068913
-10.299402
-8.182732
-11.234241
-9.335216
-12.653602
-7.778364
-7.563753
-10.792777
-11.779236
-11.007372
-10.752690
-10.775359
-11.293322
-12.677760
-11.232277
-7.414823
-9.765903
-7.915459
-11.638236
-10.872505
-7.389536
-6.398818
-9.817384
-9.479906
-6.236806
-8.130065
-8.899942
-11.002532
-9.269982
-9.637317
-9.394342
-5.718699
-7.703399
-6.746975
-6.574443
-4.760225
-6.043518
-7.260180
-7.430187
-3.239915
-6.907404
-3.963039
-6.141130
-6.504770
-7.231309
-1.301555
-3.898984
-4.851259
-0.465016
-4.772526
-0.963973
-1.453437
0.708149
-1.516038
-2.221860
-1.335491
-2.234298
-0.101644
-1.766929
-2.111562
