0.941699
-1.330748
3.344467
0.412812
-0.991169
3.502571
4.648136
4.481069
0.400788
1.362292
2.828179
5.783610
6.129993
5.086759
6.813586
2.099522
7.519520
7.331095
7.752790
5.007339
7.789066
7.949340
8.709786
9.493901
10.038190
7.694297
7.502361
7.211057
8.900078
9.755958
6.104515
11.086372
7.052334
10.379104
9.204848
7.923991
10.907837
6.514090
7.978100
9.770104
11.021781
8.159166
10.786395
9.681071
9.460943
12.597565
7.584621
8.703182
9.960126
12.734180
12.586904
7.622310
12.544792
12.402377
10.844777
8.871487
11.612577
9.338071
7.483279
10.090698
10.221144
10.552800
10.143481
8.345351
7.960613
6.704080
5.667914
7.652285
6.497756
9.065463
8.907784
9.032900
4.861000
7.435007
4.425319
9.217003
3.714963
5.057099
3.462579
8.281403
3.663317
4.456431
5.158516
3.445482
3.333644
4.546672
3.692459
6.520449
1.226656
3.851782
2.123164
4.253211
3.455159
-0.963487
2.925499
2.611777
3.679274
0.366557
1.359676
-1.715001
-2.971432
-2.129868
1.045544
-1.716325
-4.140883
-0.143904
-0.895149
-2.044618
-2.506238
-1.403009
-4.394582
-4.278595
-3.929907
-4.263188
-4.940704
-5.771075
-7.173240
-5.459114
-2.924471
-4.816582
-3.906488
-3.589307
-9.189526
-5.672822
-8.437816
-6.891241
-4.762417
-7.910342
-7.983445
-7.787692
-7.354104
-9.835909
-6.252265
-8.902565
-6.984527
-11.663834
-7.833014
-7.707253
-11.074153
-12.040036
-11.525620
-9.262468
-10.009401
-8.223829
-10.852590
-7.642797
-11.342548
-7.133579
-8.454051
-8.088701
-11.896284
-10.935587
-11.004369
-10.601634
-8.499397
-11.202910
-11.386341
-9.371483
-10.265339
-11.487406
-8.437570
-8.425696
-10.470191
-10.582224
-6.453596
-11.421256
-9.120483
-8.810725
-8.161631
-9.177201
-9.875545
-5.078026
-7.321245
-9.509646
-4.842386
-5.014277
-4.532879
-4.040370
-5.603094
-4.776404
-3.884523
-5.075731
-4.656696
-4.986271
-6.132637
-6.070331
-6.399155
-5.065877
-3.205347
-2.019235
-4.594049
-4.437038
-2.639478
-3.951606
0.650830
0.302036
-1.161634
0.919306
-0.319377
-0.185852
