0.984544
-0.888279
3.498807
1.675376
3.266556
1.594207
1.207976
2.968609
0.925702
0.613382
3.259466
2.631132
6.938260
2.178632
1.716246
1.917058
6.907093
2.376032
5.719221
5.643380
6.759150
5.753584
6.896146
5.944415
8.979632
9.061385
10.369687
8.502409
5.588649
8.558885
9.224213
10.421103
8.695346
6.029236
11.894758
9.747442
6.674484
9.524731
6.964665
9.778799
6.708366
8.120878
11.653722
8.550325
10.982978
12.378617
9.607321
10.316092
10.702598
11.819401
11.475713
9.315190
9.903119
12.571770
8.119868
12.698832
12.299600
11.080171
11.511707
10.934515
10.978908
9.948013
8.077823
7.672336
6.536940
10.938426
6.655645
7.545322
8.120668
10.614655
9.126747
9.681361
8.013622
8.410736
5.012081
7.826953
6.621283
5.293941
5.207622
7.701332
8.058344
2.358270
2.990637
4.246582
2.361995
3.119015
1.076153
4.049101
1.558985
2.612235
5.582803
4.664504
1.798862
1.280422
1.152073
1.136546
3.359552
-1.811125
-0.612469
2.378089
-1.769594
-3.362205
-1.284049
-3.419411
0.967826
1.075081
-2.308434
-5.310126
-1.125783
-2.977452
-0.420541
-3.376602
-5.793001
-6.629842
-3.267886
-4.429800
-8.022413
-6.270240
-6.739903
-7.302304
-7.841557
-3.985110
-8.285990
-7.461473
-9.992195
-9.287606
-9.000424
-6.577069
-5.555668
-5.513070
-8.550143
-11.074937
-8.664209
-7.688599
-9.415113
-10.997794
-7.528662
-8.733144
-7.807199
-11.902966
-10.937649
-8.977665
-9.761756
-12.034483
-7.593339
-10.245222
-10.914984
-8.411304
-9.475988
-12.783714
-7.165989
-12.306242
-8.139646
-11.765566
-8.837169
-11.404861
-9.612579
-7.927542
-8.013937
-11.369139
-11.149123
-11.188870
-10.536691
-11.888826
-9.839588
-7.513992
-11.577282
-9.343107
-6.341082
-8.519066
-4.974317
-9.459023
-8.900067
-5.699850
-5.166090
-4.453879
-6.878070
-5.034316
-3.143184
-3.860534
-5.795764
-3.362216
-2.917790
-4.615788
-2.847097
-4.746905
-1.294905
-2.952726
-6.242633
-1.118134
-0.931289
0.243966
0.257195
-0.775129
-1.755561
-0.192490
-3.620184
0.401905
0.721805
0.594032
