0.433212
3.248845
-1.614036
3.095639
-1.062303
1.652061
4.122051
0.269946
3.008037
2.104274
1.701960
4.587798
6.453113
4.793853
5.677780
3.348104
5.010604
5.098015
6.698428
6.240944
4.826738
4.232541
6.998973
5.744306
7.193202
7.701228
5.725799
7.798298
10.846139
5.354218
11.000555
10.945870
9.713816
9.061566
9.504578
11.293681
11.777839
8.114233
8.250858
9.010159
7.375745
10.980134
12.553059
8.206123
8.517456
11.857194
10.850706
12.163327
10.053558
12.191999
8.707930
11.740910
7.186674
7.885474
8.252384
10.576353
11.312379
10.509383
9.509434
7.485429
7.815342
9.882861
9.860523
11.724329
9.642745
6.534172
10.482630
7.308901
8.240495
5.180943
6.463892
5.979005
8.814647
8.371213
6.088938
4.730268
5.308389
5.819355
5.456457
6.331994
4.712156
2.621677
6.697326
7.346911
5.061365
5.206751
4.089491
1.488229
1.979119
2.331910
0.748451
5.004987
1.943986
3.460953
1.775283
0.328662
0.863025
-0.424522
2.806659
2.966921
1.664391
-1.406482
-3.204560
-0.560470
-2.944576
-4.789777
-4.498729
-1.216915
-3.859115
-2.439984
-5.092483
-4.000488
-4.216327
-4.928954
-3.624314
-6.427995
-4.371139
-3.834538
-8.112856
-5.984562
-3.408734
-6.635027
-8.578125
-5.135581
-6.125986
-6.995371
-7.745514
-5.459270
-9.456476
-7.802637
-6.035467
-8.254776
-5.914406
-8.126361
-11.558073
-7.044832
-10.940171
-8.967175
-11.154256
-11.904961
-10.353229
-11.890128
-9.478068
-7.922911
-12.545886
-11.913706
-11.754878
-11.702113
-8.902533
-10.089593
-8.348832
-9.650366
-7.883382
-9.366219
-10.273629
-8.728174
-11.300851
-11.548727
-7.243538
-8.514841
-9.488145
-11.933439
-10.759251
-11.777512
-10.901817
-8.809118
-9.057188
-5.604437
-10.034011
-9.198005
-8.538284
-9.120073
-8.642761
-5.522114
-7.701489
-8.900070
-4.553778
-5.993727
-6.996468
-7.531266
-7.967140
-2.695101
-2.448409
-2.925417
-1.548339
-4.392523
-1.111163
-1.011241
-6.380153
-5.805453
-1.024786
-3.817280
-2.294213
-2.063098
0.399796
-2.217810
1.895593
0.817720
-1.879971
-0.075591
