3.269809
2.480243
1.390047
0.041247
0.542515
1.601407
0.833243
4.629827
-0.156472
2.023887
2.304931
2.829733
0.990417
5.000354
3.406423
2.778833
6.986719
5.311411
2.937871
7.339431
6.799673
7.825761
4.580458
6.024239
8.807408
5.587779
6.968762
4.910202
8.585150
10.991381
10.404976
10.420808
10.464632
6.830976
9.598236
6.944942
6.443687
10.287416
12.063598
10.202711
12.477115
8.701356
6.782733
10.409472
11.179965
12.182073
10.590384
9.598393
10.669096
12.148276
12.559212
10.195770
12.033773
6.992837
9.465105
11.185863
12.335122
12.411438
11.540407
10.898567
10.362988
8.507075
6.942814
7.971631
11.111608
6.510527
8.171434
10.586276
5.941813
10.883891
8.025377
6.439684
9.665035
7.301096
6.907126
7.989541
7.255706
3.388104
7.547538
4.354391
2.924728
4.790337
6.086368
3.764187
4.616117
4.430828
1.620913
3.498883
5.450168
2.726710
2.002868
5.078637
1.744096
1.761663
-0.878972
-0.290350
-0.280982
-0.109733
-2.564681
-2.130428
-2.451891
0.930180
0.236693
-0.734240
0.041484
0.684445
-0.739450
-2.325119
-4.879387
-1.358087
-0.559041
-2.447039
-6.751496
-4.637185
-2.957249
-3.582045
-2.823458
-5.910213
-4.409887
-5.369874
-3.944008
-7.764702
-7.741507
-4.325178
-7.997170
-6.242417
-6.369808
-5.255806
-9.780812
-7.982934
-8.804041
-5.999726
-5.777814
-7.493238
-11.075844
-6.572174
-12.111821
-10.126420
-12.158507
-7.524939
-7.663908
-11.815537
-9.628196
-12.333542
-7.728355
-10.050953
-10.612844
-9.173713
-10.884055
-9.439673
-8.107662
-10.728033
-11.739135
-11.176077
-8.492462
-10.422584
-10.489669
-9.936977
-8.270681
-9.121100
-6.697238
-7.256569
-7.490850
-11.480114
-11.660925
-11.348714
-6.765010
-6.837803
-9.192649
-7.724047
-9.239020
-6.996016
-7.739479
-7.540996
-7.517062
-4.027120
-4.904708
-8.040914
-7.213939
-6.204242
-7.850463
-4.041565
-7.118990
-7.140205
-1.794349
-6.365243
-3.084979
-1.705093
-2.540779
-0.770442
-0.299989
-3.364345
-0.347967
0.154070
1.014477
-0.119140
-2.867552
1.274300
1.976983
0.775262
