-2.120894
-0.389757
1.249153
-0.292261
3.203359
2.391358
4.659861
3.588211
1.770974
2.952181
0.564289
6.342344
3.083751
4.257637
3.877466
2.923266
3.860629
8.162222
2.952349
8.051639
3.675553
8.428921
5.167028
4.498338
7.941402
10.029495
10.472761
7.816730
5.562865
8.978789
9.878902
5.933586
10.402946
10.496989
9.399101
7.244361
6.897786
10.164263
10.940479
7.588527
6.920126
9.260818
12.290912
10.511321
12.196068
7.844652
8.399410
9.145632
9.851266
11.292937
8.679286
10.785073
10.455931
10.537412
6.940993
12.739083
11.780451
9.415816
7.781158
11.333771
9.338060
7.493109
11.174001
10.616857
9.676461
10.815324
10.848804
7.351525
6.836242
5.620076
6.964817
8.960013
9.237843
6.762840
6.025671
6.406006
7.429307
4.573823
8.407885
8.761654
2.770535
3.358022
4.479062
4.174835
4.695003
2.719085
2.271069
4.087590
4.545966
0.392619
3.154261
3.178271
2.438919
3.576204
3.166747
2.609153
1.364760
2.144227
-0.335765
1.058372
-1.616204
-1.889575
1.828005
-3.909763
-1.964837
0.484069
-0.409304
-5.042611
-1.411752
-5.320261
-1.819755
-2.948410
-2.922514
-6.471461
-7.229078
-4.058340
-5.542358
-3.748289
-8.076653
-8.510242
-6.893415
-6.407222
-6.830677
-8.857585
-8.542329
-7.686071
-6.667329
-9.155377
-6.932299
-6.341628
-8.202218
-9.022614
-6.794812
-11.075234
-8.753800
-11.896221
-10.006288
-9.071612
-8.546154
-11.678582
-7.264946
-10.918248
-10.740800
-10.632604
-9.503853
-7.495878
-9.596090
-9.217520
-7.151219
-8.380167
-7.555777
-11.432171
-8.986751
-11.749507
-12.317758
-11.524743
-9.258556
-10.615905
-10.162730
-11.746009
-6.415893
-9.806042
-11.431007
-9.257196
-10.988873
-7.283534
-8.905961
-8.636648
-7.859230
-5.792747
-7.639669
-5.589039
-8.124298
-4.766806
-8.258110
-5.446560
-4.885982
-8.576783
-3.291080
-4.716212
-5.108615
-6.756897
-3.757395
-2.021464
-7.202707
-4.025680
-2.364982
-1.336358
-5.674334
-3.050783
-5.305733
-2.864970
-3.054657
0.647501
-0.079325
-1.822892
-2.646022
-3.060188
-1.792635
2.531520
