1.719339
2.599485
0.034336
-1.233434
-1.048582
1.758350
3.220379
1.430707
3.682762
3.827003
4.647818
2.648168
2.952288
3.954406
2.485089
3.542081
5.715924
5.467273
7.958224
7.733446
3.857267
4.560226
3.702194
5.189437
9.163672
9.605157
8.500892
7.679986
9.700148
5.534340
9.422354
10.208409
7.687040
10.944344
9.076146
11.732488
10.578964
6.503051
7.263525
9.913661
12.071585
7.245750
8.568462
10.416367
8.494490
8.455466
12.608949
8.479059
11.775752
8.127711
7.525539
10.987960
8.344264
9.490501
10.851509
7.117654
9.820630
8.439042
6.712906
11.083771
9.931669
8.120702
11.509834
6.993028
11.222642
5.830106
9.809611
7.397587
11.230386
10.438789
9.121313
6.508155
6.849092
6.037555
5.900239
4.245456
6.041987
3.405780
6.394023
7.693740
4.727382
5.288915
4.069393
2.574619
1.575965
6.647941
4.714380
6.652434
0.821486
4.975915
2.834336
-0.276886
3.843595
1.353972
1.926641
0.359020
3.327548
0.030052
-0.998869
2.198895
2.443743
2.126113
0.183239
-1.637411
-1.480013
-1.589818
-2.062304
-3.815005
0.172225
-5.567931
-4.613231
-5.959423
-1.703911
-2.853343
-3.207410
-3.754359
-3.570128
-7.012680
-4.038463
-3.240330
-6.066492
-8.224545
-9.545518
-9.221816
-8.926065
-6.881774
-5.031891
-5.996417
-6.702012
-9.640032
-10.688317
-9.695759
-11.109972
-6.674246
-11.019655
-11.738629
-6.500134
-7.378070
-12.055793
-10.811173
-10.802342
-11.864403
-9.286059
-10.742821
-11.068892
-9.922722
-11.535488
-11.219118
-9.611318
-8.711490
-10.376518
-10.439707
-8.306306
-7.922780
-9.662582
-11.235331
-12.437891
-8.565276
-11.405280
-6.679332
-7.758946
-6.343016
-9.551299
-7.244739
-9.738066
-7.483901
-8.752654
-7.831100
-8.129105
-10.062019
-7.973979
-7.149463
-6.173211
-5.812516
-9.296492
-5.341043
-7.502820
-8.413133
-3.464021
-5.842633
-7.349338
-8.151868
-2.638362
-4.486256
-6.500835
-2.018166
-2.514616
-5.022986
-1.334517
-4.634497
-4.474717
-3.397545
-3.604324
0.431963
-4.420725
0.494662
0.877000
-2.199896
0.090974
-0.894316
