-1.829167
0.293043
-0.176256
3.889955
-0.869066
4.316191
1.383065
2.859669
4.682820
5.783285
3.387454
3.482929
1.461954
3.223309
5.087291
7.529529
2.737495
3.966400
2.647148
7.481217
3.346496
8.404284
6.504389
5.956929
9.051540
8.619679
9.845697
9.786883
10.668902
9.892518
8.240917
9.247372
8.792110
7.267807
9.224955
9.593370
10.650460
10.698721
6.924187
8.635520
8.156977
12.617908
11.734760
11.170616
10.891501
9.439768
12.329698
12.666420
7.548594
10.432393
10.152082
11.428389
12.673470
10.950840
10.621788
9.595264
8.872057
9.276351
10.375315
9.471761
9.738511
8.416088
9.958718
7.347415
11.236328
7.574909
10.036613
11.051674
5.775558
7.347221
9.497942
5.380957
10.295529
7.737316
9.990780
4.752778
7.385798
3.718607
3.306559
8.581247
3.070384
5.176860
2.350676
4.449983
5.058869
5.988764
2.225209
5.640016
3.210438
5.767114
5.771757
0.849010
1.048897
-1.062774
2.758059
2.034799
1.407453
1.125621
-1.430790
-2.713147
0.428509
-1.181792
-2.162534
-2.615968
-2.756826
0.427498
0.465939
-3.465285
-1.295908
-5.540166
-1.532684
-6.329698
-3.920780
-3.703816
-2.595967
-2.189302
-5.762144
-3.718055
-4.159496
-7.632575
-8.456977
-8.200669
-7.473010
-7.423828
-6.895252
-9.575432
-9.847429
-6.865713
-7.820114
-6.771746
-10.237541
-8.649395
-9.662452
-11.281880
-9.936552
-6.841201
-10.108776
-9.656949
-9.602973
-7.338000
-11.375462
-10.003834
-12.121650
-10.926780
-9.967590
-8.026004
-12.775256
-8.517816
-9.106240
-10.151885
-8.384563
-9.569362
-7.235442
-7.238023
-7.380294
-8.868675
-9.988643
-12.323428
-11.291837
-7.925025
-7.068497
-7.687085
-6.193746
-6.489339
-6.234571
-10.371374
-6.410351
-10.377241
-10.121446
-9.145024
-7.780852
-10.516203
-7.065820
-8.180258
-9.052197
-8.295181
-4.274957
-4.809425
-4.650153
-8.081188
-3.761626
-3.513571
-2.099702
-3.839356
-6.022463
-5.743948
-6.894177
-3.831891
-2.737326
-5.205125
-1.540203
-2.094443
-2.998428
0.716137
-3.314621
0.353240
0.064995
-2.532635
1.899700
1.527413
