2.860787
2.000361
-0.913273
-1.128644
-0.283751
4.497668
3.142096
2.134663
1.630641
5.048722
1.027327
3.308603
2.009318
5.255505
5.782045
3.723521
5.158463
4.880491
3.520898
6.836704
5.546578
7.228233
5.339477
9.202491
9.609176
4.358166
5.356795
5.916628
10.244382
10.758457
11.034046
10.572418
7.432162
5.897135
9.659615
6.944468
11.354808
7.603440
8.260646
7.933229
9.291347
11.715116
9.260475
8.057051
8.093581
10.034779
12.938278
12.667051
12.568313
7.549545
8.521068
12.701207
6.984836
7.543007
9.989741
10.288773
10.292890
7.916021
11.727627
10.841349
8.492199
11.340096
8.185877
9.659258
9.935978
9.790419
8.396047
8.433514
9.469665
10.901325
10.463623
9.955231
7.450403
7.308519
9.817918
7.173777
9.242389
4.614973
8.201978
7.517503
3.483271
2.583107
4.538142
2.853468
7.454601
4.150826
6.817415
3.760002
3.129980
1.672924
4.516868
2.336708
1.218211
0.702006
-0.016636
0.571018
2.107185
-0.846828
-0.626189
2.245219
-2.908444
0.328938
0.282706
-2.263935
-3.805835
-0.255364
0.038324
-1.594728
-0.342748
-0.223016
-2.373258
-3.884936
-4.959015
-1.444454
-6.254057
-5.412793
-4.366109
-7.899461
-8.409356
-8.783630
-5.384718
-8.654521
-6.426358
-8.053795
-4.071747
-8.727015
-5.374078
-6.113654
-4.933159
-8.268201
-10.677645
-11.174566
-8.673917
-9.064215
-9.435972
-8.879038
-11.988351
-7.914092
-8.640125
-12.386076
-12.184170
-9.397653
-7.489068
-9.823060
-7.035469
-9.110457
-9.175319
-8.462393
-11.999507
-12.576942
-12.487962
-12.581346
-11.695122
-10.614835
-10.420780
-9.566656
-6.856282
-10.672090
-7.801852
-9.998861
-7.228389
-9.346943
-11.266914
-9.576812
-11.167353
-9.052998
-9.956698
-6.713394
-8.610579
-10.914514
-6.470761
-7.291309
-6.043783
-9.457914
-4.085389
-6.844275
-4.824411
-6.133836
-6.107579
-8.728937
-5.168143
-6.838321
-7.168182
-3.505231
-6.066211
-5.035052
-6.568822
-2.764730
-0.938424
-2.357540
0.052490
-2.675867
-1.346487
0.508843
-2.710499
-2.451059
0.215767
-2.294519
-2.221460
-2.719714
