-0.517603
1.659219
1.542991
3.046228
3.157580
0.548871
5.150337
0.104974
1.956225
0.192449
5.649730
2.807316
6.015631
7.143551
4.327701
6.692328
6.614265
5.305310
6.456798
6.982571
4.111123
7.138984
6.120671
8.748489
5.815623
9.854312
7.931454
5.772443
5.002302
5.908050
10.133488
8.126470
10.177594
9.823676
9.243009
10.983179
8.618179
6.913640
10.359299
11.774909
6.605287
6.833731
6.983523
8.789858
10.301608
10.407385
8.473418
7.513441
11.088532
7.305944
12.290804
12.704025
7.120902
11.317465
10.527232
10.297601
6.820793
8.945006
8.762399
11.299945
6.956954
6.832994
9.344383
7.567205
11.839658
6.327790
8.803633
8.634750
7.376427
7.215788
10.494104
9.710907
8.088448
7.264747
6.097609
5.913465
7.271143
8.064182
5.885407
8.464007
4.537253
8.110939
4.744534
2.427555
7.231759
7.118480
4.035508
6.609891
4.327380
4.428173
3.868240
3.364171
1.804369
4.633152
3.129914
0.063465
-1.284428
2.053280
-2.142755
2.442569
-1.222757
-2.389444
-2.610004
-0.370701
-3.943526
-0.894883
-0.578959
-2.874879
-5.655935
-3.710242
-3.691786
-3.700971
-3.939571
-2.475448
-5.342218
-6.855588
-2.641641
-6.975685
-2.888479
-8.303522
-7.907326
-8.581605
-5.944289
-6.573824
-8.436041
-5.929430
-4.799524
-10.110913
-8.709178
-6.769557
-8.594477
-9.716167
-8.240129
-7.577902
-8.026622
-10.781514
-11.995297
-7.404737
-7.393566
-10.982695
-7.281321
-12.466351
-10.856789
-11.109173
-9.842683
-8.156610
-11.631885
-8.331767
-7.749530
-7.439088
-7.002169
-8.296907
-11.132646
-11.449480
-12.128686
-7.389116
-12.481574
-8.369360
-6.804480
-7.090987
-10.549078
-8.587126
-6.746261
-9.383967
-7.261854
-7.674146
-9.233804
-5.548275
-9.998221
-8.216991
-8.077004
-8.671218
-5.158915
-8.061772
-9.510422
-8.537150
-4.772071
-7.726412
-4.083880
-4.306048
-4.125264
-7.403836
-5.859862
-5.719112
-5.371274
-7.070007
-2.644897
-3.671913
-4.657171
-5.640456
-5.722787
-3.205844
-1.351391
-0.071517
-0.680093
-1.570623
-1.498475
-1.661522
-0.660678
1.279102
