1.820722
0.815973
3.730279
2.339189
2.598955
2.054104
1.243915
-0.337788
2.042218
3.965711
5.333450
5.725760
1.094589
6.517447
3.358180
5.977909
4.526211
4.489487
4.615014
6.256670
5.605879
7.444365
7.190001
8.427472
9.395149
6.162124
7.321859
8.370058
6.327971
5.189616
5.755347
6.420741
5.733431
9.949297
11.779757
6.444114
6.279130
10.160534
7.693044
10.631716
7.514345
8.541736
9.188846
12.123788
10.964012
6.957588
9.717700
12.562845
8.293312
12.048327
10.648039
9.495151
11.954956
8.234960
7.574667
7.909782
10.273383
8.142415
12.207215
9.723609
9.137613
10.515608
12.047886
7.578053
9.232773
11.532364
8.946478
9.240309
5.705621
7.108364
6.374146
10.118144
8.919865
7.205660
9.777738
8.678794
6.499325
7.430491
7.594427
7.372541
5.671227
4.773646
2.218700
4.951907
3.046196
6.199451
5.328398
2.384218
5.194122
4.906819
0.433964
3.429121
0.915085
2.769805
3.797803
-0.951961
-0.697153
3.363049
0.127850
-0.787835
2.143949
-0.106642
-1.603968
-2.396184
-4.035686
-1.206207
-0.824239
-2.932234
-3.542691
-3.618144
-1.688032
-5.718033
-5.209214
-5.654010
-6.710162
-7.230885
-2.262540
-7.274754
-5.647949
-6.792246
-7.275788
-3.698171
-7.208280
-6.608324
-6.054174
-7.423378
-5.613595
-6.132549
-10.036343
-5.725925
-7.471561
-10.392555
-7.331234
-8.754294
-8.614149
-11.345850
-10.542618
-10.563262
-11.877195
-9.376650
-11.220513
-9.984108
-9.725037
-11.864925
-8.208509
-10.939037
-7.609642
-8.118634
-7.923633
-9.740958
-7.288029
-10.863072
-12.078586
-12.100203
-12.026095
-12.017283
-7.118560
-10.675790
-8.731802
-10.223979
-9.814986
-11.798263
-11.069866
-10.233404
-6.100252
-6.199828
-7.007825
-10.386540
-8.498128
-9.011072
-6.403947
-5.252104
-9.321547
-8.075171
-5.097140
-7.595025
-9.593549
-8.787275
-5.162167
-7.875041
-4.881913
-6.622863
-5.163962
-6.866727
-3.446093
-2.894560
-2.676265
-3.076858
-2.567541
-0.774100
-5.219084
-2.630914
-2.376374
-0.372346
-2.402074
1.315513
1.212120
-1.684430
-3.306187
1.940741
