2.305472
3.544380
-0.880479
-0.245593
-1.365906
4.839428
2.051720
3.853889
5.544923
1.992810
1.685239
3.791550
4.106437
4.038054
2.297671
1.917833
3.754799
2.899238
7.289017
6.058610
6.908996
4.453594
8.078286
6.932319
8.072655
4.761039
7.346578
10.048156
7.526038
9.731317
8.836885
7.315598
11.450624
10.292116
11.278955
11.105011
7.668572
6.299662
9.041348
8.225360
6.617407
9.206416
9.539168
7.609384
7.233051
9.373605
8.279609
7.455558
9.063339
7.516072
8.519862
12.430953
10.116345
9.243169
7.926765
9.855915
8.961330
9.157594
8.678232
6.957007
6.744937
8.506403
7.349076
8.394832
7.175677
9.257853
10.683677
6.258084
10.410872
9.038063
6.924845
4.846714
10.049214
9.120784
6.508214
6.704217
5.948847
9.070132
3.532561
4.615435
4.259820
5.172283
3.557519
7.691551
4.844548
3.363876
1.805296
5.738874
4.881875
1.924723
2.567253
3.738556
-0.645590
2.799979
0.779415
2.501377
-1.118849
-2.084894
-1.476407
2.656043
-0.630521
-2.272545
-0.009166
-0.526483
-1.125060
-1.586456
-4.488487
-2.827187
-1.021794
-5.231386
-3.095359
-2.342826
-6.780083
-4.317189
-4.846297
-6.383449
-5.484227
-2.746137
-5.529544
-6.870570
-7.346757
-8.390861
-4.136642
-7.705073
-9.106951
-5.013607
-9.307404
-9.499789
-9.319974
-8.184291
-8.779788
-10.303627
-7.603059
-10.876038
-8.475403
-8.792904
-6.953749
-8.858197
-10.558723
-8.241983
-8.634877
-12.222681
-8.698460
-9.154244
-8.710451
-6.959049
-10.886107
-6.998772
-7.376873
-12.683558
-8.803235
-10.717196
-8.310653
-12.205943
-11.368388
-11.421755
-8.812242
-12.224522
-12.093256
-11.714157
-6.986751
-11.190178
-9.006141
-8.962499
-6.586135
-7.714305
-9.323571
-11.110779
-8.994535
-8.895193
-10.870223
-8.188756
-4.691735
-9.608778
-7.981556
-4.398290
-7.812996
-5.301845
-8.155464
-3.070785
-6.632225
-6.666668
-4.355925
-7.334263
-4.291539
-6.005830
-1.865147
-3.180546
-0.400389
-3.386439
-0.544206
-1.483609
-2.120771
-1.178710
1.431580
-3.904886
-0.669407
-2.539996
-2.965555
0.520532
