1.790668
1.808748
-1.390370
0.339878
4.421776
0.825968
1.044061
3.590967
5.178601
1.069004
1.239274
4.620098
4.960280
5.429177
4.410222
5.332829
7.331044
5.575245
5.741997
7.973577
5.835597
5.407438
4.507428
9.448046
4.732286
5.009113
9.555198
5.907526
5.420856
10.275616
11.036465
6.235508
5.893444
10.342753
10.281441
8.182602
11.231491
6.340254
11.391670
8.539618
9.513892
12.355152
8.378982
10.874030
11.248766
8.089594
8.919961
12.627237
12.553242
10.808853
11.571912
11.694178
10.138701
9.776499
9.223717
8.413649
12.662417
7.273450
11.953953
8.282457
9.810488
9.305947
10.541751
11.254791
9.277717
6.670932
10.350314
9.992246
8.799293
11.021140
6.632702
6.873077
8.714812
4.308060
7.941851
4.423253
7.018284
9.069769
5.742336
8.080330
7.810659
5.435847
8.036639
5.746086
2.969384
5.966246
3.709103
6.566422
5.918269
2.339268
-0.200653
2.745760
0.430114
1.165446
4.551506
3.212901
-0.989010
-2.225661
-1.318569
0.516986
-1.898586
-0.400890
1.762567
-2.561703
-0.242529
-0.113632
-0.976515
0.346222
-5.588023
-5.487464
-1.394939
-5.423239
-1.298969
-6.893031
-2.700838
-4.544014
-3.348280
-5.271157
-5.682082
-3.159206
-7.402638
-8.039111
-4.675807
-9.389049
-7.924168
-4.414170
-5.407190
-5.441906
-5.306181
-9.415479
-9.344494
-10.687626
-10.238258
-7.695719
-10.006056
-6.625190
-7.590527
-7.031783
-10.579113
-12.312101
-8.889175
-10.851371
-9.192614
-11.024692
-8.007015
-12.754395
-7.895244
-7.225540
-12.103238
-8.133037
-11.955070
-7.233843
-12.583548
-12.642923
-8.891165
-11.109407
-7.405378
-9.656401
-8.477765
-12.387435
-8.718608
-6.890035
-9.241542
-8.279880
-11.656812
-11.477611
-6.150044
-8.858236
-5.295433
-9.558009
-8.749130
-6.542443
-5.545069
-4.803998
-9.718815
-5.745083
-8.067100
-9.261969
-8.416836
-6.041752
-3.190261
-6.719764
-4.500780
-6.228851
-5.144058
-1.473995
-1.136960
-1.336609
-5.689375
-4.964245
-0.867613
-2.860797
-3.950930
0.056158
-0.098076
-1.880034
1.352486
-2.614311
2.313721
-1.951913
