-1.487821
-0.356935
-0.882898
0.996110
1.494593
-1.001356
3.137752
3.085296
3.132326
5.957883
3.270295
3.961693
5.369674
5.231155
6.504812
2.506507
7.544384
3.690395
6.204730
4.128895
3.859602
7.577814
8.109160
5.218527
7.041134
9.027048
8.166514
9.177909
9.734919
10.963297
5.684654
5.533452
8.311985
10.406515
11.454719
8.242791
9.949195
9.790853
7.523395
12.319742
7.993717
9.227291
9.049653
11.470061
12.663914
10.734297
12.470899
12.018149
10.779129
11.216825
8.949862
11.394383
7.050169
11.488281
12.015248
10.237588
9.110116
10.657693
11.698654
7.485213
11.211950
10.145376
10.632599
11.323361
7.850046
6.419736
10.911737
10.950571
9.082872
7.536039
9.247268
7.434192
9.422249
6.458777
9.533338
6.317187
6.852630
8.231614
5.631021
5.018211
6.907288
7.158835
6.701159
4.502838
5.433841
2.457001
6.883184
2.455354
5.070012
4.040360
3.567383
4.960086
3.324234
1.467752
1.417593
3.014558
2.067916
0.819129
0.198653
0.663668
-1.964688
-1.726258
-2.633107
-3.571809
1.323260
-0.900048
-3.414222
0.037699
-4.925944
-1.318026
-5.173979
-5.294309
-3.171382
-4.464532
-7.413602
-4.975595
-8.034799
-3.004901
-5.866755
-4.716391
-6.872058
-5.787006
-7.653013
-7.535236
-4.735500
-8.763780
-6.994418
-6.423284
-10.899919
-8.132739
-8.172874
-7.299213
-7.653468
-9.943065
-9.922934
-8.158188
-8.665853
-11.793601
-12.027696
-9.160680
-8.930268
-7.566417
-12.729390
-12.414637
-11.924887
-8.852155
-12.475157
-12.306115
-9.896712
-7.346011
-11.991606
-8.991058
-8.613375
-10.658872
-10.732368
-11.845151
-7.183919
-9.118938
-9.511674
-7.410834
-6.569064
-9.304894
-9.544530
-11.283188
-10.761786
-7.280048
-5.790333
-6.732270
-6.877471
-10.781195
-7.406946
-6.475677
-6.914366
-5.954080
-9.492431
-5.022412
-8.563814
-6.820648
-3.822183
-8.534965
-5.602062
-4.836851
-5.256214
-7.146708
-3.823366
-6.237274
-4.543971
-6.218524
-2.371853
-0.176007
-4.085000
-0.285400
-0.408112
-3.572154
1.313796
-3.673883
1.851354
0.802667
0.098321
2.312212
