-0.765126
2.289786
0.319078
0.919248
0.314372
0.111061
1.088581
0.918985
3.139024
2.653789
5.755718
1.036736
4.801323
4.584508
6.154730
5.366470
5.918794
3.741283
6.256988
5.188723
7.821187
8.477060
6.151778
6.597740
8.931459
7.537619
6.597995
5.408767
9.964129
8.132576
5.320398
10.499427
11.156049
6.884348
8.880319
11.556779
6.611365
8.758659
12.095628
11.998268
11.224405
9.216654
9.632641
12.221679
11.140298
9.414823
12.574648
7.333446
12.980501
8.004776
10.669568
8.181503
8.158926
7.799803
12.299621
12.620761
10.556009
8.825705
11.625837
8.408754
6.940623
7.671016
9.015822
10.249233
9.936451
7.859675
11.111864
7.004420
10.238177
8.269009
9.355934
9.991549
6.766349
4.392051
7.850797
9.634789
6.942413
6.957226
6.826348
5.645279
3.423594
8.049706
5.686179
7.232770
3.515568
3.542430
1.713575
4.615527
4.298373
1.339595
0.283448
4.658849
1.631073
0.809731
4.498899
1.132781
-0.586210
0.801065
1.751009
-2.133675
-3.138872
-1.283268
-2.818923
-3.126901
-2.148523
-3.453612
-0.251846
-2.027219
-3.284593
-0.188282
-6.270303
-0.866278
-1.242982
-3.113475
-7.300817
-6.104651
-7.815116
-8.343273
-3.470675
-7.108954
-5.500808
-3.728192
-6.620148
-7.932549
-6.878388
-8.698847
-7.440861
-6.794702
-9.454420
-10.097213
-10.498107
-8.709436
-7.445902
-6.708850
-8.946205
-8.246580
-10.579993
-8.699635
-8.728230
-12.306786
-9.978304
-11.319366
-7.557316
-9.285339
-7.462747
-10.279455
-8.497504
-9.429003
-7.326005
-10.978983
-7.254549
-12.970761
-7.340084
-9.652613
-9.743697
-7.842731
-11.609814
-11.545811
-7.520045
-8.297086
-7.061389
-11.685869
-9.376639
-8.224157
-10.545211
-8.466835
-11.166990
-9.274894
-10.672342
-8.101929
-7.071757
-7.005065
-9.316077
-4.954024
-4.641741
-7.959823
-6.613205
-5.310503
-7.453853
-6.820355
-3.029665
-7.770989
-2.571238
-4.672421
-4.876737
-7.053887
-4.981912
-0.871171
-2.174691
-4.875662
-0.534839
-0.874958
-1.972835
-0.441299
-4.066095
-2.347339
-2.530791
-3.557754
2.005626
-2.151954
