3.081007
-2.227087
-0.080419
-0.184610
3.784099
0.201811
1.228556
1.224492
5.700798
4.566577
4.398267
3.272442
5.758853
3.093158
2.025945
3.215032
4.252596
4.797349
3.759464
6.183639
5.633494
8.245713
4.907416
9.210721
7.826143
4.628912
9.661068
6.731569
5.741876
7.455056
9.944931
10.641863
8.745196
10.944257
9.277728
6.124566
8.899332
7.896479
10.248091
9.871709
12.507364
8.392978
10.768643
7.449598
11.939206
7.715031
11.723271
9.468600
10.153322
9.927949
10.978445
8.960173
9.430738
12.792709
9.110712
10.962587
6.947970
8.664394
8.746916
11.827824
11.910832
9.943579
10.523549
8.543900
6.638253
7.783471
8.461854
9.865794
9.746629
10.459808
10.577046
9.096048
9.829319
6.628192
6.064402
8.876716
5.911180
4.460304
4.897711
4.540019
4.422257
3.581709
7.613816
3.201771
4.453063
2.427675
6.332012
2.174292
1.357243
2.738382
4.858666
1.988297
3.055144
3.989675
2.634948
4.016958
-1.228109
-1.115764
-0.360780
2.366474
2.580539
1.459748
0.245550
-3.407831
-1.018370
0.914870
0.448298
-4.158236
-3.091403
-2.081737
-5.303605
-4.219615
-3.007557
-5.335261
-6.167266
-6.699237
-3.587149
-7.498089
-4.382793
-7.736624
-3.297306
-8.708620
-8.738632
-6.979143
-6.384850
-9.526151
-6.008569
-7.529337
-7.486300
-7.982155
-11.258641
-7.816596
-8.379980
-11.602940
-6.607336
-9.304189
-7.287107
-7.078537
-10.028867
-10.727433
-10.180296
-7.710432
-8.861839
-7.057492
-8.012086
-7.364991
-8.188897
-9.207501
-10.446897
-11.124484
-7.414505
-12.406837
-7.708994
-9.595071
-9.795484
-8.344115
-9.971036
-12.253999
-8.138050
-10.330151
-9.662587
-8.908324
-11.728293
-8.618756
-10.673354
-8.124031
-5.795033
-9.173287
-6.527601
-10.015302
-5.954903
-6.600627
-7.932897
-7.754682
-9.285834
-6.021745
-7.191008
-6.076334
-7.714012
-4.314483
-5.043795
-5.241532
-4.203231
-5.868520
-2.382549
-4.913964
-3.273337
-1.491339
-2.702878
-5.535711
-5.491643
-2.765216
-2.036400
-2.502223
-2.709059
-1.431145
-1.853488
-1.319203
-1.408294
0.451856
