2.659167
-2.282763
0.336300
3.305972
-0.742456
1.736050
4.600992
3.293716
1.735834
4.987934
6.348763
5.718339
3.028267
4.634058
4.319473
6.321856
6.395203
2.394929
5.096031
4.435270
7.591442
5.499530
8.451218
5.497391
9.336696
5.710923
5.457739
7.885104
9.668904
10.323549
6.598514
7.658771
6.625526
10.113888
7.786870
7.235793
12.075196
7.456611
11.174368
12.037792
6.910007
8.016425
8.670801
8.583236
12.003974
8.800136
8.699900
7.337164
11.190862
8.449587
12.752976
12.659807
12.049836
9.280531
11.587521
9.054796
8.024099
11.108755
9.861072
6.989502
7.866492
7.629081
6.674558
8.693833
8.792995
8.247173
6.976893
10.578639
5.939177
5.458009
10.283624
8.988583
6.529410
5.713871
9.300789
8.061495
7.205457
3.584342
6.780943
6.492722
3.232033
4.337950
4.098921
5.663817
2.234812
4.436661
6.870120
2.239442
5.955690
4.147692
5.519953
1.734458
-0.586746
-0.607454
-0.908645
-0.419498
-0.712631
3.524355
3.091783
2.052006
-0.927538
-3.078581
1.920994
1.539386
-0.006785
-3.080040
-2.516565
-1.348108
-2.539326
-1.837496
-5.235461
-3.876984
-6.547105
-4.261528
-2.232233
-6.630884
-4.065028
-3.290875
-2.742605
-3.823058
-7.401870
-8.459347
-6.753531
-7.992808
-6.388147
-7.956434
-10.033859
-4.890240
-9.104614
-5.207084
-10.370105
-8.209836
-5.830493
-9.992182
-10.322959
-8.333034
-8.962907
-10.130090
-10.948789
-8.001040
-8.322471
-12.500352
-10.825983
-9.997013
-9.512509
-10.729618
-11.620484
-11.129552
-12.922973
-8.579778
-12.198750
-8.732633
-8.438929
-10.132805
-10.124740
-6.900182
-8.980559
-10.536166
-10.963688
-9.910949
-8.254630
-11.919936
-11.321251
-7.452448
-8.265520
-6.378946
-8.738384
-9.348591
-10.755439
-7.358209
-10.659441
-8.821087
-9.544770
-5.829766
-5.539003
-5.914770
-5.717572
-8.191440
-3.835222
-7.400906
-3.295318
-7.696665
-3.480061
-3.474398
-2.059415
-1.739246
-5.249938
-2.780518
-2.708742
-1.261260
-3.815487
-3.495723
-0.448224
-4.455245
-4.449392
-1.085917
0.145922
0.321771
-0.681366
-2.284088
