2.695006
1.301360
-1.174640
0.888690
3.164584
-0.070936
3.331763
2.796693
5.051916
1.145955
3.988081
2.576013
2.069706
2.197932
4.714293
6.205744
3.767027
6.492524
7.247511
3.132890
6.207088
4.976386
4.031598
6.924608
6.809502
9.058595
7.983359
7.931383
9.360636
6.544841
7.527917
6.326350
9.968540
6.060049
6.390110
10.300808
10.760625
11.356567
9.828166
10.937628
11.291122
9.505447
7.164635
9.084950
7.582432
9.376823
9.169435
11.978150
10.883762
11.631932
10.670936
8.218183
8.622648
7.780787
12.459425
6.976362
11.604265
6.994762
8.967272
9.084886
9.450770
7.143550
10.485898
11.179743
6.986604
6.915178
8.851416
8.627579
11.267409
9.592875
8.273425
5.760848
6.280787
5.802752
8.447903
4.249314
3.997623
5.209070
8.149963
7.820415
5.445888
2.924703
3.018341
4.198037
5.520912
3.613365
3.694121
3.027680
5.687126
3.163451
3.674815
2.694908
3.472838
-0.936009
2.037831
0.498963
2.453663
3.529928
3.210548
-2.266384
0.886554
0.180102
2.037256
-0.631574
0.924451
-0.754825
-4.886822
-2.230518
-4.498537
-2.115620
-5.974585
-1.338344
-4.754618
-2.651523
-2.757119
-6.778618
-2.358279
-5.521696
-8.363530
-4.031408
-8.663627
-6.916320
-8.640972
-5.737672
-6.923811
-9.846278
-9.791652
-9.365842
-6.772925
-9.554729
-7.302235
-10.190227
-10.853120
-10.475167
-6.907423
-8.276260
-7.205771
-11.443126
-10.074151
-11.868811
-6.636868
-10.484380
-12.268193
-11.766934
-7.790224
-11.989893
-9.430748
-8.439159
-10.822601
-12.727197
-9.741282
-8.498581
-12.501484
-7.974987
-11.200226
-10.315848
-10.000729
-7.578999
-11.556806
-10.965045
-6.638139
-11.334010
-9.517755
-9.102550
-11.284724
-11.739689
-9.079933
-10.593801
-10.447276
-6.991116
-5.354124
-8.938080
-6.863631
-9.062328
-6.774163
-9.516492
-7.480823
-4.667131
-5.538171
-8.452363
-6.205213
-7.061188
-3.312835
-3.562194
-3.398422
-5.429117
-5.377108
-5.639892
-3.323676
-2.806874
-5.029951
-0.236601
-3.010174
-2.219371
0.745183
-2.768835
-3.030205
-0.170862
0.129832
-2.145753
