0.072012
-0.013064
3.877240
3.693592
0.894719
2.202401
3.092984
3.290376
1.922302
2.471159
3.348149
5.758767
6.133182
3.024710
1.598326
2.974489
5.423287
5.761626
8.293605
6.568666
6.773145
3.782601
6.217545
4.605592
6.893171
6.688830
6.957603
10.530246
5.735392
7.866478
7.791491
11.001121
8.335388
10.732917
11.177532
9.239871
8.722870
9.317151
11.791923
10.281568
10.738385
7.827471
10.873351
10.334636
11.050504
8.056008
7.094453
11.935555
11.308478
11.184463
10.837176
10.031953
12.765292
7.190894
11.677362
10.478842
7.291242
6.836359
12.467910
8.589550
8.482331
12.071119
8.916797
10.229027
11.659523
9.068034
7.951184
7.388815
9.937287
5.330686
5.901084
6.784782
5.527618
6.313407
9.774828
8.617041
7.815857
4.529695
8.441467
6.147035
4.765083
4.927122
7.068819
6.722092
3.943047
3.775162
3.747339
1.118973
3.948888
1.990414
4.192102
4.409113
4.928214
3.394032
-0.800804
0.952321
-1.356629
0.259954
0.744863
-1.946658
0.914738
-1.892176
-3.735995
-2.649387
-1.172265
-3.551511
-3.884533
-2.491032
-3.170595
-1.819410
-1.144471
-6.116683
-6.274473
-6.300167
-7.361360
-2.112670
-6.154926
-6.749839
-5.139375
-8.683439
-4.554452
-4.434195
-7.904961
-8.300662
-5.725971
-5.248156
-4.791628
-7.895263
-10.511488
-7.004826
-10.264470
-6.022193
-11.557716
-7.905784
-11.078904
-11.599735
-7.417747
-7.872910
-6.980673
-9.936970
-7.147145
-8.590606
-8.892826
-11.329827
-7.552413
-8.597771
-9.128131
-12.505874
-7.967966
-12.123631
-10.772059
-11.961839
-10.437999
-7.645561
-10.913769
-7.133962
-11.258437
-12.213724
-12.452473
-8.081225
-7.214840
-7.693475
-6.939423
-8.677435
-10.292698
-10.765404
-10.481278
-7.287909
-8.759446
-5.643024
-7.426623
-8.973627
-8.928428
-5.431386
-8.640513
-9.562430
-7.676836
-7.903307
-3.678061
-5.514231
-5.271044
-5.774828
-3.696718
-6.021602
-6.478551
-6.081272
-5.607319
-6.341062
-5.731814
-1.195200
-2.490198
-4.666850
-1.551104
-0.304390
0.761662
-2.791654
0.315713
2.184800
-2.278848
2.308104
