2.076491
-0.139289
-0.684051
3.784701
2.822693
2.503544
-0.249765
1.326765
2.403655
1.972457
5.683681
2.368249
4.623261
4.753678
6.282566
7.692426
2.512264
3.553679
6.757421
3.848399
7.263404
5.561579
3.954290
9.573989
7.287924
8.566956
9.127713
7.087096
5.726277
6.359465
7.904378
7.546193
10.735773
11.749383
7.358060
6.863613
9.161890
6.529855
8.902132
12.392829
11.340077
10.260019
8.912754
11.493307
9.660023
10.964313
10.793582
12.296674
12.583425
7.947339
9.924280
9.463086
10.399793
8.694297
8.402845
11.606914
9.913465
8.879694
11.213333
7.851022
8.223519
11.243987
8.110543
11.717029
7.959844
6.503953
6.831987
7.969497
7.737410
5.319293
7.528021
8.699282
7.967174
4.417668
6.042613
5.574435
7.241022
8.888976
4.693971
4.375234
5.110177
3.572933
3.182121
5.302438
1.702419
3.927516
3.652244
6.432530
4.012873
3.088002
1.456745
4.761452
3.247276
-0.702130
2.380054
3.194732
2.289007
2.268420
2.332298
-0.819888
-1.850470
1.631664
-2.583186
-1.159511
-3.879327
-2.147786
-4.849122
-4.784061
-0.942179
-2.968448
-6.074721
-5.710969
-6.816162
-3.436848
-3.957889
-4.941932
-6.662508
-3.662238
-3.809280
-5.180656
-6.651946
-7.850508
-4.634605
-4.493695
-8.798262
-5.617960
-8.691861
-9.281418
-6.212771
-9.009153
-9.647352
-9.273765
-9.448672
-8.295063
-8.046325
-7.307194
-9.870186
-9.533187
-6.556329
-11.773763
-11.273334
-11.182313
-10.309060
-8.467110
-10.370158
-9.328031
-11.097417
-11.572452
-10.177958
-12.820621
-12.333756
-10.256501
-12.483297
-9.548398
-7.674509
-11.827441
-9.702237
-6.959952
-10.823921
-8.476643
-10.156186
-6.401704
-6.526715
-8.914336
-9.845100
-10.264670
-9.803709
-10.245078
-11.219907
-9.047908
-7.681435
-7.279222
-6.281610
-7.179604
-5.774498
-8.636254
-3.982592
-4.939814
-6.437364
-5.493180
-3.303137
-6.776552
-6.781469
-5.581092
-2.183986
-6.008754
-2.364238
-3.914430
-4.946059
-4.735577
-0.031062
-5.150059
-1.199930
0.277429
-3.491579
0.578556
-3.442019
1.596399
-3.198277
-0.199186
