0.800163
-1.569480
-1.888266
-1.685641
-1.292779
0.595539
-0.524597
2.493737
3.262870
0.601424
6.315497
6.040168
1.928822
2.413110
2.807748
7.682915
5.421753
5.867720
3.752861
7.300587
5.870252
7.941030
3.665669
6.397297
7.973927
7.421744
9.713837
6.841912
9.982771
6.436706
6.977882
10.370996
9.234379
10.943052
8.311861
6.982337
10.871405
7.244864
12.182680
11.630191
7.993330
10.480083
7.686920
7.841982
7.293091
11.537156
7.114213
11.766266
12.313427
10.842042
10.409127
10.811640
10.601159
8.116716
9.650643
12.038618
10.694144
11.009460
9.625124
8.027156
7.498152
9.856818
9.067814
7.068570
7.695193
9.931719
9.478990
8.713835
6.996478
7.615224
9.175942
8.700252
6.672791
7.008522
6.915156
5.353176
6.155650
6.274411
5.329558
8.726185
2.949062
5.190996
6.005660
7.228528
1.929182
1.318104
6.793259
1.916696
0.440912
0.527178
4.710876
3.215022
0.652259
-0.019384
4.454084
-1.215413
0.685270
-0.035166
-0.278517
0.661005
-1.733248
-2.257601
-3.846421
-1.796777
-1.422556
-2.564354
-3.101693
-1.325125
-0.341767
-1.854173
-3.667859
-5.113598
-5.260482
-1.985778
-1.573240
-5.818338
-6.562381
-6.756131
-4.848923
-7.942351
-3.177100
-3.536147
-6.390926
-3.981880
-8.864594
-6.715795
-5.493988
-5.867447
-7.108372
-5.312697
-7.272489
-10.203557
-10.775689
-9.165960
-6.052314
-7.885488
-9.082303
-9.527268
-10.987465
-9.911264
-12.048041
-7.740448
-10.739221
-10.420726
-11.229165
-9.322924
-7.192539
-11.483662
-7.867351
-12.579115
-12.838985
-7.796999
-9.948574
-12.186348
-8.863394
-11.463592
-7.352183
-7.805816
-9.351067
-11.330216
-8.950024
-10.386911
-8.820092
-9.340797
-8.585930
-6.369075
-9.893356
-8.592879
-9.029451
-9.678974
-6.387930
-7.992151
-4.584187
-7.112879
-9.941435
-6.281438
-8.320737
-8.703724
-7.190541
-4.728146
-2.706274
-4.053099
-3.332859
-6.695267
-3.027246
-6.004283
-6.406635
-4.599016
-1.402199
-0.485212
-4.015528
-0.665591
-3.037711
-4.669898
1.421756
-3.983929
-0.679030
-2.386925
-1.546761
-0.702373
