0.957231
2.362172
-1.146386
1.240519
0.171458
4.417957
0.729955
0.278023
0.397295
5.831638
6.153314
1.987704
4.203492
4.780732
3.846191
4.583507
3.237568
2.394444
5.048770
6.581330
9.127191
4.074041
4.576474
5.345023
7.239274
4.294517
5.069062
8.493974
10.195378
10.364856
6.592955
9.818954
10.624242
7.851053
8.436936
11.884006
10.049171
11.663686
8.861479
8.006187
11.179183
9.269060
8.502707
10.967583
7.523901
9.332830
12.787547
11.966208
12.389943
8.497790
9.161813
8.741638
12.939145
10.138520
9.385780
12.470817
9.497842
9.899163
8.056026
8.850170
7.106690
7.831629
7.281348
6.640622
11.220057
9.320347
9.565426
7.850002
9.907609
9.457502
7.406644
10.308123
5.106417
10.203164
9.089113
7.009532
6.445071
8.121749
8.624895
5.840390
6.475346
5.607734
7.539573
4.118453
3.488594
2.601903
3.048545
6.463728
2.864648
2.277627
0.330900
4.602600
-0.203910
2.508048
-0.659515
0.973501
-0.302638
-0.513207
0.553578
-2.328939
-2.819174
-2.039212
0.173713
1.667110
-3.654502
1.090580
-2.345159
-5.427483
-2.110255
-0.692140
-1.584961
-3.582945
-4.681491
-5.482206
-4.196427
-5.888851
-6.639601
-6.710869
-7.885916
-3.203748
-4.654338
-8.490487
-7.408350
-7.575696
-4.254596
-9.225163
-8.942039
-7.997379
-10.472718
-10.667093
-9.606686
-10.309699
-10.996514
-5.972949
-7.526669
-9.071159
-6.609391
-8.727683
-9.745071
-11.092520
-9.572327
-9.823472
-11.097152
-12.356973
-6.953877
-9.193725
-10.702878
-12.805173
-7.053904
-9.598463
-7.992611
-10.987726
-10.366598
-8.530796
-9.622414
-10.113834
-9.820531
-9.935094
-8.004480
-10.989331
-7.606530
-8.744118
-7.673701
-6.309843
-7.296200
-11.103136
-10.617451
-8.475523
-7.937577
-5.895490
-8.675505
-5.109175
-9.573318
-10.005719
-9.006919
-3.953281
-4.803971
-8.264119
-9.071167
-6.152707
-5.520181
-5.487720
-5.603829
-6.111134
-3.205611
-2.773178
-4.371055
-3.256049
-1.911608
-5.429362
-2.723902
-1.292558
-3.886119
0.017401
1.140056
-2.492696
0.112923
-2.749932
0.442254
-2.701270
