2.108986
2.940613
-0.595168
-1.658991
-0.658027
-0.006389
4.750260
3.312156
2.767853
3.841892
4.269891
3.786188
2.297603
4.760985
3.019842
6.617724
3.882996
3.800826
8.129035
6.526091
7.538051
8.230399
5.529648
7.162717
9.347676
5.351949
8.955548
8.205586
9.177260
8.197162
9.035410
9.272406
9.095463
10.792842
9.014762
8.279878
11.345797
9.081366
7.341122
11.838696
11.598350
9.747965
8.376006
8.936217
8.065376
7.833230
12.482394
9.838205
9.385716
11.121600
10.432475
8.654285
9.179147
7.049267
11.364781
11.771159
11.634816
7.639076
10.600209
7.813563
9.214616
8.410712
12.041168
8.376394
6.420768
6.554252
11.565558
7.316073
10.172434
9.043431
6.517523
10.325334
7.734131
8.875131
10.066626
8.785810
4.540401
7.426415
7.409342
5.396034
4.483837
7.323421
3.856765
1.920753
6.722115
7.217782
4.927701
2.175508
1.073677
0.984652
2.918316
5.109660
4.535849
4.671338
-1.382810
1.490103
2.015759
1.778016
0.811159
1.211493
-0.121335
0.072089
0.942298
-1.229988
-1.010307
-4.405338
-1.738823
-4.642938
0.074476
-4.888606
-2.923938
-1.979692
-6.470401
-7.200353
-3.933520
-6.869895
-5.831910
-6.766262
-8.038912
-7.154617
-6.882973
-3.496765
-7.630858
-4.683706
-9.250877
-9.626859
-8.350117
-10.368375
-9.483582
-9.344239
-7.403275
-11.102997
-11.372755
-11.753804
-7.188481
-6.334196
-8.533661
-9.868417
-11.893157
-9.348159
-11.651456
-10.136475
-9.803436
-11.977437
-6.949074
-8.488510
-10.246641
-11.415755
-9.963311
-11.864725
-12.506778
-7.187783
-10.780499
-8.168624
-9.494711
-10.095080
-12.198199
-7.961923
-12.517923
-8.085622
-10.435565
-8.603204
-7.633646
-6.179268
-9.604917
-9.400600
-7.969320
-10.974478
-6.222664
-10.622340
-6.001593
-9.306185
-8.166871
-6.717965
-7.026751
-7.894084
-8.624464
-8.201522
-6.789350
-6.048554
-8.046489
-3.090882
-4.086780
-6.282735
-7.122505
-6.792606
-5.842820
-3.226334
-1.577800
-2.738247
-5.749621
-2.812615
-4.326100
-3.911159
-4.153190
-1.629128
-1.161329
-1.478128
0.046553
0.311861
