2.597269
-2.320045
1.552623
-1.555944
3.337660
0.637024
0.527663
4.384323
1.608319
3.629874
1.675654
0.897720
3.736330
3.441373
3.662612
5.338375
6.867561
5.978012
5.342372
3.090958
8.805192
8.524456
8.715004
7.435454
7.201935
9.280469
8.173084
7.672814
9.892360
8.708238
10.364233
9.909618
7.128349
7.171601
9.673391
7.920615
11.605261
9.909952
12.019163
10.899398
9.608708
10.923032
9.957401
9.420008
9.197863
9.851360
11.080464
12.221766
12.761097
11.657535
8.313429
8.741327
12.430812
7.455881
11.941864
12.760080
12.480696
11.944756
10.912768
7.483874
6.532596
11.709180
7.862142
7.803333
6.015298
10.240239
8.196535
5.569487
10.723883
6.278476
6.182697
9.738884
9.611524
4.804766
6.516724
4.015248
8.508822
4.058603
3.838476
3.006822
3.547164
4.771415
3.125280
3.207523
3.268553
2.083576
5.371028
4.549950
1.565455
4.588827
5.384677
2.785446
0.477471
3.297358
2.730669
3.543611
3.121140
1.073256
-0.269840
-0.313680
-1.421983
0.660478
1.728290
-2.842962
-2.583024
0.282366
-1.663257
-3.617659
-2.927595
-4.474511
-5.536023
-5.335193
-4.747769
-2.680488
-1.860492
-4.289249
-3.298660
-4.302268
-7.842396
-6.079869
-7.825939
-8.263423
-4.863673
-7.961814
-4.120524
-5.055435
-5.935899
-9.279109
-10.106153
-6.017160
-11.203354
-6.430278
-8.864725
-6.604874
-7.577403
-10.580723
-9.473876
-6.609261
-6.741372
-11.929734
-12.504726
-8.178464
-10.764186
-9.264861
-8.578008
-8.553047
-9.442619
-12.904820
-8.704935
-8.144153
-7.687151
-7.457683
-10.142435
-11.145023
-7.030093
-7.732791
-12.026991
-6.992680
-11.652976
-11.263809
-9.242911
-7.602970
-10.290681
-6.531682
-9.140210
-9.281992
-11.459841
-8.344228
-5.944471
-5.981343
-6.902314
-9.785120
-5.869602
-5.612545
-4.714723
-8.545537
-6.762742
-8.422693
-8.430697
-4.950534
-8.385093
-4.808995
-3.653922
-5.889564
-4.953167
-6.556699
-1.975710
-5.103306
-0.714569
-1.667680
-0.988599
-5.245797
-3.805210
0.025204
-3.689607
-2.898231
1.063866
-2.736982
-0.264698
2.566804
