-1.564260
0.123356
3.264572
-1.541167
-1.088154
4.776348
4.142532
0.915689
3.443907
4.076323
5.084083
1.839448
4.097243
6.676485
2.414880
4.261282
5.335971
3.182459
4.401186
8.805490
6.900663
8.445200
3.681870
5.164734
8.458288
7.041238
6.626330
4.992440
5.494736
6.746883
5.353077
5.525568
9.732419
5.995537
9.249816
6.342930
7.782665
11.184227
8.320576
10.721056
11.618206
11.767501
8.492152
12.716006
10.284750
10.478427
11.119988
12.905068
8.732655
8.465532
12.035855
10.811284
8.509904
10.920837
10.897807
8.518596
8.736847
11.422412
9.721889
12.366056
8.997586
9.557449
7.922984
9.367007
8.235965
9.567217
6.284386
8.661792
7.846413
10.922531
7.151394
7.995360
7.617136
5.170250
6.879163
8.346166
8.210831
7.123940
4.437006
8.654217
4.843322
7.845635
2.207213
6.317841
4.224275
4.735243
5.120710
1.046958
2.527277
4.243614
5.605347
4.134884
5.077148
2.542495
4.403247
0.270195
0.932984
-2.013541
-1.931991
2.100116
2.447245
-0.733817
-1.494591
-1.473485
-2.329797
-3.119465
-2.469023
-4.036829
-3.323640
-0.181774
-5.707655
-6.225752
-5.945922
-3.328968
-5.238668
-4.593468
-2.690060
-6.291917
-7.044338
-2.917183
-6.235735
-7.313290
-7.134262
-5.367611
-5.775216
-5.113593
-6.870377
-10.033460
-6.209204
-7.592736
-8.623556
-8.753383
-8.987289
-6.962918
-8.241117
-11.736135
-8.017165
-6.600107
-9.084132
-9.338817
-6.979551
-6.718779
-9.985352
-8.824694
-8.830080
-11.056683
-8.085994
-11.290143
-9.463796
-7.764858
-7.574650
-12.775861
-9.270655
-7.419226
-10.321260
-9.479496
-7.604046
-9.189801
-8.830929
-12.261329
-11.472220
-7.342985
-7.585280
-6.174532
-5.949193
-8.283744
-5.684367
-7.537784
-9.703982
-6.652345
-9.827384
-5.875666
-9.189731
-6.115777
-6.259540
-8.051751
-6.557916
-7.266365
-5.521307
-7.631338
-3.651782
-3.479817
-7.353179
-4.112392
-1.956382
-4.520505
-5.451227
-4.538512
-1.632596
-0.159762
-5.038827
-3.590215
0.125072
-4.846100
-0.878864
-0.770411
-1.411751
0.768013
-0.708369
2.331177
