-2.579352
-0.912049
-0.140806
3.089695
-0.982994
0.234806
0.014767
3.558930
4.595456
5.638672
1.421354
4.745100
1.071734
6.847745
2.985224
5.943293
7.376325
6.316519
7.946671
5.831977
4.999314
6.824886
9.510630
9.208504
9.495795
7.540023
9.074421
7.220182
6.835932
6.598293
7.916998
5.726291
5.821282
8.367600
8.170279
8.460545
7.122876
10.393808
10.435125
7.249383
10.213610
7.605296
11.655415
7.882046
11.045768
11.921970
10.355026
10.195424
9.752552
8.948340
12.791799
7.623120
9.550248
9.578831
10.407860
12.370734
7.983224
9.131661
7.554904
12.436235
7.688878
8.723261
9.042287
9.269956
9.086980
7.810188
10.359451
6.183290
9.002181
7.577626
10.898387
6.584010
4.837369
9.053554
7.058268
8.583156
4.040777
7.084941
6.286569
6.600244
3.025854
6.321003
4.982733
6.290580
4.122156
6.483463
6.850636
6.442674
4.052868
2.222989
4.871160
0.081162
1.256182
0.610307
4.347147
-0.113569
-0.719243
-1.300606
3.300840
-2.811911
-0.730181
-1.965524
-3.220772
-2.345472
-3.553735
0.830290
0.067573
-1.587298
-1.299541
-1.762038
-0.669498
-1.769434
-2.579381
-2.518372
-2.449023
-2.522226
-4.501546
-6.812844
-4.107409
-8.479216
-3.342691
-4.455886
-6.124406
-4.155561
-8.679567
-9.769654
-8.855290
-8.543154
-9.331233
-8.797724
-9.348959
-7.646358
-5.962704
-11.750003
-7.182161
-7.697164
-11.236341
-7.745634
-8.672681
-8.853533
-11.624087
-8.318562
-11.700927
-8.897329
-9.223324
-8.500981
-10.636953
-8.120208
-7.533926
-7.765927
-10.215216
-11.736344
-8.065463
-9.904591
-9.841930
-12.007336
-10.665007
-11.258204
-10.201625
-8.412605
-8.636125
-12.285709
-8.515382
-10.855859
-7.164879
-8.511460
-10.935859
-5.495256
-8.154888
-8.191883
-5.040055
-7.452563
-6.818431
-8.841606
-6.434852
-8.973289
-6.631703
-9.275524
-4.099119
-3.866858
-2.935933
-5.088291
-4.429358
-6.940514
-6.206008
-1.502807
-1.962734
-3.867683
-3.240758
-2.966300
-2.918049
-5.175623
-3.862584
-1.318525
-0.778976
-3.265614
1.646793
2.168871
1.642176
1.345873
