1.756352
2.445285
1.189436
0.599101
1.366588
1.605576
1.341663
2.661445
3.724867
1.604404
4.217948
5.383273
2.796635
5.309910
6.941540
7.675953
3.861902
5.196465
4.074191
7.117881
4.535426
9.265202
4.892559
6.737784
5.193183
7.513371
8.441712
7.824375
4.946147
6.349080
6.840981
8.155453
7.800095
6.426394
8.193592
7.231127
11.205195
9.910584
12.162696
10.200673
10.033472
11.413045
8.491567
9.723973
7.825790
10.352542
9.296841
8.676055
10.417013
8.185484
8.309436
7.597590
7.869432
8.483231
8.822212
7.936611
7.475373
7.550062
11.332769
9.076263
9.325156
12.146622
9.186075
10.685879
7.298484
10.279893
11.050961
10.223188
9.329661
5.717087
8.473894
9.893632
7.226463
6.768544
5.633261
5.440357
6.089306
4.621551
3.432735
7.002391
4.767078
6.415805
3.407659
2.460201
3.995136
5.365210
6.031705
6.502472
5.224722
3.896398
2.382187
2.375729
-0.141716
2.734847
-0.355239
0.463512
3.450834
-0.923531
-0.179993
0.401368
0.156748
-0.780297
-2.716758
-0.261041
-2.757141
-1.083582
-3.561289
-2.523201
-4.662369
-3.547071
-5.919985
-5.562959
-3.430249
-3.316761
-4.183022
-5.771516
-2.851072
-3.952957
-8.485466
-7.437898
-8.079362
-8.883336
-4.794155
-4.901746
-9.684667
-7.641256
-9.577412
-9.197812
-10.008571
-6.515023
-10.839838
-7.644096
-8.291270
-10.067962
-6.998245
-11.724431
-11.652688
-8.939859
-8.341652
-11.529642
-11.410956
-9.842960
-8.266627
-11.182591
-8.741275
-9.135013
-10.876138
-11.802921
-12.902357
-7.136943
-9.368074
-8.785797
-8.198190
-9.064882
-9.033044
-8.795658
-11.307393
-12.017687
-8.204684
-11.872053
-10.852494
-11.232535
-7.498322
-9.480801
-8.830570
-11.133809
-5.870959
-9.548832
-10.616227
-10.842466
-5.478809
-5.081524
-4.744477
-10.098396
-8.525380
-5.282187
-8.764926
-6.480049
-4.499881
-2.931941
-8.202626
-8.297948
-2.234210
-6.666701
-1.856976
-2.539128
-1.792778
-2.234197
-3.223694
-3.728253
-2.031474
-3.342070
-3.095862
-2.593590
-0.805960
-3.202109
-1.963121
1.791084
-0.757402
-0.711060
