2.119983
-2.156137
-1.548227
1.508665
3.139418
3.139524
4.736873
3.739510
1.931714
3.225050
2.963883
0.738032
3.718869
4.097660
4.085367
7.257495
3.573339
7.538992
5.570875
7.581696
7.667664
6.472465
3.733700
4.703318
4.132949
5.308526
9.026270
6.743289
7.659713
9.669127
7.909595
8.890786
7.789220
10.535679
8.927487
7.246926
10.215662
6.775649
11.126450
8.632541
8.065886
9.142332
11.356276
8.093614
8.998673
7.263798
11.734042
8.386004
11.671236
11.520072
10.363328
7.067349
7.052930
11.495257
9.615223
8.897322
7.728456
9.969208
8.253429
8.697405
6.942386
6.621921
8.150065
9.214944
10.492461
7.718652
6.439141
8.083517
8.004027
6.513310
5.754305
7.080405
8.349386
4.339535
5.158051
4.343890
7.562708
5.530484
3.252237
6.861060
5.866575
5.103763
7.873376
4.324842
2.854645
2.149350
5.737946
5.929206
0.739419
5.995427
5.273471
2.562640
5.013874
3.023206
0.840344
-1.437839
0.821430
-0.705325
-1.569007
1.264924
-2.204055
-3.324786
1.752913
-3.276595
-4.540820
0.996598
-4.569344
0.214967
-1.198780
-5.601577
-1.218005
-1.504908
-4.655070
-6.351773
-1.801155
-7.355305
-5.299839
-3.904366
-7.577241
-5.034391
-7.261433
-6.302173
-4.913445
-6.360076
-5.923492
-6.474924
-5.144245
-5.945123
-9.755926
-11.023901
-10.765071
-6.149590
-7.897082
-6.964385
-10.179647
-9.961688
-6.267981
-7.750123
-6.671810
-9.282519
-7.389311
-10.537121
-8.517083
-7.438350
-12.098206
-8.219142
-9.039464
-11.900357
-10.941704
-10.265450
-8.924541
-9.389033
-7.326182
-8.937143
-6.978518
-8.170359
-11.929128
-6.786545
-9.140214
-7.285479
-11.732776
-10.395793
-8.728876
-7.933823
-6.428275
-7.044066
-10.996028
-5.471599
-8.559648
-7.648035
-5.374260
-9.564874
-5.789628
-7.570710
-7.589347
-7.938228
-8.366358
-9.062223
-7.950639
-6.468310
-5.327504
-6.672594
-3.819682
-5.483481
-4.244860
-7.064803
-2.743770
-3.865350
-0.935295
-4.235813
-2.762824
0.426579
-1.087934
-3.915208
-3.973429
-3.839703
0.861378
-3.275913
0.886325
-2.546856
