-1.308495
-0.564488
-0.961743
3.307157
4.098564
3.860379
0.633104
1.340697
1.231121
4.018118
5.082220
1.936186
5.004470
5.495817
4.602901
5.034247
5.130928
3.215189
7.940141
5.226807
4.631352
6.888959
8.449447
9.160765
9.642746
5.526393
7.599579
8.949597
6.414233
8.466162
9.669067
8.549417
9.577430
8.071497
9.724837
9.061667
10.397514
9.256407
10.974666
11.520145
11.744881
11.933363
9.845038
8.226793
10.118961
12.352884
11.204982
8.689129
7.744924
7.686699
9.492418
12.499642
10.086272
8.374988
10.667714
9.140034
11.108123
7.724611
8.203248
7.119258
11.650470
8.472464
11.527188
8.671229
10.736041
7.467146
8.071904
6.355569
9.462251
7.089111
8.821972
9.098126
4.837953
9.363404
9.110912
5.860055
4.959994
4.871600
4.215335
3.189575
6.133225
3.647274
4.912411
7.790316
5.807181
5.833435
4.598204
5.832729
5.433546
0.690417
0.254012
3.668738
2.517129
-0.328856
4.150896
3.737529
0.432797
0.143429
-1.519033
-2.831398
2.253021
-0.451574
-2.941510
-0.095280
1.319706
0.702565
-3.137570
-3.685194
-3.532498
-3.422042
-3.971271
-4.196858
-4.956229
-6.839092
-3.018526
-3.530546
-4.701423
-5.079304
-8.052553
-7.947810
-5.540644
-5.815397
-8.770649
-5.781053
-6.890679
-8.779060
-5.520690
-8.841164
-10.117583
-8.415836
-8.130334
-5.729319
-9.632457
-6.990892
-11.548243
-7.714872
-10.898702
-12.056650
-9.320355
-9.544830
-10.243261
-12.490982
-9.897849
-9.288365
-10.253907
-7.827901
-9.518468
-7.959899
-7.142811
-12.861320
-10.609075
-11.658061
-10.640858
-11.712800
-10.710252
-8.310770
-7.142488
-8.613180
-11.418270
-10.317489
-8.991451
-7.501304
-11.153920
-10.155376
-11.135597
-9.618509
-8.240079
-10.524564
-11.232399
-10.796856
-8.272627
-8.553294
-9.723577
-7.375009
-7.279692
-5.945148
-8.711853
-4.576474
-4.451886
-3.007210
-7.422004
-8.123849
-3.431035
-5.084050
-2.961850
-6.303294
-3.072163
-3.094687
-0.871781
-1.745857
-0.230386
-2.337104
-1.852705
-2.161242
0.839121
-3.612243
-1.451114
-0.717149
0.965538
1.863067
