-0.615711
2.448838
1.432411
0.616211
1.392314
1.319727
-0.382273
2.572823
3.848286
0.899823
4.467566
5.441684
2.922587
2.694703
5.879627
2.699277
6.299243
8.211354
7.440120
7.159890
4.677843
7.536071
4.876451
5.016549
6.910983
4.924864
6.220269
9.146622
9.706506
5.289396
9.412213
7.459227
8.232575
11.039804
11.512481
9.938065
9.289675
11.199609
8.495038
12.009036
8.001586
10.053516
8.858555
7.648724
6.914764
8.958412
12.797872
10.922565
9.849904
8.208516
10.256739
12.062787
8.151297
7.820593
11.257221
10.379667
12.406078
12.579385
10.937740
9.089240
12.396027
9.568750
7.021431
8.467782
8.129372
10.131627
8.901348
5.529547
9.546757
9.332397
5.457678
8.833229
6.651674
7.972233
8.115072
8.003685
9.181808
4.588493
4.725845
4.390804
7.533731
4.855881
7.059645
3.871394
4.324182
5.477731
5.569484
3.267332
3.529914
4.577913
3.967641
4.364351
0.989345
4.547685
-0.382537
4.231595
1.724423
-0.774934
-2.621652
0.634524
1.261260
-0.050124
-3.629512
-3.478625
-0.628558
-2.623102
-2.345532
-3.975549
-2.453699
-1.688245
-5.127805
-3.275607
-3.062886
-6.974223
-6.489741
-4.780610
-6.156509
-4.106770
-3.232362
-4.062687
-3.309266
-6.524903
-4.732702
-6.878055
-8.601996
-9.515711
-6.350425
-9.353848
-8.596325
-6.102435
-8.594400
-10.302763
-7.908850
-6.223990
-8.819435
-10.695368
-6.916118
-6.351408
-11.335553
-8.288214
-7.631115
-7.753176
-7.319241
-8.934481
-7.710420
-9.436312
-10.909003
-11.599890
-12.471934
-12.060414
-8.688362
-10.715623
-8.997734
-7.585028
-7.963519
-11.160158
-9.779470
-8.625355
-9.061669
-10.627277
-8.534440
-8.825113
-7.032189
-7.314245
-11.839749
-10.938465
-8.756429
-6.534334
-6.669318
-5.582210
-7.267277
-10.309887
-5.309453
-5.043702
-4.136033
-9.322649
-3.897722
-5.242383
-8.120745
-3.273110
-3.624114
-7.814868
-5.328526
-4.762884
-6.598490
-6.454397
-4.497225
-3.671212
-4.174658
-1.387255
-0.476104
-2.010539
-2.094502
-1.327991
-4.257220
-2.075492
1.446674
-2.077108
1.170832
-2.825690
