0.068830
0.509864
0.636676
-0.257388
2.222029
1.393115
-0.233808
1.355227
2.132018
2.666061
5.342294
3.537175
2.123175
3.453125
5.871197
6.586289
6.285029
6.055374
6.609320
4.656939
4.575741
3.712684
9.246713
5.524247
6.906245
4.435932
10.368526
5.562027
5.523205
6.137020
10.480070
11.279272
10.323698
10.220956
9.699980
10.363858
6.682869
10.004224
8.880158
9.048223
12.013026
8.667918
8.550024
11.989717
10.805715
12.612466
8.215818
11.350125
7.026242
12.842970
11.959135
7.674904
12.005853
9.946586
7.751759
7.399066
9.393231
10.719419
10.394690
11.286739
11.192004
8.969939
6.323684
8.694807
9.006937
6.421023
8.559877
5.790098
11.140525
5.952660
9.887051
5.895839
9.257644
8.134472
5.911809
6.076573
5.345468
4.541883
6.382653
3.523501
3.270251
6.888281
4.147121
2.426353
2.087722
3.259354
2.799283
6.265482
1.083071
3.875849
0.024145
4.429188
3.590023
1.186147
-1.238498
0.557778
3.844009
-1.282650
-2.101891
-0.176671
-0.608877
0.670316
0.608373
1.336616
-0.976884
-2.619622
-4.574216
-3.139210
-5.680698
-2.652646
-4.975144
-2.673656
-6.240950
-3.479333
-6.711954
-5.033110
-6.968520
-7.462058
-7.057116
-3.722759
-4.406944
-3.606119
-5.969187
-8.255852
-9.618267
-7.834707
-7.214478
-8.527379
-7.712498
-10.407387
-5.616809
-10.188658
-8.565555
-6.311200
-7.516718
-11.543945
-8.230872
-7.750006
-11.953871
-8.289815
-9.503392
-9.666559
-7.937778
-12.320328
-11.300906
-9.959863
-11.942918
-7.221811
-10.619342
-10.060458
-10.245273
-10.820431
-12.690713
-12.088888
-8.955789
-12.482787
-9.225924
-10.005967
-7.352909
-9.203219
-9.075301
-10.444992
-8.314061
-6.424362
-8.776238
-7.569856
-8.596128
-6.885040
-5.685326
-8.121826
-5.290388
-6.975439
-5.334589
-9.108099
-5.111998
-6.383806
-8.238296
-3.851081
-5.333626
-4.795611
-7.441743
-4.803496
-4.308231
-2.415842
-1.798471
-2.061871
-5.286794
-3.541216
-6.016308
-1.363882
-5.040255
-0.154170
-3.297745
-4.066183
-4.191934
1.361469
-2.370032
-3.506615
-2.946090
2.116226
