0.113213
3.592737
0.320232
0.623679
-1.404543
-0.477170
0.148880
0.310490
0.071185
1.830588
6.283038
4.749431
5.990320
4.480909
6.561898
2.504891
6.818254
8.244585
8.404439
7.521250
7.742067
8.926646
9.175056
7.979103
7.487506
5.227702
5.521237
5.998734
9.478399
6.268796
11.164164
5.900724
8.622184
7.727973
11.565919
7.470437
11.278065
6.703233
10.469893
9.571635
11.282720
7.765741
8.399889
11.891774
10.413576
8.599217
11.762568
12.557276
11.181935
8.559886
8.393682
9.187392
12.300491
6.966781
12.849420
11.265188
8.800125
8.386335
10.503216
11.838332
7.815387
6.760140
8.574041
6.412437
10.302013
10.419823
9.583519
9.189774
7.902216
10.021412
7.235225
10.516628
6.751794
8.979146
5.359069
6.037398
7.242531
8.524761
8.527236
5.014365
2.766478
2.987548
4.763490
6.551926
3.940210
6.124475
2.911811
3.461322
0.562453
4.603892
2.140057
4.514749
0.490763
2.193179
2.595770
-1.361692
0.458448
-1.281333
-0.541603
2.179872
1.960562
-3.019822
1.448363
-0.917452
-0.221526
-0.758104
-0.046535
-1.166762
-2.071752
-5.157025
-4.803983
-4.347902
-4.684261
-5.996064
-4.271704
-2.160051
-6.540683
-8.223328
-4.949895
-4.891688
-6.698368
-9.225779
-6.050029
-4.622192
-5.261422
-9.146082
-9.828906
-8.306091
-6.915422
-5.260088
-9.278831
-10.442895
-10.790096
-9.441546
-6.602181
-8.605285
-10.245347
-8.456286
-7.022829
-7.278434
-7.001972
-11.078391
-12.499520
-7.212682
-8.256475
-7.952187
-10.120610
-10.226908
-9.808185
-7.502878
-8.405646
-12.096598
-12.096278
-10.564672
-7.674730
-7.453875
-8.061971
-10.941633
-12.410541
-9.818558
-7.101598
-8.953788
-9.671555
-7.842511
-9.957100
-11.050317
-7.290790
-6.434155
-9.403016
-8.990347
-9.379043
-9.017005
-7.426463
-9.627817
-6.064478
-6.498186
-4.531908
-6.836581
-6.057255
-8.159913
-6.177916
-4.928960
-6.852443
-7.384933
-5.361488
-6.657419
-5.744074
-3.238942
-2.498679
-4.593770
-5.188374
0.208120
-4.606041
-3.316180
-1.370552
-2.977587
0.012985
1.647289
-2.146773
0.342433
