3.134803
2.883224
3.280501
0.181826
4.378768
4.063425
5.176336
4.225384
-0.093405
3.392486
1.446816
0.978511
2.822087
6.259318
5.572614
5.216606
2.566330
6.123813
7.820505
5.288454
5.098530
3.418604
8.993708
4.900909
9.455682
4.306729
9.564164
9.474362
5.421578
9.158656
10.039614
7.821814
6.329483
6.394326
11.796671
9.710541
7.829123
8.833730
8.136929
8.463272
7.958476
10.536989
8.270649
7.091005
12.207828
11.020608
9.879373
8.958712
10.925032
9.262216
11.157683
11.835440
9.902726
8.935982
7.692921
10.865188
9.201602
9.735234
7.990860
9.224928
11.658198
7.861854
8.445546
10.871691
11.759641
9.069607
8.832236
5.713897
8.101720
10.428423
9.624439
9.748562
9.589775
6.803064
4.798904
9.093469
7.049883
8.087403
5.692197
5.824424
7.765728
2.370967
2.628703
7.365721
6.401728
3.192634
6.334136
5.210789
4.652371
4.790970
4.225726
2.311827
3.156212
3.752164
0.826204
2.960549
3.342169
-0.570950
-0.627013
-1.100028
-1.277705
-3.142224
-1.141676
-0.718736
-3.116963
0.665572
-3.910725
-2.761293
-0.137771
-1.760715
-2.064489
-2.823953
-1.942211
-4.918809
-1.974032
-1.858230
-7.247615
-5.109234
-5.349396
-5.336342
-3.339910
-7.966337
-8.435109
-7.825007
-9.938333
-8.936415
-8.082761
-10.689265
-5.250504
-6.941914
-7.581598
-10.407155
-8.213470
-7.631730
-7.755930
-11.091408
-6.713061
-9.258678
-11.660163
-9.981316
-10.063485
-11.641159
-8.787561
-9.955307
-10.384798
-8.410019
-9.084566
-9.463557
-12.352269
-10.854504
-11.418089
-11.550582
-7.281211
-11.211518
-12.458103
-11.776689
-8.981253
-6.986565
-7.041256
-11.903393
-6.743721
-10.701499
-8.059374
-7.540002
-6.812734
-7.720472
-6.354816
-10.201457
-10.309937
-5.265769
-7.091357
-8.444723
-8.600286
-4.432116
-6.034629
-8.838748
-8.209248
-6.452795
-5.073439
-6.253840
-7.178478
-3.386987
-2.703236
-4.096950
-2.577844
-2.838520
-4.100484
-4.004052
-0.806683
-1.131608
-4.342548
-0.800855
-1.346478
-3.099176
-3.731765
0.758483
-1.732796
2.263647
-2.937970
1.229981
