0.422627
-0.787012
3.322863
2.361741
1.998341
3.687900
2.278719
2.379486
4.969313
5.348100
1.956916
6.008920
4.555773
6.653104
4.245819
4.215600
6.278756
5.220829
5.173447
3.482607
7.887315
9.015315
8.886907
6.775798
4.955515
9.670208
5.383744
6.703281
10.782829
7.244828
11.216719
10.509963
6.443704
10.694842
8.541407
9.577822
9.846860
9.672992
8.364950
11.037499
7.995163
10.406962
9.563273
9.708929
12.585303
6.977809
12.375369
10.855426
12.575935
11.835161
7.124626
7.022843
8.631707
11.183173
8.088925
9.375092
8.954356
12.295260
7.824847
8.870528
6.965278
10.666839
9.264973
7.907436
9.057212
7.723598
9.464873
7.901945
8.520853
9.407548
10.682382
7.710812
5.496389
5.554909
4.683853
7.257761
3.810456
7.340067
3.465009
8.719202
4.517218
2.400463
5.432216
4.094499
7.178823
4.539417
4.633299
1.243021
2.369202
2.456597
1.926706
4.597723
4.726638
4.313564
-0.645610
2.052789
0.203361
-0.045319
-1.674057
0.262817
-2.930822
0.960580
0.996578
-0.095636
1.195547
-3.798265
-5.062931
-1.901521
-1.120539
-0.259566
-6.156370
-1.894082
-6.225698
-6.278478
-7.461013
-5.847184
-4.831823
-4.970514
-6.798267
-5.221881
-5.227773
-3.453907
-7.727503
-3.983137
-8.907618
-8.833836
-6.728195
-9.781673
-6.031571
-6.106051
-10.878580
-6.542233
-7.123129
-8.240203
-11.710953
-11.831540
-11.420545
-8.183992
-9.006694
-10.949929
-10.451644
-11.442832
-10.347370
-7.766352
-11.158301
-9.449134
-11.182892
-12.950537
-12.204093
-12.451106
-7.951042
-7.542337
-9.807246
-12.258808
-8.960779
-7.353796
-8.367425
-11.407125
-12.098772
-9.377988
-8.358054
-11.464812
-9.796397
-11.734697
-9.621017
-8.980979
-8.216754
-5.807470
-6.777070
-5.772355
-6.493256
-10.037345
-9.362194
-5.570243
-5.151319
-7.977923
-5.778825
-3.785131
-5.059439
-8.360414
-3.625444
-3.376517
-5.891123
-4.739569
-7.371217
-6.285246
-1.608564
-3.539306
-1.962301
-2.352860
-4.329387
-0.627566
-1.882041
-2.383913
-1.126004
-0.331525
1.778032
-0.368409
-1.577679
-2.621594
