-0.646837
1.593394
-1.459684
0.208735
3.736391
-0.688996
0.234043
4.000481
5.133234
1.970750
4.215907
4.283445
2.035413
4.424909
1.661644
5.556162
3.549740
2.894482
3.397819
5.943098
5.818189
9.206203
8.682833
9.619383
9.449110
4.744911
7.465184
9.297735
5.193241
9.085256
7.292370
7.188904
10.754775
9.921157
11.483114
9.143362
10.936723
8.378290
11.369331
11.528031
10.627147
7.232643
8.546708
9.342518
10.383842
11.596232
8.329295
7.121599
12.692196
11.199365
10.947953
12.640556
8.506289
10.550255
12.821378
10.240686
11.406017
12.432071
11.266542
10.333309
11.265143
10.583657
9.898536
11.994665
6.138408
6.874397
5.787387
10.654548
5.522345
7.574537
5.627889
6.252821
6.109576
8.774185
8.336486
6.222645
6.674285
8.752174
4.772958
6.677139
6.408395
7.909989
7.960394
4.375395
1.834171
5.679203
2.374161
1.701574
3.717602
0.646354
1.510181
1.620802
-0.010701
4.536365
3.782617
-0.330015
1.843076
3.026487
3.009016
-1.767299
0.797578
-2.397991
0.603609
-1.393112
-2.863913
0.525813
-4.963293
-5.206258
-3.286440
-3.465436
-5.701856
-4.180429
-4.927842
-1.354079
-6.623110
-4.425284
-7.704121
-2.806187
-2.701751
-5.045639
-6.517047
-8.442190
-8.630763
-4.820412
-8.193395
-8.531312
-8.170430
-8.982880
-6.692258
-6.486563
-10.836731
-6.352347
-6.647379
-7.051545
-7.269866
-6.217155
-11.522263
-8.034661
-9.884624
-10.713930
-7.190627
-9.091101
-9.974793
-10.066448
-9.777156
-7.907228
-8.304579
-12.167337
-11.954849
-11.773071
-7.088647
-11.180019
-10.335279
-11.995912
-10.726988
-8.310383
-11.395881
-7.114320
-7.653376
-6.757500
-7.631602
-6.909546
-7.630384
-11.977375
-11.504782
-10.446169
-5.637748
-5.807974
-6.275128
-8.916405
-8.732679
-5.617361
-9.301479
-7.456932
-8.387650
-7.643642
-9.291320
-6.467510
-5.559557
-6.039067
-4.709971
-7.941974
-4.728893
-2.703044
-4.638900
-1.601502
-1.907673
-1.339009
-5.396320
-5.008747
-4.416279
-1.363353
-0.820632
0.148054
-2.872465
0.078240
-2.165152
1.554756
2.230568
0.944056
