2.923273
2.320710
-0.407386
2.308093
1.797138
3.372883
3.270837
4.712629
4.637863
4.385837
6.086923
2.594736
5.125505
4.994507
3.389258
4.543530
6.221682
7.948547
3.228647
4.596811
8.642705
3.962217
7.046635
7.017048
6.991449
9.680736
6.101706
6.876966
7.099756
8.481093
8.838980
6.086598
9.810681
8.081656
6.169368
7.976634
8.013978
9.696439
7.465692
9.057325
10.537476
8.935139
8.367196
10.031792
12.743528
8.232529
11.784631
9.711852
7.582262
8.099275
8.896236
12.320673
9.363999
7.899477
10.263226
8.885579
11.638627
9.141025
9.764497
11.596088
9.390939
8.830537
6.456519
11.538729
8.085891
8.725250
8.202375
7.728172
8.486975
10.611636
6.919721
4.984484
9.084828
4.585791
8.210374
6.907040
4.989426
6.099152
5.886749
4.909937
6.726097
5.301414
4.813776
4.833295
6.019976
1.782633
4.172377
2.122922
1.072833
1.294932
5.371727
0.531640
1.541563
3.807475
1.846362
-1.673119
-1.649936
0.918678
-2.642208
-1.717704
-2.197004
-3.552669
1.838245
-3.797272
-1.157236
-2.851492
0.370456
-5.286491
-4.636211
-4.112110
-2.673038
-3.920914
-3.383075
-3.551261
-3.492944
-5.242742
-4.039797
-3.717352
-7.175023
-5.994106
-6.697759
-7.637582
-8.599297
-7.851454
-9.662785
-8.645312
-4.835427
-8.992445
-9.367545
-6.412905
-5.438039
-8.196269
-10.191844
-6.086097
-7.579711
-6.988137
-8.330395
-12.081252
-6.556076
-11.059865
-11.828225
-11.796600
-9.617491
-10.146297
-10.095811
-7.976888
-11.414568
-7.030361
-11.763210
-7.073202
-11.502194
-8.638317
-9.507091
-9.554697
-11.428357
-9.241250
-7.709739
-12.146757
-9.451803
-12.443898
-11.668580
-9.797181
-8.867759
-9.689291
-8.593958
-6.441014
-9.406388
-8.441641
-9.786409
-8.519909
-10.294319
-9.142886
-5.531902
-8.699335
-5.130474
-4.286030
-5.531502
-5.223191
-4.906203
-5.496424
-3.513564
-4.601712
-5.768169
-3.329430
-4.757786
-3.161830
-3.481400
-5.224120
-3.020130
-1.462274
-2.445730
-2.124669
0.044388
-0.987602
-1.253512
-3.859680
-2.759651
1.811549
1.139232
2.941838
