1.596999
3.089868
2.707459
3.932254
3.283409
1.488269
-0.270336
0.395224
1.895913
4.488282
1.908686
4.288466
5.086815
1.381759
1.699598
7.329081
4.290234
4.198424
5.084778
8.253389
7.914112
8.040903
9.219648
7.467402
9.425644
5.237010
8.750205
8.486678
5.320740
9.618538
6.213027
8.787240
11.450095
7.003365
11.251013
8.008258
7.213794
8.294715
10.553805
7.145245
9.192092
10.582100
12.537651
7.556499
11.734555
12.592041
12.621329
12.328194
10.817643
10.033110
11.460220
7.548330
7.915216
8.410959
10.989845
10.542750
12.744393
10.073948
10.414510
10.402392
7.131895
6.551152
7.599089
8.291088
10.863231
6.338642
8.777242
9.518733
5.679340
6.396767
7.471881
5.656713
9.239112
10.115506
8.356001
9.737642
5.644002
5.307467
8.250731
4.589490
2.684460
3.589857
7.662149
4.141132
1.788491
4.704681
2.840603
5.356781
5.671304
4.812197
0.695475
4.104828
3.687730
2.854164
-0.289358
1.202895
0.836445
-0.956718
-2.469565
-0.357259
-0.199069
-1.271455
-3.508630
1.061380
0.961698
-4.043213
0.126818
-1.447670
-3.940629
-3.518661
-4.769686
-4.989861
-1.832891
-4.074626
-3.231236
-7.805970
-5.936032
-3.204181
-4.297801
-7.889399
-6.566504
-4.466136
-8.020824
-8.557692
-5.992696
-6.927985
-5.135363
-8.741136
-10.408360
-9.570248
-9.892660
-6.075461
-6.096157
-9.448993
-8.854623
-11.752351
-6.609488
-7.907534
-10.560200
-10.163029
-11.511790
-10.031380
-12.677476
-11.419558
-8.819652
-11.098178
-12.586926
-9.970425
-12.527462
-10.188198
-11.809649
-10.607835
-11.874559
-10.127800
-6.973700
-9.498269
-11.790957
-8.169045
-7.420914
-9.401421
-9.627478
-10.404514
-12.138979
-11.646303
-11.551613
-7.223931
-8.490897
-9.621739
-7.102466
-7.975338
-8.985396
-6.788624
-5.095521
-4.854399
-8.046171
-8.842023
-4.467465
-7.102393
-8.563554
-8.658608
-5.677498
-8.051687
-3.627303
-6.534874
-6.521096
-6.101781
-4.070017
-3.111091
-2.911690
-4.673941
-4.367696
-4.494364
-3.245697
-3.340593
-4.200614
-3.524587
0.293953
1.161695
2.210087
1.489090
