1.289126
2.841456
3.841787
-0.404425
2.847809
1.949868
3.561021
2.907897
0.375775
5.830058
5.662218
0.803910
5.636245
1.326034
6.629227
4.915064
2.737210
8.132475
7.261117
2.891149
4.408128
5.467278
8.851398
9.816301
5.278979
5.808296
8.908631
9.163962
7.075464
10.577305
5.453594
9.645063
6.399747
7.817886
10.534259
7.040466
10.022896
7.782827
7.181392
8.490284
11.340717
12.217064
10.840714
7.418889
7.614679
9.883710
9.288169
7.879494
12.749427
7.565617
7.888078
8.129996
7.675198
9.387949
7.922196
7.877149
7.750330
9.643442
7.182474
8.688814
8.555615
10.845262
11.782603
6.401028
6.678194
10.855904
10.723002
9.483330
7.158522
6.433215
9.677209
5.096008
4.926281
8.553817
4.888341
9.550916
9.134644
3.547765
4.687834
2.973692
5.384761
4.026449
5.220117
5.683022
5.770540
4.303863
1.344737
5.818474
6.344985
0.679649
4.817641
-0.305829
2.057333
-0.162614
0.409009
2.656262
2.183144
3.351701
-0.935462
-0.484220
1.438866
-0.491610
1.506431
-3.749033
1.032488
-1.094795
0.130997
0.082596
-0.693692
-1.468902
-5.014579
-2.515189
-6.964358
-2.358848
-6.181255
-7.460544
-5.797376
-2.607443
-3.772766
-3.858483
-7.354541
-9.045715
-8.001440
-5.149889
-6.130732
-5.527066
-8.199381
-7.966124
-9.012597
-7.273443
-6.637393
-10.118807
-10.957741
-9.499383
-5.912676
-6.893028
-10.315122
-9.353124
-9.301801
-10.276403
-10.535273
-7.315479
-10.040283
-10.282251
-10.526771
-8.667750
-7.529021
-12.832174
-11.482816
-8.042890
-9.924314
-10.677398
-7.319282
-9.010804
-11.805588
-11.922926
-7.169232
-10.347964
-6.804289
-8.919013
-12.363305
-9.405508
-7.622108
-7.093314
-7.742099
-7.095415
-8.733574
-10.833664
-9.881395
-6.847826
-5.038573
-6.665432
-6.421976
-7.283513
-4.878348
-5.567481
-5.779560
-6.586260
-8.741458
-6.267744
-5.065161
-3.142796
-2.404840
-7.574968
-6.209594
-3.633894
-6.262493
-3.455663
-1.976522
-1.767950
-2.010367
-2.339885
0.725621
-0.053723
-2.714281
-4.002674
0.221202
1.675908
2.646891
-2.370039
