-2.207905
-0.157307
0.816279
-1.683256
-0.585324
3.323261
2.472596
3.817501
0.335474
3.819038
4.952547
5.798368
5.192382
2.343033
3.027218
5.891626
6.041868
2.663364
5.207364
6.553209
4.187880
9.174471
8.929343
8.670475
9.281565
8.739955
9.300654
7.704455
5.587993
9.958863
10.797061
5.516607
8.833127
10.581202
10.580588
7.514294
10.520335
9.846169
6.914633
8.350391
9.867245
11.571419
12.342830
7.462217
9.497452
11.920144
9.558833
9.346271
9.776440
11.391870
9.442101
8.741797
12.533260
12.629221
10.877286
11.174177
7.473619
10.415143
7.598941
9.499492
9.677660
9.640683
6.705433
12.010004
7.203020
7.102578
9.315651
8.161078
7.086886
8.400429
6.556571
5.323363
9.704103
7.180381
7.312721
7.797068
6.304884
7.689515
5.881263
5.512918
4.276885
6.486962
7.914950
2.456629
7.251148
2.029685
3.699960
3.612867
2.387389
4.299083
2.566725
1.069184
2.927958
1.218858
-0.993054
-0.274856
0.746615
-2.166669
-0.544841
-2.049306
0.485878
1.689972
-2.186844
-1.157030
-4.445894
-2.735241
-2.464624
-5.173175
-5.563173
-1.685122
-2.234211
-1.282828
-5.097605
-2.106811
-6.723388
-4.137622
-4.174989
-5.300395
-8.021142
-8.353051
-5.489828
-5.733347
-4.909824
-4.809036
-9.969722
-7.926814
-4.702637
-10.292692
-6.787683
-9.951829
-7.690992
-6.617105
-8.023050
-8.571253
-6.053744
-11.208117
-8.398724
-9.895441
-9.714076
-9.520936
-9.010576
-9.214246
-11.085055
-11.947057
-9.499619
-7.828044
-9.657965
-8.982065
-12.737695
-12.098254
-12.923034
-9.598845
-10.524824
-12.102041
-11.509489
-11.083926
-7.746636
-7.418191
-7.600426
-11.627760
-8.782922
-10.071093
-7.684425
-7.439306
-6.640401
-5.947057
-10.746090
-6.459210
-11.104110
-6.157822
-10.475724
-8.980549
-7.077318
-6.050223
-9.503458
-6.755269
-5.457698
-4.415811
-7.178769
-7.294368
-3.643713
-3.511490
-4.733740
-6.072432
-5.679211
-6.789303
-2.436671
-1.621015
-2.951525
-3.392450
-0.800947
-0.612346
-0.286799
-1.450116
-0.931508
-2.891728
-3.247863
1.404627
-0.784763
-1.612600
