2.208085
-1.864862
3.269537
2.461895
-0.114700
2.464629
-0.585900
1.655237
0.219625
5.935325
5.293764
4.443970
3.128104
2.241286
3.541655
6.840078
3.066915
7.399520
4.830104
5.049729
8.428342
8.678403
7.023728
5.143091
6.003284
4.898661
4.989419
7.300216
5.156744
10.833680
6.923217
8.353660
8.631450
9.570680
6.582969
10.253932
7.814090
7.761891
9.178396
10.318875
11.853838
7.405205
12.487510
6.945841
8.078458
8.792448
12.479981
7.358394
9.510388
11.640338
11.501214
9.979028
7.242322
8.615593
10.809717
9.052774
6.894524
6.908539
11.417019
8.165411
6.791778
8.383377
6.519277
10.732515
9.694019
8.015622
8.005956
8.490136
6.907999
5.680818
8.937021
9.320880
5.362994
9.333112
9.373093
9.218014
6.998714
8.889666
3.468044
3.609661
8.424494
8.168809
2.759473
6.045600
2.333135
5.918016
4.064279
6.352650
5.094654
3.759804
5.224476
-0.433923
1.173109
-0.882565
4.031338
0.564562
2.519029
1.009743
-1.102226
0.143228
2.136081
-0.074259
-2.707840
-2.087478
-0.771100
-1.143533
-4.208142
-2.163986
-5.087496
-1.950614
-1.775961
-3.213092
-2.924358
-4.878279
-5.879014
-5.964284
-6.895776
-4.817535
-5.091452
-2.896723
-8.990700
-5.291446
-5.964629
-8.164495
-5.644258
-4.901334
-4.766827
-6.874647
-9.216015
-7.576202
-10.381810
-5.873286
-11.534998
-6.763862
-6.133093
-7.191322
-11.459310
-6.585568
-10.364562
-9.712973
-11.756834
-11.696933
-7.087717
-8.241816
-8.009477
-11.870121
-11.233408
-9.946416
-8.862833
-7.899164
-9.302088
-8.837059
-10.952501
-10.471624
-10.905049
-9.473082
-10.447329
-9.596767
-7.734675
-12.353258
-11.586049
-10.504873
-6.179037
-9.669938
-8.017236
-11.509324
-8.706420
-6.332288
-5.549104
-10.792842
-8.792210
-9.441986
-6.202720
-4.741134
-8.625072
-5.926551
-7.758397
-4.796337
-6.180460
-3.720313
-4.179336
-5.248772
-2.442922
-3.571791
-5.106638
-5.188248
-3.746722
-4.876042
-2.731289
-4.720303
-1.863631
-1.556826
-4.271550
-1.346355
-1.902386
-2.881808
0.100301
-1.339576
0.387553
-0.689842
