2.460448
2.508855
0.729915
1.635246
1.171419
1.240342
3.738923
0.518771
1.624919
4.662382
3.531155
4.882462
2.952728
6.031788
1.987910
5.553126
3.798019
3.722464
2.683976
4.148621
8.388621
5.288464
4.459379
9.366319
7.926484
5.704772
9.393299
8.672566
8.532368
6.980468
9.116537
6.041031
11.449917
10.951025
11.463504
9.744843
11.017982
6.446536
7.229191
7.431493
9.172223
7.610057
12.334600
8.097693
8.264063
12.055911
11.290388
9.237844
8.318068
9.154990
11.839236
12.318840
9.177017
8.522941
9.644928
12.317971
12.713506
6.885046
10.181732
9.819056
10.109963
9.472127
9.093915
7.274854
10.616454
10.110132
9.120627
7.933857
7.698321
7.910631
6.498934
6.741932
7.041919
6.079670
4.396438
3.859845
4.022383
6.056458
8.598849
8.408118
4.336604
5.006567
6.145847
4.539454
3.430278
1.417365
5.048076
5.626669
6.314739
2.711492
3.193829
4.665312
-0.355252
0.226643
0.403261
1.346339
-0.429552
0.960445
1.828728
-0.088361
1.045211
1.631836
-1.222502
-0.619913
-3.482924
-3.590062
0.304728
-4.541691
-4.998632
-3.679111
-2.782975
-1.557729
-4.035400
-4.629802
-4.599141
-7.292501
-3.819994
-2.915454
-2.944748
-5.772900
-3.129999
-9.345180
-9.262134
-3.846594
-4.677757
-5.320255
-8.221236
-5.354761
-5.565821
-10.374716
-5.891456
-7.179830
-7.301640
-6.708596
-8.111422
-9.506750
-8.781213
-9.393080
-12.204956
-11.504113
-9.086876
-10.345375
-12.183745
-10.232429
-7.709548
-9.657953
-10.462528
-12.161253
-8.695916
-10.849430
-12.423047
-10.258472
-9.372978
-11.970907
-8.625024
-10.628402
-12.298503
-7.064936
-7.109777
-7.855137
-9.570987
-8.563892
-8.423144
-8.309863
-10.325322
-11.629418
-9.705046
-6.659851
-10.910294
-8.812162
-6.113097
-7.144769
-8.258960
-4.590826
-6.802278
-8.577643
-6.982489
-4.211653
-6.692003
-8.053707
-8.065027
-4.356638
-4.815447
-3.703595
-7.169378
-1.862054
-2.155793
-2.303709
-2.014873
-5.811214
-3.685920
-0.436608
-4.315208
-2.664559
-2.743527
1.233650
-1.703629
-0.027790
-2.059680
-2.373937
