0.272314
2.356011
0.283933
3.714282
1.376153
-0.073630
1.546242
0.895374
0.078313
4.466404
4.893900
3.351456
5.143894
6.657700
5.852379
2.963115
2.311399
3.589719
5.201963
4.126904
7.740694
9.246659
3.679040
6.489251
8.625850
10.019131
9.405014
7.526348
5.653964
7.135767
6.274371
5.907487
9.726311
9.605920
6.703039
6.682303
6.771235
7.180024
8.378619
11.195126
11.845519
11.877477
9.600770
11.310066
10.834289
9.506990
9.085536
11.973616
8.803650
12.726669
12.256788
12.688291
8.710816
7.393471
8.326627
9.842697
7.233337
6.817497
7.407403
7.501327
10.773267
11.128026
8.832141
6.774812
7.031277
11.692896
10.813066
9.386198
8.191217
10.363855
6.787064
9.815191
6.138454
7.993558
8.623510
6.126102
7.835672
9.031579
4.603621
4.591321
3.014824
2.749813
5.525105
6.740519
6.802183
6.093548
4.118830
4.009117
3.525143
3.055062
3.276496
2.906799
2.356098
0.161382
0.510314
1.529634
2.417738
-1.537794
-1.212441
0.497561
0.397966
-3.329423
1.632196
-0.912440
-4.435995
-0.454513
-5.032219
-4.678084
-4.219573
-4.795161
-4.734681
-4.131232
-6.124946
-1.737442
-4.708817
-6.067573
-2.714420
-7.035967
-7.308187
-7.113442
-5.241176
-4.774591
-4.859338
-8.130961
-5.636962
-9.785320
-5.356416
-7.000806
-6.257377
-7.351555
-5.366592
-6.915083
-10.355521
-10.141788
-7.249417
-11.909237
-7.051462
-11.533873
-6.627580
-9.440786
-12.176374
-6.750608
-8.471213
-8.756136
-12.126258
-7.332479
-12.088067
-11.752457
-7.256645
-11.170584
-7.298339
-9.591777
-10.858546
-11.309828
-10.083485
-8.028399
-12.151935
-10.332747
-10.364987
-9.250155
-11.247303
-8.417132
-9.434014
-11.734205
-7.742215
-6.132956
-11.321525
-9.738904
-5.859021
-10.940582
-5.925154
-6.738605
-6.029848
-4.889923
-4.447802
-4.577448
-4.863899
-5.928433
-8.274576
-3.639515
-4.616604
-2.915754
-5.149310
-1.903484
-3.653611
-3.780507
-5.764173
-6.179832
-5.195148
-3.488587
-4.119062
0.117999
-0.788130
-1.549800
-2.398030
-2.372413
1.855327
2.250788
0.087555
-0.630628
