1.579708
-2.361925
2.991130
4.040268
4.415945
1.012852
3.791809
3.068327
2.113150
1.850745
3.336251
6.347058
5.973810
4.044424
5.484512
6.984396
7.655517
6.542639
3.665008
3.742931
3.689671
6.597912
6.204965
5.500450
9.168364
5.758810
6.121973
4.906958
5.051333
10.114735
7.917061
7.069083
10.908508
7.691770
8.327967
11.413249
11.245016
7.897547
9.959569
9.332103
11.369086
9.312836
7.115461
8.304456
8.831764
8.495644
11.569054
10.924570
8.437065
12.233118
11.844363
8.291134
8.986305
12.833719
8.312900
8.831523
11.628895
9.992298
8.896773
9.510694
7.497944
9.055775
8.100530
10.123868
10.260047
9.920151
10.705423
8.065228
8.015456
9.697889
9.291245
8.348402
8.255319
8.444373
9.647693
6.900614
3.739708
8.520490
5.787298
8.754029
6.019157
7.075503
2.833696
7.206503
4.571719
2.803896
5.100307
1.570153
2.855480
2.100276
3.572062
3.961343
4.616155
4.005458
-0.073920
4.174453
-0.190247
0.715829
0.685910
-0.792090
0.422745
1.525335
-2.915892
-2.152101
-0.084718
-2.604245
-3.610425
-4.581358
-2.226289
-2.232815
-5.694257
-1.788525
-1.930107
-2.421475
-5.626190
-5.856084
-6.568758
-5.379401
-5.021551
-5.872338
-6.861481
-5.839839
-4.968315
-7.788889
-8.161968
-5.890593
-6.932979
-9.963249
-10.186097
-8.196300
-5.393884
-6.664685
-5.625176
-7.489122
-11.165581
-7.587012
-8.737149
-10.771848
-7.813369
-8.925536
-11.254100
-7.131053
-11.297941
-8.592865
-8.655317
-8.180708
-10.522190
-7.550291
-8.433364
-10.723771
-10.961744
-7.883093
-9.033952
-7.644865
-11.025847
-6.988575
-6.970622
-11.694434
-8.114483
-7.215318
-10.327956
-8.602564
-8.896748
-11.696286
-6.031880
-7.203341
-9.787758
-6.957616
-9.093508
-7.846120
-7.417194
-8.038667
-8.472066
-7.445382
-5.537577
-9.658329
-8.777599
-3.437535
-4.734716
-7.772723
-6.510530
-4.763649
-8.035233
-4.374772
-4.152490
-2.111344
-5.626073
-6.449010
-3.139554
-3.406001
-5.113077
-2.101180
-0.108947
1.109575
-2.594405
-3.804759
-0.613548
-1.120763
0.052010
2.495562
