1.638316
1.978364
1.591822
0.987494
4.261697
2.555108
-0.166249
4.818435
2.412326
2.272467
3.186681
0.729861
3.477428
6.998429
4.597553
6.747826
7.887707
8.131489
3.397216
8.527105
3.727929
5.703750
6.379683
4.412479
7.929429
7.179477
8.295067
8.485230
5.110609
11.072784
7.144850
8.157159
7.071426
9.314677
7.096126
11.527169
10.978353
11.887326
10.708093
7.433601
10.650872
8.729770
10.211533
7.102261
9.135093
11.965571
8.541583
10.107800
11.919498
8.368775
7.441312
10.158996
11.873426
12.774265
9.023095
7.473941
11.650565
9.714726
8.734677
9.439274
10.726158
9.441825
9.221164
9.452285
11.164965
8.842149
9.012540
6.598662
6.910962
6.140145
9.671105
8.436138
8.040332
7.467721
7.805700
8.589852
7.581279
3.772464
7.635358
4.778515
4.216226
3.856838
5.804733
3.466668
4.157148
4.142138
1.531265
4.455154
2.931253
1.848248
2.622160
5.466823
3.128631
2.423858
2.222595
1.685455
-0.038684
0.859266
2.200366
2.763962
-1.025415
-0.399742
-2.779265
0.653345
-3.264711
-3.475085
-5.059534
0.347751
-3.795828
-0.150194
-5.205342
-3.323588
-6.625057
-2.661075
-6.312579
-2.642886
-2.234279
-3.782486
-7.618520
-5.497550
-6.559594
-7.250660
-9.298860
-4.026094
-4.449965
-6.257511
-7.433948
-9.665561
-5.877820
-6.108669
-10.072017
-9.692371
-9.332077
-10.423877
-9.468774
-8.039069
-11.201347
-11.854014
-8.267100
-9.684021
-7.347954
-8.565926
-11.555749
-7.643161
-9.968282
-12.891514
-7.479850
-12.069401
-7.798072
-8.658631
-7.660946
-9.076069
-6.980742
-11.048541
-10.284408
-8.189424
-12.572997
-11.961805
-7.795250
-9.355762
-11.232884
-10.479467
-7.330709
-11.422770
-10.477899
-9.069929
-6.817414
-8.216100
-9.851633
-7.261855
-7.117911
-8.659218
-5.879545
-4.711703
-9.456398
-8.545635
-5.539818
-4.035854
-7.772577
-6.929823
-6.851625
-6.145968
-5.953464
-4.439912
-5.681626
-1.398962
-6.944381
-2.969472
-4.157900
-5.805672
-1.647504
-1.268316
-1.412784
-3.646365
-0.089131
-2.540933
-2.293968
2.325477
-2.392226
2.150115
