-0.536491
-2.120361
2.624396
-1.602305
2.440550
-0.768147
4.575082
1.038857
2.917371
3.242575
5.210058
4.212882
5.770640
3.881286
5.026864
4.138202
7.464268
2.940319
5.269193
2.984962
6.538014
4.336849
6.557796
9.382907
8.251673
8.907051
9.483957
5.898188
5.239755
8.115749
11.018083
6.236812
8.287543
6.494191
9.790009
6.275537
6.868117
9.578888
9.505659
10.229743
10.909991
10.166093
6.873173
9.721790
9.823929
9.551080
11.880146
12.598618
10.940624
10.521298
9.748125
11.561114
10.033410
12.588631
12.829271
11.064462
7.492203
8.693691
11.331651
10.837161
6.613868
9.931529
6.789292
6.417564
10.384673
7.202027
6.366361
6.379454
10.112482
8.294526
8.176975
7.398645
9.321785
8.480124
9.530148
5.679775
8.264920
6.338886
6.066337
2.934191
7.231407
4.961503
6.965954
3.055181
2.451640
5.363882
6.662949
4.754383
3.863404
5.783925
4.354178
-0.362475
0.574524
-0.906462
1.130910
0.743298
2.132184
-2.326760
-1.731847
-0.239000
0.671053
2.328964
0.562800
-1.415800
-2.453656
-1.287477
-1.204696
-3.740376
-3.681342
-0.957521
-5.174111
-4.001754
-3.221183
-3.694916
-6.810671
-1.971002
-7.454236
-5.934826
-4.357540
-3.014804
-5.213268
-7.853418
-8.633179
-4.394206
-9.099130
-9.756697
-10.464101
-10.686052
-5.594122
-6.998675
-5.616116
-8.417870
-10.407886
-9.855100
-7.830436
-6.265729
-6.869971
-9.819947
-7.182691
-9.305142
-6.727280
-11.168197
-10.517401
-9.167003
-11.379242
-12.108323
-11.469495
-8.721354
-8.744092
-7.353126
-11.944540
-12.233990
-12.645582
-11.540242
-10.351966
-6.966536
-9.058345
-8.802736
-11.377247
-10.346819
-11.357901
-10.445602
-10.191852
-8.198230
-5.992939
-5.897054
-7.993454
-7.476718
-10.124782
-9.040833
-9.758726
-10.415828
-9.142387
-7.181815
-4.934591
-5.115737
-8.412410
-5.242036
-7.707514
-7.577019
-4.828032
-3.106889
-7.899988
-7.773398
-4.698817
-2.534676
-6.555324
-4.982297
-2.050638
-2.677340
-3.617338
-1.568171
-2.788220
-3.284538
-4.275452
-3.004295
-1.399478
-2.215567
2.340560
-0.223883
