0.451527
-1.381058
2.093689
2.926065
3.329720
0.196864
-0.189187
0.994073
0.355954
5.575374
1.111771
3.781919
3.877891
5.184978
6.459773
3.991470
5.974844
6.650340
6.299527
5.604127
4.621578
3.943539
5.507642
7.512334
8.938422
8.893054
5.155370
7.425385
6.937200
6.194781
10.186280
7.484485
8.675355
5.827717
8.916032
10.890553
6.345375
11.064176
9.301285
9.313737
7.984522
10.472071
9.097202
11.816901
10.954642
7.136551
10.744721
11.673064
10.734152
12.281786
11.796353
11.560968
11.641484
10.655193
12.428128
12.524269
9.027878
10.363098
12.569393
7.168594
10.888621
6.527430
7.851587
11.402558
10.630281
9.030408
9.126616
6.321767
5.969724
6.554926
10.657988
9.197505
7.219486
7.937272
5.299588
5.035035
7.609686
6.620585
3.410341
7.337446
5.325746
2.955494
4.795542
4.529907
4.811031
2.793972
1.601159
0.884605
5.818524
1.669984
3.141388
0.209210
3.380967
-0.259145
-0.243648
0.241253
0.410861
3.362562
0.616073
-1.430450
0.049098
0.459136
1.590354
-0.152333
0.439014
-0.702044
-0.889049
-0.906990
-4.252114
-3.823699
-6.363340
-2.093206
-2.091184
-4.806483
-1.936626
-4.140584
-3.200010
-5.717570
-2.904154
-6.671525
-4.651502
-7.906189
-7.935675
-5.233849
-9.963609
-9.287001
-9.678191
-6.620767
-8.212818
-9.244049
-8.339029
-10.429418
-9.059952
-8.979910
-10.844816
-8.955541
-9.724395
-6.620186
-12.007481
-11.645180
-9.975386
-9.525871
-7.483582
-9.123078
-11.864713
-10.106160
-12.183103
-11.981968
-9.388946
-11.281111
-9.181622
-11.853662
-10.933281
-12.472182
-6.898262
-10.745718
-11.126747
-10.390380
-11.395737
-11.595457
-9.446203
-11.513175
-11.140166
-10.949840
-10.584560
-10.335790
-9.191040
-6.449297
-5.383890
-8.318809
-10.093032
-8.559441
-4.575012
-6.614909
-8.628651
-8.957821
-6.202381
-6.657127
-8.530619
-2.985195
-7.941425
-4.875282
-7.260454
-2.811053
-2.216490
-3.767987
-4.753313
-3.408770
-3.197265
-3.475660
-5.539735
0.298897
-4.176535
0.169520
-4.466498
1.744525
-0.617046
-1.497042
-0.801487
1.044908
