-0.168506
-1.307686
0.732168
2.111522
2.566847
2.633108
2.920595
1.648772
2.797997
0.720365
2.486377
3.584494
5.781431
4.068524
3.980168
2.515316
2.431969
7.148065
3.786324
7.276859
8.969012
5.942404
4.669872
7.270704
10.070074
7.958083
10.198001
9.585689
9.929817
9.851041
5.939364
6.193625
9.630362
10.044057
11.798546
9.948601
8.712740
8.379132
8.281558
9.966630
9.333563
7.127792
11.191710
12.362776
12.140223
11.318212
7.068237
12.303370
7.087475
9.532457
7.155156
9.461290
7.762917
8.762809
6.904780
9.949633
7.720452
7.081985
7.357920
7.522976
9.981888
9.490184
8.826816
11.553246
7.459330
6.366086
9.906570
8.469674
10.242076
5.860998
8.545830
8.385770
4.851924
4.664714
4.965879
5.233211
7.147902
6.974064
5.875351
6.470666
5.548293
3.959732
5.364246
4.359775
5.576646
5.883518
2.195636
5.294216
1.509216
3.166967
5.572830
3.683113
2.461518
-0.992487
4.156845
3.014254
-1.107679
-1.594075
-2.617572
-1.517477
-0.567222
1.719249
1.697840
-4.205883
1.188693
-0.756898
-0.027082
0.493795
-5.519390
-4.603589
-3.133608
-6.358446
-5.592449
-1.652445
-1.541349
-5.293268
-3.869835
-2.684220
-7.555081
-8.229037
-5.267879
-4.055849
-5.890696
-6.999313
-5.463015
-7.876362
-6.801973
-5.585606
-9.947423
-6.515934
-9.827616
-8.148270
-8.444457
-8.028294
-7.915524
-9.257080
-6.797439
-10.715787
-9.885843
-10.762800
-8.201283
-11.841224
-8.594283
-8.133356
-7.431821
-8.677904
-12.077333
-8.524475
-8.628610
-9.246770
-10.430412
-8.476947
-8.831582
-12.020522
-10.037682
-10.252518
-8.280451
-10.260829
-10.588513
-7.788203
-7.602027
-9.882270
-7.205521
-6.164630
-7.801397
-8.705637
-11.256888
-8.777954
-5.915314
-10.242637
-10.423688
-5.077135
-9.908358
-9.385062
-6.750179
-4.059290
-5.050037
-4.002626
-5.764219
-6.301666
-3.906503
-2.972669
-5.983858
-2.223018
-5.084685
-6.896530
-2.335449
-1.329017
-3.820607
-3.800484
-2.614822
0.157344
-1.314747
0.684787
-0.370550
-0.219623
-0.395792
-3.083863
-0.958159
-0.056080
