0.293860
0.890502
3.126829
1.684701
-0.030466
0.372416
4.025661
5.054665
0.027743
3.371453
3.282087
4.128659
4.315677
4.505280
6.884381
2.789394
5.416996
6.476507
8.589855
3.703780
8.508224
4.243054
7.782416
9.486354
8.141184
9.575944
5.744257
5.286375
9.294782
8.054919
10.617600
6.210515
10.383664
7.495000
10.001358
8.374412
11.580698
9.422800
10.723935
7.420649
7.278823
9.106071
7.108114
10.958206
9.926922
12.051770
9.465890
9.952406
7.063578
9.662782
7.223721
8.343181
9.414840
9.115175
9.533122
8.045125
6.775648
9.821702
8.803691
11.714115
10.886831
6.765240
9.376655
7.072334
9.526611
7.166257
11.210165
7.815503
8.191036
6.333604
10.711292
8.417325
5.383898
5.732595
4.724737
4.725711
8.540035
8.390240
4.179419
4.366130
4.999843
4.927901
2.265046
6.819774
6.727894
1.576297
1.823636
3.816156
2.594266
0.243083
-0.027060
2.893746
1.421935
2.513460
2.265940
-1.485629
-0.148991
-0.646949
-0.045090
-1.092240
-2.831828
-0.716156
1.493304
-2.958920
-1.753457
-2.243006
-4.015602
0.045075
-0.996706
-0.299200
-5.913999
-5.294507
-6.222716
-6.540511
-7.472713
-5.494614
-6.089328
-6.541207
-3.040073
-4.390386
-5.863760
-5.492069
-7.642797
-8.827517
-6.090549
-8.047726
-9.470891
-5.427168
-7.207226
-6.932151
-10.986356
-6.153177
-7.947211
-8.326325
-8.394348
-6.159916
-10.130717
-10.736037
-6.841807
-10.535072
-8.231285
-7.553765
-12.663307
-7.943311
-7.685753
-7.945515
-7.590587
-7.391283
-10.197804
-10.590010
-8.184285
-7.270274
-8.687480
-7.150035
-7.798677
-9.536043
-10.487996
-7.742510
-6.870991
-10.259717
-7.369788
-7.857668
-9.243713
-10.276958
-7.066415
-8.686077
-5.771192
-11.150066
-10.445147
-7.320309
-5.066677
-5.946540
-7.917635
-9.196581
-5.283604
-6.258967
-3.916296
-7.383279
-5.633204
-5.663345
-5.959709
-7.043096
-2.742388
-5.465749
-3.218861
-6.599512
-2.035584
-6.006088
-2.334804
-0.359600
-0.572534
-1.239615
-1.947697
-4.417679
-2.975131
-2.156429
1.878554
-0.924105
-1.517640
1.927609
