1.285863
-1.782162
3.032084
2.467249
-1.063484
3.079336
0.100885
1.447725
3.236472
1.213394
2.583976
1.701447
3.747101
1.500817
7.305047
7.616493
7.265604
5.234715
3.635571
3.246946
9.042888
4.483454
7.117573
9.545023
9.350194
6.472981
8.975185
8.923510
6.820466
10.341419
7.279945
8.862155
7.334780
10.440258
9.738294
9.003387
7.779666
7.436180
9.453782
12.174870
11.652374
6.703263
12.367686
7.939475
10.466445
11.453861
7.871278
9.631462
12.761331
9.396800
7.649386
10.272151
6.961089
12.832795
9.310447
12.663696
9.667770
11.229830
8.087076
9.928874
9.649781
8.053221
6.237682
7.661370
8.443420
8.674259
10.801885
6.867433
7.529986
6.542810
7.115719
9.144063
7.715264
6.037798
5.395183
9.359284
4.070672
7.723542
6.475125
4.983285
5.630430
2.787824
6.199396
4.130663
6.573997
2.264227
5.348764
4.646322
6.345706
0.957567
4.401251
1.193226
2.480631
1.715345
3.184757
2.914900
2.197080
2.720124
0.684294
2.893600
-1.325404
-2.972263
-3.161547
-0.693566
-1.511021
-0.814958
-4.237960
-2.064192
-2.631771
-2.760333
-3.555382
-3.356539
-2.175796
-3.533323
-4.323050
-3.585679
-3.295372
-5.804219
-7.602628
-3.240866
-4.612592
-8.070641
-8.699719
-5.930390
-8.813431
-7.282010
-4.522359
-9.386041
-9.132543
-8.017915
-9.490590
-6.287132
-6.564063
-6.393481
-7.764789
-9.008670
-10.185979
-9.703550
-8.989578
-9.993821
-6.767473
-9.934036
-10.669834
-11.177050
-8.518605
-9.849207
-11.705573
-7.735873
-10.647710
-7.383822
-9.404169
-10.373055
-8.597718
-7.728572
-7.381215
-10.914915
-7.438831
-12.207001
-9.605561
-8.653600
-7.086224
-11.596389
-7.843729
-10.957378
-6.764304
-9.307204
-11.130451
-5.819803
-6.827434
-8.620704
-6.565210
-5.403616
-6.793361
-8.874953
-5.095400
-4.443853
-4.458339
-8.170055
-3.154812
-5.032403
-7.873734
-4.750998
-6.084641
-5.534474
-3.097399
-6.157000
-6.432569
-2.866015
-4.507329
-4.164997
0.144376
-0.121330
-1.904842
0.637180
-0.034900
-3.325985
-1.189072
-3.195738
2.384845
2.530157
