-0.787961
-2.184180
0.061883
-0.536203
-1.340238
1.729908
2.610713
0.760660
4.524095
2.266911
5.502550
3.085920
2.550108
2.983007
2.730241
4.407446
3.024810
4.965742
5.898104
3.488819
4.789579
6.537754
6.991944
5.755970
7.069325
5.487348
5.901460
5.882055
7.613659
5.439539
6.708436
5.979101
10.586856
8.297094
10.853358
11.543079
8.089345
11.645712
6.680193
12.416155
9.235996
9.819761
10.625235
10.964579
10.738147
7.115866
7.578197
11.981726
9.596676
8.556694
11.849171
10.095331
9.957931
9.879920
7.788086
10.452559
11.011476
11.147111
12.593290
10.544066
9.150551
11.644034
10.619388
6.172789
9.359363
8.443414
7.265813
8.572267
5.293785
7.635563
10.081731
8.463634
8.233275
6.357611
6.179802
8.451126
7.318906
8.053986
4.547768
5.940409
3.928697
6.106214
7.486474
3.255970
1.684338
3.141023
4.521241
5.138792
4.907613
3.836819
3.372983
2.720954
3.606490
3.069806
4.348148
0.187435
0.752558
-1.625187
0.511159
0.865036
-0.809400
0.044742
-3.709001
-0.814648
0.559780
0.282992
-0.362637
-2.102708
-3.514703
-5.564694
-3.195019
-6.452054
-1.925880
-6.802018
-3.003303
-4.527343
-5.118622
-6.810596
-8.234823
-3.098530
-6.167017
-8.761547
-3.888332
-8.606517
-7.631002
-7.463125
-7.380103
-5.753432
-5.219488
-5.650164
-9.725768
-11.042622
-6.071284
-9.893348
-7.636311
-8.072269
-9.273235
-11.347823
-8.091304
-6.919964
-11.219266
-9.170281
-11.863028
-11.119876
-9.410524
-12.284280
-10.278225
-10.489586
-9.167488
-8.658825
-8.657289
-11.629054
-9.616707
-10.082317
-11.509374
-10.993951
-11.609727
-8.697022
-11.519360
-8.898859
-11.803863
-10.765974
-9.189605
-11.623170
-7.138153
-9.498985
-9.909814
-8.629684
-7.586828
-9.921518
-8.385227
-9.391689
-6.589283
-6.218675
-6.037599
-7.265170
-7.781322
-7.830627
-3.240577
-8.616319
-7.394376
-3.428625
-2.204592
-2.102170
-4.515195
-3.103672
-2.570615
-6.538682
-2.000464
-3.909192
-0.576215
-4.187690
-2.418285
0.421303
-0.048283
-2.497269
-1.636825
-2.506430
0.801811
-2.963163
