-0.529203
2.673233
1.695809
-1.513120
0.712948
1.560208
4.153908
3.323781
3.067829
1.875853
2.063068
4.104672
3.064484
5.785616
1.903565
1.944634
4.486633
2.487485
5.171422
3.679128
7.234172
5.256174
3.926362
6.488874
7.845972
9.361035
7.154271
8.499353
7.115641
9.548032
5.857170
7.788347
10.080971
10.157848
11.052050
8.759984
11.043513
7.380275
8.686833
6.783807
9.221893
9.259790
9.707782
7.412644
9.113667
10.679160
10.850709
9.708418
10.506646
10.874222
10.532817
9.948321
10.940199
12.589820
8.185966
10.079763
9.935299
7.669221
8.357562
11.330262
10.313740
7.609545
9.530489
9.445289
9.152114
8.144576
5.837331
10.815158
5.474881
10.159102
9.799081
9.328059
5.758359
8.949162
9.528826
9.515886
9.228773
8.843980
5.618544
5.609373
7.154126
4.406966
6.844339
3.060328
2.964037
1.479354
1.086055
5.182768
5.158600
5.813551
2.143827
0.811594
3.878790
2.909411
0.450429
0.878626
3.932677
2.746853
-2.469824
-1.099464
1.709161
0.355997
1.108714
-1.597170
-3.251120
-0.567693
-1.460458
-5.288099
-1.278552
-5.010434
-6.033596
-2.123993
-6.253378
-1.423366
-6.874130
-5.149777
-3.864851
-3.582043
-6.883347
-2.971688
-7.309662
-5.717753
-5.297321
-7.101782
-8.784863
-7.362190
-10.066330
-7.452576
-9.337684
-5.884853
-10.504233
-8.868959
-10.021834
-10.947624
-11.602828
-11.666773
-7.376019
-11.316464
-11.787004
-10.751286
-9.108682
-11.119421
-11.190589
-9.817588
-7.349337
-10.912606
-11.835535
-10.361183
-10.358408
-12.132422
-9.764807
-12.832463
-8.835354
-11.535962
-12.747064
-11.714324
-8.861174
-8.825758
-8.502496
-7.207526
-10.378693
-9.036565
-7.859590
-7.266439
-9.220649
-7.664893
-6.437294
-8.137031
-5.290327
-6.776973
-7.583619
-8.686450
-4.866051
-5.864648
-4.880828
-6.060944
-7.993297
-8.143990
-4.918987
-5.508430
-8.071025
-5.253092
-5.823417
-1.979242
-6.929677
-5.599229
-6.628631
-6.532411
-5.221293
-1.311103
-4.024546
-2.459624
-2.789934
-4.344275
-3.273403
-3.257483
0.058034
-2.465645
-3.120034
2.920648
