2.496098
-1.242346
2.061921
0.567311
1.421606
-0.180988
0.297104
0.457543
5.550451
0.366932
1.356412
2.035360
5.293065
5.636377
6.977485
2.982830
6.942596
3.973384
4.236914
5.488667
7.952506
5.039053
6.077032
7.475504
4.316203
9.252320
6.693585
6.634074
4.950230
6.029419
8.832408
11.078530
11.143151
9.268618
9.974600
6.277634
7.934522
6.596076
8.050669
9.670671
7.941471
8.922181
12.019103
7.776843
7.355836
11.650997
9.407024
10.600798
12.368189
12.204385
8.458891
10.727737
12.906787
7.393425
7.252282
11.606017
9.057057
9.638757
8.465731
8.853259
10.981090
10.136957
6.378979
6.130558
11.562988
5.943872
6.295847
6.563424
8.420916
9.390150
6.757301
6.855425
6.016539
8.101570
8.763352
9.226665
8.150625
8.018877
4.593921
4.551206
2.800112
5.868480
7.229770
4.770016
5.355134
4.932726
2.829210
5.766753
1.527563
3.170331
2.530926
3.964132
4.068332
3.657064
2.324403
2.225248
-0.842359
2.637358
-1.837118
-2.164451
0.795191
-2.365181
-3.854684
-0.686522
-2.850044
0.276780
0.562842
-1.450053
-4.440701
-0.385701
-5.306069
-5.893280
-4.614012
-3.652362
-3.659932
-5.023739
-7.788560
-6.918521
-3.890988
-3.622284
-7.018489
-5.344730
-5.365336
-6.523035
-9.453233
-4.710034
-9.584421
-8.947083
-6.389843
-10.323246
-11.096737
-10.361598
-5.789316
-9.861421
-9.106422
-8.688794
-11.792235
-10.160649
-7.800960
-12.029240
-8.951588
-9.556611
-12.407744
-10.453058
-6.966695
-12.154031
-11.061738
-8.819641
-7.637214
-7.891840
-9.971375
-10.109513
-12.175771
-9.082524
-11.740783
-10.093184
-7.218549
-9.547434
-9.478075
-8.838487
-10.989146
-9.845068
-10.247588
-7.617970
-7.534552
-11.293016
-6.234180
-6.728040
-9.073904
-10.293628
-7.791195
-9.467188
-5.148306
-6.246338
-5.578001
-7.769097
-8.276683
-6.035994
-5.238519
-3.542195
-4.344592
-5.360254
-2.371669
-7.560133
-6.345484
-2.859274
-4.873047
-3.682901
-4.907261
-0.527837
-5.147539
-5.415246
-0.342847
-4.360364
-0.860636
-2.573290
-1.951340
-1.122018
1.658951
0.943817
