2.409837
-1.111579
3.251359
-1.138086
2.196736
3.789893
0.602614
1.208312
3.815595
2.375698
1.981416
5.691180
3.571318
7.175831
6.888939
3.302874
4.232808
5.183048
5.608092
3.201926
7.913317
5.971665
5.237929
6.650685
4.180369
4.994305
7.843123
9.765750
9.865974
7.215232
8.090119
11.376031
10.762354
6.194891
7.532381
7.661134
9.504545
9.501189
11.351419
9.277975
11.305254
10.419995
12.372617
9.820783
7.310081
9.438503
9.333426
8.784153
7.514336
7.678354
10.458727
8.941070
10.216404
10.713169
9.190250
9.865391
7.896902
11.545800
10.971865
11.660892
7.633289
11.684271
11.439233
9.348647
6.539371
6.588064
5.846281
7.639920
8.575145
7.656688
6.632987
9.781292
7.967352
6.874352
7.884395
9.154301
5.807429
8.176318
3.830764
3.167491
3.722704
6.219327
5.977912
6.611643
2.664197
4.266634
3.137566
2.558327
4.591922
5.071159
1.301501
2.008676
-0.425928
0.715227
-0.463912
4.089031
-1.223951
-0.348067
-1.561258
2.839365
0.932306
-3.346739
0.782766
-2.190978
-1.245129
-3.979663
-4.091033
-0.587921
-5.281582
-4.970354
-4.431844
-1.548820
-5.671798
-5.117767
-2.190562
-7.164243
-5.528595
-5.335504
-4.596370
-7.723035
-5.782861
-8.825456
-5.459892
-6.721089
-9.352701
-9.416486
-10.418706
-10.621786
-5.404987
-11.075065
-8.097862
-10.110383
-8.761568
-9.456669
-7.001784
-11.544890
-11.162067
-9.697346
-10.490457
-6.617700
-10.730331
-7.845697
-12.693231
-11.850612
-9.845946
-11.312828
-12.016620
-10.481510
-11.966828
-9.516946
-8.368799
-8.103270
-11.059883
-7.169050
-12.139214
-7.585969
-7.054044
-10.623056
-10.292637
-9.358722
-9.037975
-7.743141
-9.058301
-8.339535
-10.740537
-7.333116
-5.989163
-6.618749
-8.179547
-9.071805
-8.041294
-9.838277
-10.435637
-8.103639
-8.710226
-8.936380
-5.945652
-6.600131
-8.129352
-3.716048
-8.213163
-6.524976
-3.206129
-3.166144
-1.634841
-4.875923
-2.117862
-6.487896
-5.542766
-2.966873
-3.630296
-4.504193
-2.869073
-2.631888
-1.448601
-1.455722
1.097716
1.666350
2.125741
-2.973972
