0.897580
0.409382
1.380423
-1.217769
0.540572
-1.112841
-0.535699
0.437430
1.446668
3.133145
3.969385
4.171444
6.521705
3.157393
4.207061
1.943678
6.980078
3.007942
4.047115
6.504069
5.340581
9.197815
9.457929
7.120735
9.238384
8.535114
5.983393
9.948588
8.174999
7.948397
11.221884
11.238088
9.826275
10.346045
9.013591
6.763557
7.732967
11.527629
6.606765
8.811901
11.550405
11.744567
12.095225
10.519768
10.643267
9.719400
11.337227
11.081772
11.059929
7.147298
8.493808
12.752415
8.340949
10.881570
6.973176
11.285994
12.507850
9.360903
10.098493
10.491731
9.766212
12.113380
11.719162
7.296360
11.472488
9.097269
5.763143
11.344415
8.639322
6.023114
6.332916
8.736928
7.726574
6.732585
8.458902
9.081886
4.192816
8.129286
9.120757
3.002482
8.164207
5.566103
7.060391
7.626054
5.106679
4.803980
6.202267
4.380815
6.148043
1.633431
0.394025
0.977834
4.412612
4.554973
1.348499
-0.785619
-1.859172
2.871455
-0.318430
-2.419926
-1.045767
0.775525
-0.988096
-2.183275
1.057003
-2.475142
-0.872238
0.482394
-2.106666
-4.712064
-5.306942
-5.758624
-3.481581
-4.470239
-1.797419
-1.964577
-3.866046
-6.049944
-7.045817
-7.852844
-7.995783
-9.323381
-6.530491
-7.333449
-4.260453
-9.509652
-8.473307
-5.402322
-9.143972
-6.232145
-9.505448
-8.672354
-9.004250
-11.072645
-10.001545
-6.713363
-10.443723
-11.752229
-10.272823
-7.172597
-7.127874
-9.923467
-7.977893
-8.702438
-10.171746
-11.102406
-8.156854
-10.656695
-9.785182
-11.136471
-12.009185
-8.711162
-8.850013
-8.455022
-9.887672
-7.289373
-7.564460
-12.247454
-9.526995
-11.855453
-11.766660
-10.265961
-9.952039
-10.014989
-6.426886
-9.903299
-6.195088
-10.955396
-10.292684
-9.587156
-8.585766
-5.835064
-9.925341
-7.519722
-8.208723
-4.046057
-9.018186
-5.583694
-4.883031
-6.993838
-8.532680
-6.880932
-7.285932
-6.574272
-7.402903
-6.587656
-2.303928
-3.559166
-5.258856
-5.960535
-1.982051
0.256930
-5.114602
-0.242959
0.273766
-4.044847
-2.142317
-2.339141
0.708559
2.675578
