-1.276683
0.971142
3.299498
1.338072
4.432742
0.548477
3.653078
3.464554
5.782557
0.315484
4.157746
3.240823
2.802541
6.346951
5.551454
3.153512
4.021607
7.408623
8.138122
4.070954
7.536693
7.880329
6.237286
6.451018
8.797639
6.024662
8.783305
9.395004
9.251790
6.088552
9.574123
10.779865
6.295150
9.746551
7.723020
9.169762
11.262830
11.149918
8.406223
7.026233
10.074871
8.152293
6.765433
8.276335
8.709168
9.711891
9.680935
7.670241
8.124308
8.680897
12.927634
9.704113
11.703123
7.136771
12.682465
10.128832
9.106257
6.845868
6.801027
11.652053
11.523507
10.275860
11.793071
11.707172
8.365015
8.640138
8.044159
7.213590
5.975588
11.000129
5.304475
4.948641
7.480270
4.864939
6.646111
8.524406
4.851802
4.218472
6.567594
6.955330
5.723621
4.644253
7.325777
6.771110
2.475360
6.747134
1.269790
4.168134
0.854560
2.675932
0.290839
0.575947
1.840706
2.052492
2.248294
-0.501988
2.880119
3.076937
0.594671
-2.309130
2.220148
-0.297081
0.923812
0.943378
-2.643698
-4.097148
0.021258
0.135485
-1.790324
-4.230198
-5.085185
-6.156124
-6.871661
-1.975872
-6.623480
-5.808833
-3.786440
-4.040248
-2.694185
-6.306156
-8.976931
-5.316757
-6.464105
-4.732532
-7.550913
-7.336097
-7.952587
-6.428379
-5.365560
-7.685249
-5.594450
-6.786446
-8.000077
-6.773675
-11.477298
-8.097270
-9.633447
-10.781086
-8.139055
-9.132847
-11.940217
-9.797551
-11.179588
-10.252414
-11.681833
-7.910094
-8.065363
-7.739384
-10.662513
-9.285999
-12.250070
-8.592878
-7.545665
-8.696981
-10.818022
-7.211921
-8.347370
-7.316947
-12.255192
-10.965387
-11.117423
-12.013768
-8.465014
-8.524008
-7.994561
-10.813551
-7.884846
-5.987409
-8.430262
-8.839417
-10.508161
-8.495312
-4.696768
-8.778006
-5.771879
-6.325829
-6.123449
-4.730631
-6.839299
-7.961693
-7.059696
-2.979279
-5.797367
-3.982967
-2.876442
-4.555037
-3.990969
-4.712076
-1.709197
-3.002705
-3.917901
-4.181677
-4.426151
-3.264701
-3.140225
-1.205656
0.022826
-3.554005
-2.716487
-2.130261
