-1.943490
2.016561
1.249208
0.902265
2.260971
3.699663
1.044708
3.676796
-0.138951
4.563207
4.247469
4.578567
5.317531
3.258863
7.397991
5.041241
4.809747
8.041814
7.195624
4.407239
6.330930
7.668601
6.102157
6.078284
6.552997
5.757554
5.519693
8.763713
6.526294
10.886239
10.832886
5.608228
11.449731
7.930579
6.280408
6.561180
7.827821
8.334123
8.757648
12.333131
11.379016
11.852969
10.160448
7.264092
9.227960
8.728387
10.424557
10.484209
10.056947
9.662418
7.284996
8.830920
8.831371
12.045840
12.472218
9.746329
6.864820
9.243161
10.388344
8.843771
11.845199
9.029208
6.664055
6.876327
8.077695
9.453331
11.590838
6.034816
9.931111
6.331289
8.702639
6.138388
9.451747
9.449797
4.180842
5.797536
9.174042
6.355671
6.950830
8.491669
4.143444
7.071632
2.293976
4.073170
2.704771
3.553617
2.672087
5.201819
2.162266
4.761034
0.248852
4.185430
4.371468
0.891616
2.121325
-0.125854
0.059118
2.757444
2.322356
2.895650
0.330041
-0.601713
0.741534
-1.285681
-3.407283
1.066333
0.398177
-2.574971
-4.564584
-1.622130
-2.623484
-2.339691
-3.513674
-2.008894
-6.952715
-1.884799
-4.880986
-5.201524
-6.422698
-7.059851
-3.744806
-7.157397
-8.496138
-7.353471
-4.114945
-6.225053
-7.746746
-8.835934
-6.041004
-10.068690
-9.993985
-5.485872
-11.551781
-11.296291
-11.791914
-7.848456
-11.499112
-6.628150
-12.239665
-8.042304
-7.147070
-11.282034
-8.376277
-7.585424
-6.978397
-7.040781
-12.078048
-11.234039
-10.459604
-7.263413
-7.230179
-10.164377
-10.746926
-8.597213
-11.431603
-10.862496
-6.872456
-8.311552
-6.784699
-9.626867
-7.555937
-9.271687
-10.255864
-11.794844
-9.073055
-8.754434
-10.972986
-9.870326
-7.848563
-7.689267
-9.629844
-8.391912
-4.654406
-9.490029
-6.385704
-6.832968
-4.576566
-5.237480
-5.650090
-5.375182
-4.962884
-2.609684
-7.907543
-6.211549
-5.627136
-5.093211
-4.207186
-0.914524
-4.838450
-0.716034
-2.322669
-1.273994
-2.743250
-4.289855
-2.977089
1.535505
-1.095459
-2.863263
-2.842598
-2.103169
