-2.441680
-2.269165
2.768205
-0.558755
0.504470
4.729529
3.439399
-0.043379
3.822091
3.595111
4.894470
3.447048
4.952890
1.258548
2.705148
5.960139
6.755744
7.139205
7.140987
5.985449
6.202749
3.910216
6.214350
5.291543
6.653807
5.963749
7.276346
9.510052
8.253178
8.434907
8.737105
10.236283
8.574259
8.578579
11.076817
6.546472
7.697923
10.333869
10.205146
9.414543
9.707874
7.884783
9.643709
12.415703
10.992730
9.628741
9.901929
8.412458
8.238116
8.271723
11.869433
9.030279
8.925827
12.635478
7.388477
12.275013
10.224282
10.638349
9.962565
11.048572
9.511162
7.544338
6.422649
10.222720
9.586403
9.414416
6.817477
6.977123
6.057220
6.210874
9.673486
6.655169
6.848981
7.920720
5.246755
8.450102
4.149771
5.842511
7.536152
7.148012
7.427376
3.386632
6.097757
7.539293
4.959528
5.248631
5.004732
5.821571
2.615951
2.224212
5.738677
-0.315975
2.483823
4.637388
-0.858891
0.580634
-1.275895
3.086530
-0.558999
-1.290383
-2.668794
-3.075271
-3.165897
1.131409
-4.199626
-2.373288
-3.196075
-2.214138
-0.960955
-0.663062
-6.267017
-5.512296
-1.710033
-2.761184
-4.047456
-2.510247
-6.897578
-4.038416
-8.309406
-4.993673
-3.582836
-3.673195
-4.566661
-6.352266
-9.298385
-7.888371
-8.536137
-5.156175
-6.005514
-9.319636
-5.915310
-10.264763
-8.058335
-6.612319
-7.247696
-7.827201
-7.303669
-7.480060
-10.123997
-9.808296
-10.050355
-10.261813
-10.108036
-11.608394
-9.288948
-10.191137
-7.059191
-10.950806
-12.054625
-12.241946
-6.995939
-11.204212
-9.178943
-12.183234
-7.648666
-9.013547
-11.777780
-8.765398
-7.245179
-9.879039
-11.098056
-6.311762
-11.804855
-12.013166
-7.605890
-5.943022
-10.371057
-9.191341
-7.502952
-10.426538
-10.461712
-10.214699
-8.270987
-8.575295
-4.383970
-5.540706
-4.302862
-4.766756
-6.700055
-8.085360
-7.044180
-6.791402
-6.148400
-2.044328
-7.197308
-1.478511
-1.970285
-4.521406
-4.486153
-4.244917
-2.487538
-4.195940
-1.607149
-3.283420
0.997167
-0.774145
-3.250704
2.289465
1.473369
-0.124548
