1.102220
1.136609
1.871325
3.239392
0.041299
1.801834
4.983099
4.612094
2.386361
4.674727
6.259800
3.409762
2.062756
4.008369
7.066810
6.596644
2.376881
3.089592
5.479820
3.302328
8.944860
6.796544
6.682679
4.864741
8.674021
9.758802
8.681068
6.760922
5.505252
10.851075
9.333219
6.284668
7.975058
8.611589
10.877046
8.127901
12.039345
8.281444
11.096657
8.258048
10.602140
10.837029
8.461310
10.717741
12.618352
7.803452
10.540152
12.574597
12.630333
11.398730
9.114871
10.415005
10.731090
12.057294
8.198301
7.674084
12.539285
8.101481
9.786316
11.748807
11.299720
8.290577
9.124481
9.854859
8.763390
11.233565
7.064381
11.353899
10.473399
7.814004
7.399397
5.859807
7.620966
7.255398
6.632109
9.162634
6.602008
4.441488
5.890484
3.600538
3.496963
3.519176
4.610826
6.165665
1.577887
5.604079
1.854022
2.225332
0.991310
5.076774
3.824014
0.004818
3.687464
3.542225
1.525858
3.585381
2.373445
0.590038
0.868024
-2.446467
1.168032
-0.595757
-2.344399
0.143291
-3.257466
-3.421473
-1.344726
-2.517330
-4.662737
-0.576295
-5.619434
-4.334411
-4.249454
-2.785507
-5.924128
-6.138251
-5.861158
-5.002336
-4.260317
-7.813488
-5.308614
-7.008236
-3.881630
-4.515678
-6.440694
-8.325832
-6.328327
-8.959088
-6.143838
-8.714527
-8.115383
-11.253003
-6.138666
-10.613487
-7.350327
-9.294003
-11.001715
-12.115313
-7.659231
-10.598701
-10.885554
-9.301484
-7.068021
-8.233503
-7.222967
-10.336248
-12.110156
-9.491338
-9.219022
-9.417439
-9.847909
-12.937139
-11.396383
-7.866163
-10.051235
-11.290212
-7.535997
-11.646203
-10.915336
-7.499734
-10.519200
-7.600773
-7.309525
-7.100457
-11.055934
-11.367249
-10.312414
-9.156661
-11.100568
-11.085448
-6.989632
-10.153993
-9.862415
-5.017537
-7.765022
-5.313515
-4.536292
-5.930583
-7.817985
-3.270928
-2.731192
-4.227861
-7.668725
-3.574344
-5.307272
-2.462134
-1.935820
-5.684402
-3.339735
-5.252629
-2.553694
-3.719364
0.590044
-1.343830
-1.169006
-2.660239
0.644739
0.061133
1.971302
-2.019589
