-1.171773
0.739346
2.017870
1.615603
-0.884047
0.401081
5.041735
2.987889
3.252564
1.608365
4.965148
6.065527
5.114759
4.773666
6.901699
2.291710
2.892733
4.374977
6.683176
8.847780
3.664340
3.570781
7.492776
8.275879
7.910551
7.705752
6.778616
5.725848
8.203926
10.689960
8.158244
9.105797
11.509490
10.537601
9.736922
8.879072
11.969051
9.961062
9.894983
10.058546
7.485761
7.018202
12.001837
9.576784
8.929948
10.880636
12.189404
9.140945
11.342732
11.197236
9.311859
9.289385
7.399775
12.305257
9.287017
10.793715
9.939136
8.579883
8.557799
9.507866
7.975127
10.760922
9.696733
7.153876
9.420910
11.707883
11.126871
5.482982
9.749352
10.007286
8.026256
7.029125
5.435078
7.576407
10.044471
7.316111
5.817101
7.795101
7.957918
7.463977
5.444760
5.291402
3.414384
2.025891
1.739625
3.088772
2.803398
5.859963
2.777786
5.829549
3.375673
0.051394
3.087243
-0.148520
1.894224
0.672672
2.157813
1.182770
-1.222783
2.429110
-2.571995
-0.593367
-0.146595
0.713695
-0.529649
-3.564394
-3.679227
-5.339398
-3.976045
-3.934998
-2.678267
-3.233492
-2.321190
-5.220811
-5.155378
-4.898142
-2.628784
-4.598132
-7.889364
-7.934032
-5.023709
-7.805518
-5.299079
-4.055643
-5.391745
-8.300833
-6.692714
-10.360579
-10.524947
-7.203211
-11.176796
-8.306641
-5.870738
-9.306431
-6.485421
-8.704966
-8.326708
-9.758318
-10.435901
-6.758627
-9.485242
-7.762539
-7.791082
-9.794850
-9.314580
-11.555458
-8.777635
-7.672946
-10.486430
-8.068139
-10.801526
-12.355929
-7.799430
-7.761795
-10.403943
-10.042467
-8.984860
-7.240760
-8.747650
-10.306586
-9.858070
-7.824553
-11.469520
-11.921477
-8.366456
-6.013188
-8.360603
-7.439397
-10.701944
-6.211096
-8.404713
-10.408235
-6.864812
-7.550335
-4.511016
-5.306500
-8.649516
-8.784148
-4.060727
-3.439199
-3.473499
-7.465685
-7.579941
-3.245774
-5.572052
-2.705402
-6.217626
-2.246849
-5.367959
-0.288766
0.050507
-0.739549
0.068102
-4.167863
-2.765244
-3.937639
0.003613
0.129109
0.847386
-1.828400
