-0.286346
-0.808116
1.823944
1.635574
2.550986
4.643961
1.441364
3.939481
4.941664
0.856999
2.621371
6.125270
2.660622
3.290789
5.230054
4.509537
2.261648
4.723097
6.263002
4.586825
8.732851
5.530523
8.970322
7.394688
8.745229
4.588512
7.318277
8.631698
7.052392
8.336005
10.908317
8.434861
10.508998
10.325439
10.498009
8.390201
6.492530
7.277651
6.780057
10.884465
11.781337
10.598787
11.771388
9.396715
9.625668
8.515245
11.389999
8.781477
7.029926
10.205349
10.346397
10.121902
10.997204
11.106315
7.748812
12.151178
7.347708
10.866544
12.165306
9.929411
7.635206
11.819256
10.751300
6.249069
8.948998
11.757822
10.675574
9.355263
7.587053
5.419308
5.925648
6.128596
6.278297
8.542149
8.387765
7.433450
4.143556
4.114261
6.125635
3.913263
7.929235
5.679546
5.572742
6.013734
4.239904
6.975240
5.590146
3.186035
0.602210
2.648091
3.379706
1.313830
2.831836
3.254026
-1.257015
-0.280514
1.063748
2.919944
2.016373
-0.108099
0.098205
0.012595
-0.170447
-3.558044
-3.155546
-1.773206
-3.552527
-3.371995
-2.641205
-1.085479
-4.508219
-1.593635
-5.644090
-6.879907
-3.095544
-5.070267
-4.281638
-5.361803
-4.873688
-3.269695
-6.326217
-5.325849
-7.061825
-7.728156
-4.606789
-9.079922
-6.642008
-10.383066
-7.271971
-9.966371
-9.971752
-9.631278
-5.839998
-10.382016
-6.755374
-7.234618
-10.520033
-8.302296
-7.369303
-7.142875
-8.321314
-10.654325
-7.432584
-10.063519
-8.723047
-12.387071
-10.554646
-8.209788
-8.587088
-12.705866
-12.534084
-12.848291
-11.840973
-10.870778
-12.090645
-11.553011
-8.613761
-7.032183
-11.287751
-11.392092
-11.301085
-6.944978
-7.500370
-10.243194
-9.263291
-7.496146
-10.885469
-6.839840
-10.413515
-7.235392
-10.451746
-5.324224
-6.326247
-9.832570
-9.562004
-6.166971
-5.122166
-4.458333
-3.489949
-8.003662
-6.868228
-6.688772
-2.574184
-5.222133
-1.833050
-4.586080
-3.356397
-1.462561
-2.430505
-5.032810
-5.388623
-2.870619
-3.088549
-3.073120
0.977698
0.197721
-1.346249
1.976107
0.433835
-0.067572
