2.073355
3.440819
-0.730097
1.617773
1.937301
0.518582
2.797950
0.657263
4.358653
1.127174
1.634109
5.745688
4.694414
2.196860
4.795161
3.507917
5.977054
6.997022
5.392790
5.978470
6.485842
5.972224
8.316542
6.233233
8.501258
8.789984
6.628829
10.652817
10.266025
6.798518
8.340810
5.501000
7.488235
8.816605
8.440694
9.799920
6.995501
11.347410
8.851579
10.952371
12.393076
10.055694
12.217238
12.362809
9.526456
8.805392
9.677730
7.109937
9.329297
7.164789
9.769383
10.455586
10.920594
7.046381
9.519926
7.274217
11.287021
9.767389
10.015131
8.966978
9.342954
6.987034
10.338414
6.175554
6.592234
8.475131
8.167189
7.746379
10.417722
11.072332
10.578729
7.191260
5.279858
9.005267
7.281583
8.350069
9.456128
4.726730
7.080730
8.431268
6.136164
3.458036
8.079654
2.070008
2.344707
6.365769
5.307568
1.256311
4.014410
4.569141
3.807437
1.623252
2.159356
4.004921
2.801040
-1.517446
1.001340
1.569965
1.054741
-1.435498
-1.140336
-2.462011
-3.745084
-1.933917
0.864125
0.733912
-2.969621
-0.816380
-1.795858
-1.981715
-3.656530
-6.286168
-4.316837
-6.148036
-7.295406
-6.084257
-6.446022
-3.618802
-7.772981
-6.274799
-5.235894
-4.196478
-4.563348
-7.237344
-4.229123
-10.207464
-9.216752
-5.807072
-9.747288
-9.859677
-11.246648
-10.680088
-10.093182
-10.017361
-8.906169
-11.222845
-11.612018
-9.769384
-10.020198
-6.541760
-6.997020
-6.972324
-8.434137
-7.472534
-12.363547
-8.283990
-12.105990
-8.239448
-10.146436
-12.622336
-9.222848
-10.154977
-11.199311
-8.187645
-10.091244
-7.865440
-8.583411
-12.377934
-8.573847
-10.962253
-9.105229
-9.738297
-7.797366
-10.990329
-5.953914
-11.617398
-5.751096
-8.740101
-9.670744
-11.080459
-7.553865
-8.582888
-8.597546
-4.630441
-7.412788
-8.409377
-7.126842
-3.693000
-5.860735
-3.789909
-4.497733
-5.617013
-5.672586
-7.189869
-5.066974
-6.709245
-6.332898
-5.029693
-4.981143
-1.591861
-0.717699
-1.843574
-4.644639
-3.254288
-4.468211
-0.868247
-3.555801
-0.688626
-2.694284
-0.528867
