-0.272343
0.606857
3.331268
1.049864
-0.205132
-0.543270
3.773792
2.982499
3.081397
4.887070
3.188960
3.964923
5.144557
6.479314
6.315802
6.739348
5.540605
4.753380
8.182187
3.943584
5.949513
7.187890
6.546014
7.820413
9.064334
5.808979
4.786634
6.921147
6.263172
9.852889
9.906097
7.250942
6.338135
9.114533
9.321651
10.961438
11.259964
7.237406
9.863274
8.160501
8.452216
6.950687
7.670433
10.609018
12.263045
8.935918
7.178226
8.708236
12.837174
9.573752
8.269187
7.024146
11.831592
11.769264
11.022348
10.018276
12.638872
12.446057
9.974397
10.368884
9.347697
6.331147
6.450063
11.717377
11.234940
11.710873
8.276274
10.009556
7.758413
9.554949
5.296676
7.752182
6.074533
8.773178
5.040524
7.439638
4.646132
5.767140
8.237125
5.675290
8.212337
3.165712
4.329187
1.978065
3.198539
5.304251
1.102314
3.951299
5.519149
3.658034
3.956587
4.608419
4.896588
1.066722
1.955793
2.853688
1.908852
1.032038
-1.264296
0.496656
-0.848855
-1.190727
-3.173081
-0.298876
-0.426105
-1.030826
-2.507845
-2.840629
-3.845899
-5.765953
-2.007497
-2.389243
-2.136316
-6.071060
-2.116349
-2.920136
-2.099012
-4.778945
-3.899105
-4.107046
-6.561239
-5.485570
-6.733696
-6.915163
-7.253760
-6.248842
-4.663115
-4.757287
-5.987388
-8.824808
-9.382362
-8.193903
-10.747714
-9.346760
-10.290502
-11.049008
-11.063367
-8.551887
-9.384809
-7.570698
-11.471287
-12.121726
-8.662564
-11.821616
-11.669115
-7.834026
-8.452934
-8.980692
-7.711323
-7.207247
-10.458456
-11.556743
-11.622695
-8.211808
-7.560648
-10.074765
-8.822510
-12.009857
-8.781891
-6.826100
-7.150751
-9.507779
-6.205438
-9.318957
-9.230716
-10.661371
-9.804449
-5.820839
-11.100217
-9.097372
-7.789456
-8.917632
-8.812861
-5.764230
-7.050918
-8.847780
-5.429797
-7.831992
-3.936234
-8.873792
-6.106137
-3.985091
-3.196337
-5.787960
-2.411771
-6.073549
-2.233037
-2.476002
-5.381688
-0.546443
-4.371489
-4.752370
-0.669274
-1.373835
0.713762
0.983844
-3.453215
-2.154695
0.178157
-0.465467
