0.216447
-1.634501
0.738457
-0.311852
3.230633
0.263176
4.379694
1.215474
0.596363
2.547336
6.134123
0.986316
6.819660
2.259923
5.391224
2.171728
5.557680
6.587018
2.862296
6.233188
3.449213
8.016830
9.252953
6.846809
6.811394
8.928338
5.415396
5.725465
7.325673
5.649283
5.894342
6.113014
5.903095
9.555080
10.337540
11.321863
7.787562
9.703013
6.662313
11.938256
10.566008
11.994530
12.388417
11.808728
7.280236
10.763270
12.565571
12.247014
9.534809
11.642269
7.367204
9.085390
9.859047
7.646119
11.411411
7.146663
12.011288
8.508856
7.227305
11.221912
7.797252
9.742024
6.318354
7.901690
11.799355
9.416381
9.385209
9.241333
10.080153
7.605844
10.613034
4.747909
8.096184
5.741800
6.006077
8.329876
6.083098
3.645070
3.963359
5.770269
7.147730
7.634252
3.310810
4.416561
4.623264
1.446078
6.409419
4.640228
5.375004
4.316391
1.545046
5.059139
3.937336
0.914136
-0.152537
0.903631
1.387462
0.885909
2.790224
-1.229963
-3.123875
-3.264939
-3.940117
-0.202674
-3.016058
-0.479156
0.409824
-4.960993
-4.291612
-2.904834
-2.022871
-4.023048
-1.425669
-5.125987
-6.023949
-2.631940
-6.624552
-3.386895
-6.864642
-5.508605
-8.379469
-5.431950
-5.029678
-7.594097
-9.919979
-8.335107
-6.825408
-8.276824
-10.489073
-9.493019
-8.946934
-10.011927
-9.180336
-5.819713
-8.870478
-6.337306
-10.564360
-10.628757
-7.703168
-9.229432
-8.998216
-12.637721
-8.136971
-7.857011
-9.009418
-10.400047
-12.599779
-9.277841
-9.137331
-8.010849
-10.066500
-10.255056
-12.817568
-8.399396
-10.219152
-10.903675
-8.507971
-12.028961
-11.538197
-7.782458
-7.686078
-10.676850
-6.637851
-6.771441
-6.764918
-10.492029
-6.701807
-8.666803
-9.846184
-9.650780
-9.452586
-8.376926
-10.296248
-6.198248
-9.084276
-4.614065
-9.485294
-8.767910
-6.086753
-6.263179
-7.119623
-6.840283
-6.585789
-5.642115
-2.297786
-7.252109
-1.423328
-2.875597
-1.190517
-3.867101
0.100021
-1.783459
-3.060797
-4.295494
-1.729137
-2.501789
-0.380162
0.227936
-1.743825
-1.487993
