2.403188
1.631176
-0.580086
2.011257
0.884382
2.195892
0.364215
-0.024813
3.420803
1.661671
3.178405
6.102236
6.851781
5.704901
1.694003
5.619265
6.673842
2.424509
5.303655
8.442581
8.811434
4.818970
6.445764
9.773704
9.276510
6.047821
5.552978
8.996447
7.331667
6.142584
10.850117
8.529693
9.958526
10.283844
10.170012
9.799855
9.215621
8.584315
10.951100
10.444103
8.632600
10.525882
11.098967
9.789310
10.511938
7.271389
8.858410
9.182796
10.766906
9.411514
10.023178
12.820654
9.927350
8.192209
9.639038
11.751818
8.769008
11.709649
12.108462
9.326057
10.208813
11.492005
10.806851
9.087125
8.978671
8.325078
9.716535
10.521675
8.285725
5.736430
5.084466
9.834696
7.260592
7.958937
5.773423
7.120816
8.846151
6.882346
4.741745
6.005090
7.888128
4.156976
4.053009
2.792649
3.791989
6.063033
1.194035
1.225113
2.756245
5.057888
1.801629
-0.180594
2.792798
3.074167
4.135408
2.605859
1.226292
-1.955273
-0.421991
1.250804
-2.793721
0.638023
-1.424751
-0.920891
-4.065660
0.997455
-1.695721
-2.309848
-5.716865
-1.585382
-3.688440
-4.743575
-6.581910
-7.014903
-4.222677
-3.467578
-6.077851
-4.456686
-4.426896
-3.121016
-6.504833
-7.043941
-5.627499
-5.145377
-6.814157
-7.143098
-7.489400
-4.953938
-8.372316
-9.305527
-9.437452
-5.912342
-9.643724
-7.217834
-6.310334
-8.627648
-11.988364
-7.998803
-9.070647
-9.244303
-7.529001
-11.834295
-11.796667
-10.304573
-11.129344
-7.770382
-7.875400
-12.659562
-12.699766
-7.463353
-8.405003
-10.401693
-7.210825
-8.229204
-12.373132
-8.368556
-8.060704
-9.139530
-9.823650
-9.429565
-9.831395
-11.388079
-11.863120
-11.983057
-10.812116
-6.944436
-5.709739
-5.828804
-7.912451
-5.615146
-9.235427
-9.702148
-9.163439
-5.823770
-8.573470
-5.677615
-3.742048
-4.776421
-7.459967
-8.868430
-7.299452
-5.493019
-5.129156
-5.677131
-1.581695
-6.638908
-4.552357
-2.467385
-5.793251
-5.829762
-1.140062
-5.173233
-0.553946
0.722901
-0.923592
-2.428127
-0.029032
-1.422157
-0.620823
2.960982
