-1.242610
-2.061774
3.193024
3.964843
1.812655
3.422583
0.997479
1.471706
4.104218
2.081214
5.291736
1.102474
6.777975
5.333306
6.285375
4.096682
3.888746
6.009309
4.949717
7.379620
4.008551
4.405048
6.840488
4.204055
8.407963
7.882182
10.203438
5.842867
9.483101
10.913229
11.138616
7.321285
11.097812
10.368988
6.553058
10.455071
6.386007
11.651165
6.660965
9.103665
9.251811
11.458474
11.481877
10.084062
12.312724
7.784836
10.306278
12.637718
12.836101
9.494587
7.532573
10.791805
11.253671
11.358982
11.134173
7.543532
10.283765
12.056656
8.079727
11.220417
10.265649
9.290276
11.506783
9.937776
6.245778
9.903706
10.557939
7.901766
5.312515
7.347176
5.557971
6.480577
5.769183
5.062434
4.829728
9.517850
5.960351
4.848737
8.962973
6.070925
3.616602
4.333236
2.655246
2.424788
5.163856
4.817010
6.654338
2.461673
3.238662
4.834807
0.788852
2.093313
2.608493
2.917012
0.594535
2.011822
-1.135326
-0.951083
0.479193
-0.520869
-2.708791
-1.875813
-3.450265
-0.484331
0.757035
0.587822
-3.154944
-5.011043
-0.258793
-1.654509
-2.246202
-3.645013
-3.565844
-4.207839
-3.298505
-5.227245
-3.693972
-3.394766
-8.470391
-4.333309
-6.801385
-6.566683
-5.727684
-9.578370
-8.990585
-6.078442
-10.364868
-9.063952
-7.670291
-7.626502
-7.736824
-6.692967
-7.758545
-6.466835
-6.865898
-6.527885
-6.931221
-11.865023
-6.551378
-6.674770
-10.667970
-8.178695
-8.353427
-12.635602
-10.525195
-9.849115
-11.160426
-8.567688
-8.374897
-8.270701
-9.273827
-10.804055
-11.611759
-8.159781
-11.717723
-10.239238
-12.432596
-6.750274
-11.336343
-7.233247
-6.982217
-7.928072
-7.084412
-10.412151
-9.848081
-7.906376
-8.823354
-9.081043
-10.527132
-5.387289
-8.846158
-5.352294
-5.272749
-5.194235
-6.152471
-7.169507
-5.345861
-6.047522
-3.538184
-5.004962
-7.410081
-5.193291
-3.284972
-2.172824
-5.875996
-4.854815
-5.894533
-1.487026
-2.731140
-4.286194
-4.491591
-0.071027
-1.673707
-4.037580
-3.634776
-0.843811
-0.602610
-2.007864
0.994640
-2.390078
