1.714387
-2.056813
1.843976
0.474379
1.119399
-0.704987
2.258602
3.435842
0.937866
4.597594
2.071880
3.324913
1.734433
2.845578
1.719278
3.858095
4.231473
7.477854
6.726270
6.538633
7.676064
6.577271
8.248437
5.465655
7.094701
9.259199
5.219883
5.428921
9.684751
8.364746
7.797931
10.005390
10.416289
9.040586
7.690863
9.592201
9.725752
11.818233
10.664681
7.225607
7.619443
7.065185
11.613444
9.023442
12.449656
9.826265
11.158738
9.713354
7.575483
11.394043
11.008043
11.317988
7.833248
8.151028
11.235082
12.578296
10.127360
10.266483
7.835901
8.957470
12.405460
10.931623
7.483943
11.347378
9.970514
8.183546
10.988759
6.888290
10.773065
8.469893
10.808482
10.566092
8.368111
7.112163
9.480447
8.692796
7.131151
6.045843
4.484619
4.858080
5.201496
7.074679
4.418833
3.633663
5.030575
4.672029
3.622729
4.196926
5.889205
2.154314
1.618222
1.317091
4.722743
4.643180
3.417969
0.584695
-1.980473
-0.280681
0.388516
-2.908007
1.319334
-0.617855
1.695897
0.591317
-4.005416
-3.459339
-0.665553
-1.607872
0.086735
-5.189917
-3.726143
-2.875177
-3.782513
-6.412465
-2.446536
-6.830986
-2.166633
-2.486809
-5.190112
-8.398561
-9.010190
-7.730802
-5.968158
-6.624343
-7.695371
-7.657774
-6.598002
-6.873444
-9.700177
-8.428562
-10.716325
-6.184728
-5.752553
-8.106933
-11.189942
-8.849981
-8.007486
-8.923441
-6.752164
-6.650842
-6.775374
-9.007114
-7.210388
-8.967736
-7.074962
-12.200392
-7.221671
-11.734795
-11.377238
-12.776865
-9.622066
-12.222320
-9.430837
-11.904402
-9.539205
-8.183290
-9.223457
-9.781716
-11.792779
-7.062151
-8.294388
-9.671066
-9.933574
-11.373574
-10.655939
-7.629456
-5.695133
-7.227883
-7.996275
-10.005208
-9.892125
-4.714686
-8.684567
-4.852250
-7.063965
-7.454083
-6.726443
-4.346582
-6.252215
-7.676769
-4.278037
-2.611218
-7.997377
-6.445565
-7.074854
-4.856036
-2.282507
-5.824600
-0.893665
-1.956100
-1.999836
-4.745160
-4.215106
-1.091229
-4.407667
-1.592476
0.882748
1.841979
-2.005670
-0.351206
