-1.256847
1.261912
3.537350
2.700563
1.784681
3.515124
1.368268
3.293414
5.386706
5.672698
5.012658
4.436756
4.052871
6.484346
3.595050
6.756831
6.283383
6.470423
3.536011
8.528710
3.576706
6.566561
7.053484
7.661857
7.928099
10.103970
5.652541
4.975583
8.552477
10.712643
8.362855
6.934072
9.386174
6.070411
6.212045
7.609377
10.926078
11.559173
9.943053
11.554828
8.403145
10.958507
9.726655
11.437234
11.341004
9.670553
9.665165
12.492954
9.112942
11.041722
7.110120
9.007440
8.816224
11.711466
7.481289
8.611823
10.562741
11.935278
11.001777
9.670887
8.733520
10.312030
6.800373
8.845242
11.661617
6.799070
7.791786
8.058268
9.994072
6.220056
10.582443
10.478209
4.919084
7.403869
6.359057
6.642456
6.603235
4.859189
4.811130
7.698426
3.705971
5.694803
7.261439
4.067510
1.955801
3.785738
3.342464
3.093253
1.001121
1.542029
3.467894
4.497860
2.620254
0.516125
-1.268225
0.301210
-1.836243
3.602720
1.415003
0.171421
-0.596770
1.288111
-3.353662
-4.023646
0.074347
-3.369650
0.307563
-2.735097
-5.528491
-0.433283
-2.244593
-5.928161
-6.482824
-5.832706
-1.976826
-7.646055
-7.809240
-4.371241
-7.625568
-7.728866
-8.664242
-5.856469
-9.345424
-7.407265
-9.077912
-5.971730
-8.730895
-6.963730
-7.016634
-8.022253
-6.982957
-9.576055
-6.215857
-7.325893
-8.756746
-11.809005
-9.071391
-10.119451
-9.628578
-9.199759
-7.316357
-8.682815
-7.553704
-10.406938
-12.470403
-7.889372
-10.842832
-7.512867
-8.350654
-10.135700
-12.957968
-10.706261
-12.604452
-9.558628
-11.738873
-11.075965
-12.416198
-7.546842
-12.576546
-8.867355
-8.226909
-6.719118
-10.658696
-10.968396
-11.705680
-6.510168
-10.184731
-6.927194
-11.263643
-8.022209
-9.632909
-5.885550
-8.809467
-7.276505
-8.598152
-9.137991
-6.388959
-8.564081
-7.845725
-3.173120
-4.105941
-2.557179
-4.624094
-6.476676
-3.635064
-5.090577
-1.633334
-3.138375
-5.440761
-4.337003
-4.131989
-3.852164
-1.236883
-2.621658
-2.023193
-1.710472
0.385762
-0.727142
-2.272820
1.582852
