-2.275930
2.984176
3.763602
0.103273
-0.021034
4.288769
0.687384
4.665060
-0.209901
2.748557
1.414024
1.932191
2.856172
4.607156
3.745195
4.859072
7.251101
7.052016
6.706528
7.990247
5.885785
4.835269
4.431626
6.655646
8.762025
4.975338
6.974597
7.877939
6.658827
5.454699
7.819753
5.630199
6.356898
9.315424
11.751966
9.156414
10.072464
10.409462
10.297532
6.872576
9.141635
8.138403
10.081713
10.390718
7.053671
12.656531
8.020895
8.943547
10.013655
11.837322
8.974635
11.433164
11.811140
12.760543
11.480218
7.804594
10.834547
10.824817
11.452292
8.029428
6.512966
9.503985
7.541277
9.666136
10.984078
9.168437
9.675680
6.907899
6.466386
5.494474
7.875674
9.899086
8.488861
4.886673
6.361950
6.240237
5.437323
5.336900
4.783234
8.781571
6.506315
3.314222
2.746174
3.062884
2.422207
2.389189
4.779885
6.547744
1.378043
3.165783
4.584671
0.103350
1.772165
3.666136
1.227214
2.100605
2.097800
3.163303
-2.338048
-2.514233
-0.484956
0.778479
-1.238197
-3.261652
-3.095129
-1.108443
-5.031045
-5.183215
-2.827947
-2.458818
-1.342837
-1.283607
-4.029677
-3.409415
-2.273841
-2.986163
-2.775993
-6.168711
-3.842485
-4.243836
-4.780741
-3.453334
-5.207048
-8.978579
-5.827812
-10.014151
-9.431111
-5.358178
-6.430711
-7.110607
-6.300584
-8.076400
-8.857547
-6.610819
-5.966209
-8.834051
-11.367109
-9.173224
-10.960508
-12.215773
-10.776357
-8.452133
-8.371444
-10.924451
-6.942272
-9.399259
-11.804847
-9.410430
-10.033336
-9.246617
-12.120257
-12.208632
-9.317530
-7.287410
-11.618393
-8.167945
-10.678867
-9.864226
-7.796233
-9.283630
-11.282941
-7.594496
-6.940125
-7.684611
-10.155416
-6.217331
-6.811871
-11.426095
-8.276361
-6.960245
-6.986799
-9.944068
-5.110789
-8.018783
-8.073885
-7.169812
-4.459656
-7.641722
-4.247916
-6.459797
-3.291740
-5.145205
-4.890613
-2.452904
-3.001480
-5.036467
-6.618894
-2.860307
-5.452196
-2.910521
-3.948567
-0.997892
-1.655770
-2.188073
-4.202976
-0.769905
-2.237158
-0.588099
1.558496
1.628685
