1.765782
-0.383109
3.881744
0.227701
-1.167738
2.145549
4.463193
4.106935
5.640800
4.879994
6.116040
3.580149
1.082722
1.361967
5.994992
2.768419
5.740101
3.884476
5.357625
3.375053
3.373073
6.385485
4.353879
7.245720
6.441975
9.042879
6.022246
9.174153
5.256379
7.557204
6.136852
8.680939
9.471362
6.658705
11.644550
8.717064
10.880966
9.216625
9.931766
7.968471
8.302654
8.136484
8.835435
8.013646
9.751943
11.688173
7.941349
10.096949
10.681483
12.402620
10.035381
7.692543
10.164637
8.222535
12.246732
12.353034
7.099984
6.687487
10.837931
8.464209
11.875221
11.572590
11.630712
8.586477
11.186565
7.612563
11.416318
8.871492
5.375480
5.959795
5.228119
8.109661
7.076641
6.821765
7.106665
7.092503
7.922669
6.151686
8.798522
8.232490
3.530318
7.654046
5.552809
5.104417
3.230866
3.658044
2.640628
6.267032
0.868593
0.756550
2.180525
1.917915
1.217157
2.234584
4.447494
0.263923
3.819427
-1.606555
2.651371
1.726026
-2.582396
1.133960
-3.233900
-0.878033
-1.220562
-3.694074
-1.751596
-1.847413
-4.848947
-5.811505
-0.936529
-3.492661
-2.838744
-6.049322
-4.235194
-7.322805
-4.955256
-6.803199
-4.142388
-6.603481
-5.882621
-4.806693
-4.325427
-8.094274
-4.085770
-5.556190
-9.480528
-5.910698
-9.041326
-9.604843
-5.540096
-10.097265
-10.725853
-10.192335
-11.469322
-11.634216
-6.882662
-8.654085
-10.152239
-8.905929
-9.184009
-11.510743
-12.534279
-10.889318
-11.539381
-11.617854
-12.543948
-11.809025
-9.503899
-12.068703
-11.077400
-8.110471
-7.152667
-8.039951
-9.456527
-6.841456
-11.051724
-10.635873
-7.451174
-10.247549
-9.764407
-9.843224
-10.908139
-10.086864
-10.464587
-6.692539
-11.121166
-6.062011
-7.659539
-8.710072
-6.982107
-5.459213
-4.702664
-5.143198
-6.484868
-9.240339
-5.922309
-6.739102
-3.728412
-6.921366
-8.572583
-5.341305
-6.446875
-5.255443
-6.215511
-2.375901
-4.275121
-1.787473
-3.878480
-1.473115
-4.091137
-3.609079
-4.788240
-2.589581
-3.346261
0.364399
-2.774822
-2.123154
1.032591
-1.275241
